1111010111100111111100110000001101101011011110111111100001001000100110110111101111011111110101100101
1100100000111100101111011100011010111111000001001111100100110011010001110101101000010001111101001001
1011110100110001111011110011110000110010001000101011001111110110100110101101111100110000100000101111
1011111011110001110010011001011110000001101111000110010001000100111101011010001110100101111100010111
1010000110100101111100001001101111011101100110000111101101101000100110110110111100100111001110101001
0010110110111101110110101011110010000101011011011111001110001100011000011101001001111111100101101101
1000010111100000100110101011001001111101110001101000100010110101001110000110010000010001011011000000
0110100110001001001001000010000110101010110101011001101000110100111101010100000001100000011000111001
1010001010111111111111000101000011010000111011010100011110111001100000100011100010010001010010111111
0101101110101111100000000000010010001010100010100100011000000101001111100110010111111000110000000100
1001100010100111111011001110011111110001101001100011100101001101110111101111111000111111100010000000
0100010100000110000100101011000111000000110110100100011010001010110010110011100111100110100100001010
1000001110110000011000110011111001001010001011000001010100001110110100100010111001001111011001110100
1111010100001001011001101001111111011101100010000101101011001011011100111100011011111010011010111101
1110011101011000101101101001101011100001000111111010100111001101000100101011101001100101100111011101
0100100100001000111010110101100101001010100000100001010001001000010110110000010001000000001100011100
1110100100101101011011101101100111001111010111110111011010000101111010101010101000010111111000011100
1000000001001101101011111110101001001010010011001010011011001001111100110101000100100001000010101001
1001111110001000000000011001001110101110111011111000010111000011000110101000011000011101010111101111
1010001010000110011111011111111111110011100110101011011111001111111001000000100001100000111000110100
1000010100100111011101110100001110101101001001100000001100110101111111110011010100011101101000010101
1100100100110111100110100011010000110100101111001110110101100011000111101001000010101010011001101111
0011000000110110111100100000111010111110001101101111010101110101110110111110010111011011101011011111
0111000101110110000111010111001010100000110000110001100101111101000011101101100011000111101100111111
0010110111111100101010110011111011000000010001110101100101001101011101010000111010101001001001110000
1010111100100101000101000000010101011001100001110100000001011111001101000011111101100010000111100110
1100101110001000100010001111111010000000011111011111101110001100011000010110000110110101101110100110
1101110110001000100000110111101111110001010011111001001111011101001000111100100110110000101000001001
0100001000110110001001010111111001011100111110001100011000101011100001100101010010001110011111011010
0011110110011110101110000011000101010111001111110011001000000100110111111110001111000001001011110110
1010100010100010110110100100010010110001000100010011110110101100110110011110111001000000100011011011
1101010111101101000101111100000101100100111000001101010011001001000111000010010110000010111110010000
1100011001111111001101101100100111001011100110011100101110000000101001110010011001011001110111011001
1000111001100111100111011111001011110110101110000110110111000100010000001010011001001101010001111101
0100111111101010101111110110101000100001101111010110100101100101001011111010110011111100011010000100
1110010001111000011110110110010010101110000111011010101110001111110001101011000000101101010111101111
0111010001100100100010110100101100000101011100001000111101100000011011100111101100010100011000101101
1100101000011111010101110110110101000010011000010011100111010111011001000010111010110010111011000000
0111001010101111001110000000110000011000010000001110011000000001110000100110100011100111100001100011
1000011000010010010110011101010001011111011000101110001101110110000000110000000001101111111110111110
0011111111010000111010000110111100101110000010100000010011101010111100111000010101001110011001001101
0011101000001001001110011010011001001100110011000010011100001001000101001100101010001100111010101110
1100101101111011110000100001101111110110110010110101101101100001111001010000101111111010010000000111
1100110010101001110000010100010101111101100010010010101101010111100011010100100110011111100001100001
1111010010000011101101111110110110011100100101101000101101000001101000100111011011111100111001000101
1100101011100111101110010001001010001000001010110100001110101101110001101111011100000001111000111011
1001111010111100000110111111001001001001101110000011100101000100100111000110100110001100001100010011
0010100001111111010110000110010110001110000111001001111101110100010010111110110000011110001110011001
1001011011010101010011101110111101100100110110111000000101110011011110011010001011111100100100011111
1010001011101011000110001010110100110111001001110111111101010000010110010111010001100101100100101111
