1100100000101010100010010100111100000100011100110110011101100111001101110111000000111101111001100101
0000011011010001101000111001101110011000111001001001110011000011000011101111000110111100100011010110
0111100000001100101101010111000000010110100100111111000111110001100001111111000110111100111000100100
1110101100101001011001110001001000110000011100110101000100110111010110100110011110101010000101101101
1111001101000100000110011000111100100000110000001110110011100000000100001011001000110111000001100101
1110101100100100010000001110000100100101010011011111000101001011110001100010101110001101001101010001
0011110000100011110111101101110100000011001100101001110100100100101010000011111111011101000011100101
1000100011001001100111100110011001000001101001110011100011011010011110001101011000011111111111111001
1111101000111100111011110011111110001011011101011001001100111010111100010111110110101110101001000011
1010100101010011110010110010010010110100101111111011100010000000111011110110010101011110000010010000
0101001100000011110011110111000100101100010111110101000011110110100010000010000000111111011011110100
1010101010000011100000111010000010000111001001110101010001110111110101101000101000000011101100010101
0001110110000110111001101110110001000110110011001110101001000111000011101000111101110001010110111111
0111111010010000111111110001110101100010000100111110001001001011001101110100010001100011111100000110
0111111011000110111100011010001100100011011000010111110010000000010111111110010001011001110101011110
1011011000001100110110010110010101100111001100111000010001110101110011011001010000001111101111101000
0101111100111101111100000010100011000001100100101011100111011001001101000101001010010000101011000100
0010111011111010100100010110101010100100110110111010111001100011111101011101101101100001011101111001
0000110101001110000011010110110111001010110111000110010010111001001000111100110110100100010101010011
1110001001100010011100001111100110001010110110010100000010010000011111001000110111000111111110100010
0011110101000000101110011001010111100011000111011010000100110010000000000000110111110101001010010001
0011010011000010000010000101101100010011111111110011111100100001110100110111010110011010011010111100
0111001100010101010111001100111100101101101110111010111000011000111001111001100000000100100000011001
0111011001100010000010111110011101100101010011011010101010111001100100100100111111100101100001010000
0100111110010110110101011011100100001111111001101010111110110001100001111100101011100100011000001001
0011101001111000100001100111000100000000100001100100110101010110100000011011000111110110110100001101
1010000111110111110001001110001001110100101110101100011000111001101010111111100111100000000110110010
0000110000100011110100100111110110101000111111101100100100110010011101001111100101010010011111101001
1000011010000110110101001101111101111100010100100000111100001101000110000010011110011100011000110110
1010111011000110110001000101101110110000111101001100101000011001010001001110100111110001001000010110
0000011111101011010010111110010010101010101111010101000010100011001100100001000111001111111110010110
0011110111101010011101000000110110000000110011100110001010001110010100101011011010100110100010101111
1110011111000001000010100011011001001011111000010000101100100110100011001001001001101000111001001110
0111110111100101011000010100100111110101101101110010100101001100100001010101011000011010011101110111
0001101110100010010000100111110001000010101100011101111100111100010011000011101011111111111111001011
1011100111011011100110101101100011111111010101110010011100110100001111101000001111001101110011001101
1100110111011111000010011100010100011011000100010100011000010111001011010011010110110001011100011001
1111010010001010101010110110101111111101001001100111100001001111001000110101101010011110000011110111
1100100110000001001111000110011110011100011011010101011000101001010111011110011100010000110101100010
1001110111011110100001000011111011000010101110001011010101001010101110011000101000111000001111100001
1001111100010011010011111000001011010101000110011011001110011101000110110110001111100100110111110001
1010111111000000101111100111011101111111011011110010111011111000110101010100001011111100000101101101
1001100000101110111000011011001101001101010000010110000000110110011001010010010111010110100110100110
1010000110101010111101011110001011111010100010010010110110111110110000001010000001010010101111110111
0011011001101100111001101010100100011110000001001110111010110010110011011010000000000101010001010010
0100110010011001001110110110110100010010101101001011111111101000101100001101110011110100101000110000
0100110000000110100101010010010000111100101010110111010111001011110101101010011011111111010010001011
0010110001010111001000100101010111110010000111100101010011001011010111000101101010010000110111010010
0110000100101100100111001001010010011001100111001000100101101110001011010010110111100000011110001100
1001101101101011011110110000000111110101110111000110100010110111011101100110000110110111000011101110
