0010001010001001100011001100010110110001101101011001111100111110101110001001011110100110100011101101
1000011011011011000100011010001001001101100111011111001001110000101000000000011010100000011000000110
0000001100010000111000100010111100010110110010110000101100001111010001000110000001100001010110011001
0000100110100000111101000010011011000111110000000101010110110101000111011100001001110100001011110110
1111011000100111011000001111111100110000110111011010111111001100001111010101000001100101111110111100
0110100101101011000000010000000100000010100000100100100011001110011010000011001110101010010010111100
0101101100110001001101001101110111111001001011100101000001110011110111101010001011101000011110100011
0110010011100110010100101101101001001011000101110101100101101001011000000011100101001000001000000100
0000010110001110010101111011111100100001010010011011100010010010100100011001001001101111001111111110
1101110001101010011111010111111010111011001010101101011010100000010101010000000101001011110011111001
0101011010011110111111100010100001100000111010111110111001110001000101101011000000000110010000000000
1110110011100111000011001011110010011001010000000111111001001001011010101111110100101110101100100010
0010111011000000010000011011000000110110110000010010000101011101101100101011111000111100000111110101
0001100000110010110010111011011011110100010100111011010100001010110101010000111010001000010111000110
1111101000101110100000100000000010100101110010010100100010010100001001111100110001001011001001110000
0111100110110111100000110011010000000000100101101111110001011110010011110011001000001010001010111010
1100110001011110110010111000011110000011101001000110101010000100110001100001110001100000111000000110
1101000110001110101111100111010100110110011111100111101100000101000011101101000111001010010110010011
0000010010111100000110110011100111000001000111010010010000100111010001111111011110111100000110001000
0011000000000101001110000001100100100000000110000111010110101111100101000001100110100001101011001011
0100010001101100100001010110001111011100110001100110000001100100010111101000111111011001101010110110
1010011110101001010010011100110110111101101011110000010101110010110010100101110001001001111001110010
0110001001011110011101100000011011011011100000000010101010110010000011010110100011100011111011010100
1101011011000010101000010001111011011000000110000101101011001000011011011010001111100010010110111000
1000100001000101001000001111001001011100010100011010111101111011001100001011011000000101001001010110
1010000010101111101111101001110100110010001000011110101001010000001110010010001010111110110101000011
0010100011101000011101010011001101010110101000110000000001111010001100101011111000110101011001000000
1110100110000100110100100001011110100110101110110100000100010001000111011101100000111111111111000011
0111100011111100101011011111100010010111011101101001011101110100110111011000111111000111110101110110
1001011111001100000010100110000100101110011111011101101010010100010110110011011000110001100011100001
0110000111010010001000011101111011101001000111010100011100110011100100110010110110110010100000111101
0011011101110000101111101000110001011100101101000100101111000010000010000011101010010100111111010100
0011110011000101011011011000001110011010101010110010000010101011111010011010010111101010111000110000
1111110010010101010011011001110101110110001101100110100110000001111001011011001000100111100000000110
0000110010110011001011110111001001000011101101000111111110011001111010100111100001110000001010011010
0000010111100000011001001111011001111011100011111110010100101101000010001001101000001011011111111011
0010101111010111010101010001010011100101100000100011101100011000110001001111100011110011010101111110
0011001101010011111000000001101101000100011100110111010111101000110001000001101110010001110000100110
1101011000111000101001101111101010011111101011001111110101010010011001010101110010100000111101000001
1110011000111001011100111110000100101101000011000010000100110011101101101000000011010000010101111100
1100001100001110001111110011101100010010000101100001111111011110100000000011111101111100110011100101
0100010001110000001011111111010010000101011001100011001111001101010101011111100010000111100000010100
1010101101010000101010111101010010011110001111101010000000001100101001000110001110011110001001101001
0100111011111010010100110101101001010000000010111101011111010111011001110110110000000100111100101011
0001001000101001000100000000110100011110101001010011010001010111010111010010110100001101010001001010
0111101000011001110101111111100100001010010110010000000100111101101111111101010000001011011110001010
0100101101011011010111010110000101001111100001011100100100010100111100010011001001100110110100011001
1111111111111011101111011110010000101110010001011010001100111100010100010110100000001010001111111001
1000100100100000011001001101000110101001111101110111010001100101101111001010101010110111001101101010
0000000011101001010001100010101101111010001110110011010111001010101010001100100110001000101011001001
