1010011000101010110101110111011110110001001100110010100111110100101111000100110010100101010001110111
0101101100100111000111110000111011010011100010011110011101000111000010101111111001011001001101000011
0001010010010010000010100000110001000110101100010100100000010001110001000000100010000001100111100111
1011111001001000111000100011100011110100001110101101000110101010111001001111011100111111010010010100
0110110100100011110001001000111111100010110100010010011100001101111001101100011111010100011001001111
1111000010110011001011111001001111110011100101101011011011101101001001001100100101001110111000001110
0001111000001111011011001101110101100100110000001101111011100111110001001111111010001001111101000110
0111000000001010010011011001110000110010100000110111111110111011100110011010001000111011010011101011
0111110100110011111111011110010111000100000110010100000111101101010000010011011000000011100100100101
1110010111010101011001111010101010110110010100001111010100001110001101111101111110110001000111001000
0010010110110010100010110011010001000000001000101100001000110000111000101000101001111011011011110010
1010111001010000111100011011001101000010000010011001111101111101101000000011001100110100110111010101
0000111101101111001000111110010000111111001111111100101100100111100101000000101000100101111010011010
0100011110001011100101000111001111011101000011010110111000101000110001100001001011001000010001011110
1101000001101110111011110011011100110000001100011011010111001010011110000000101110110001001111111100
1111000011100001110010101001100111101011010011110011001110101000010001101101011100101011001111001100
1111001111010110011010110101000101000011010000000000100111101011000111100110001110001101100111000000
1001000011001100010010100110001010100100100110111011111111010000001100101001011011010001011111111010
1001011111111000011111111100000001100101110010101010100000011110011000010000110111101100111101110111
0001111001010101101001100000000000101101101100110111011011101001011101101011011000111110110100011010
0100111101110110111010000000001000111110111001011001011000101001110100001011000000001100000111111011
1010111110111100110011100001111101100111000110111110000010001101111010011101111100101010111110110110
1111011111001000011100010000110011001001101011011010111110000011001100111101100111001011001001100001
0101101011101000110011110010000100001111100101110000011111000111010100011001101001110000110101101001
1010001000001111110100110010000110101001011001011011100101111110010101110111101101110101101010000101
1000001100011101010001110111010011101010111100100011110010110010111000000011011011001100010110101000
1001100111001111000111111000110100110110000001101001110111000110010110001011100100001111000110011011
1111101000111101100101100100001100110010100101000011001111110110100111000110111001100000010010110010
0010001110011001111101000110100101100010101001010001010000001111001011110111100010000001010011010101
1111000011111111010101000011000111000101001001001000001011101000110101100011001110000101001111001110
0001111010100000000000000100010011010011001001100011111101010100010000011000000010101000001011000101
1101011101010010100011010010101000000001001100011101111100011110011100100111110011111110111011100111
1100101000001111111111110010001000011110100010010010011100010011111001011001101011110111010101000011
0011100010101001010011110001000100111110111001000010000111001011110110110000111001100111111011011100
1110111000110110100011011010100000101000111001010011101000000011010100111010100101001100010000011000
1000101011000001101101011111001001110100001010000111101011110000000110010001111000011010001010101101
0010010111101001110101001100000011000100010101111101111100101001110111100110100001000110011001001010
0101011110001101011101000101001010001100000101010111010011011101000101010000001101000111111110010000
0101001111111001010000001111111110101101001001000010111100001010111010011111010001011100000111100010
1100001101001101110101100011001101111111011110111100000001011001101110110111011110001010011100101101
0000100011111010011101011001000100011011011111001000000110101101110011011010110000100111111111101011
0011001011000011101100011001011101100001011100000011111001001110111101101111101111010100001100101110
1010000000100000001010010010100111100101010000010001110110001101011000110111011000100010001110101100
0111011010111011011000101100000110110111010111110111101100110011111001011001010111101110001011101110
0010110101110100101101010010101011110101101100011011110110100110000101101011011001110010000100101001
0110100111111001111011001001001000000000000000001010110010011101000001101111010111111111111010110110
0111111100101111010000101110011101011101010111110100011011000111100111011001101101010001110100011111
0111010011001010101110110000101110100001001110100111000111010001010001100001010000001110011010000110
0110110111001110001101010110111001111111000110000010110001011000100100101010111001001111110001010000
0110011100000000011011111001000111101011000100010110000000101000100011000001001010011101001000101100
