1010110110110110100111001000011011011011010001110011011011010100111011110000101110011011101101010110
0100110110011000000110001010100010010110100100110001111010011001101001001011000111000011111111011011
0111011100011000010010000111111101000001111010100111110000000100100011011001110011101101111011000101
1011010001000110001010110001101101011110001010000100110000101010011010000000111100110010011111000110
1001100101101000101111111000100111010110101101110010000110111101001010010010101111001111011100011110
1111111100010010110111111100000011011111101000010111111101100011101001001000010000010001110101001111
0001011001101110111010010010111100110110010110011111100000000011111011101001011111000001110011001000
1111100000011010101111001001010110001000101101111000010010001001101000001011000101010111110110000011
1110000001000101111111100101000000000010011111010110110011101111010100111111111001100100000001001101
1010111101110010100011111101001000001011101111000000010000000101111100011111100111100011110000100110
0101010011001101001111111011001011111100101010101100010111011000001010101001100011111100110110010001
0110011011110011000101100100111110101000111010100000100111000010110000101010110111001000001110110101
0010110100110000110011000010001010101001101111101000010111000100111011101001010111100101111000100000
0010000101101111011100010111100001111001111000010101111110100110010001101100000010111010010101110101
0110100001001000010111110010011110111101000110000100100001011000011110000111010000011000001010011100
0001100010010010100011011010100000000001111000000000100101100000001000000000101101000101101101101010
0001101000001000010110000100001101110011011100110011101110110110110100101100101101111010100011111011
1101101010010000000001001011001001111101111000110000011111011111010010100111100011000000010101101101
1111101011011100000111111001110010101101010011001100011110011010010111100001110100010010000010001111
0100010100100100110001110001110100101110110011110001001110100000101110101100110001010011010000011000
1110100000000001000110000101101000111111110001011010111101001100011101111110000101101110011100100011
0010111111001110101000101001110110111111010110010000101010000011111000110101101010000000110110110011
1001101110101011001101110001000000010100000011111000100000111110111111010111100111001111000110000100
1010111010011001010001101110000101010000011110101110100101100010101000101111010000011011110001001011
1111101011110101000110110110001010000001010100011110010110110010001010001111110010000001110100101010
0111111000010101000111100100011101001011011101110101000101101100101100001110001001000111100100100000
0101001100111001100010010110111001110110001010010111110101101001110101110010011010000111000011111100
1000001001000000000110000010110010100110101000101010001010011101101011010000001110001000010110001101
1010100110011000000001111110010011101101010011100011011101011010001010010000011011110000001100100011
0011010000001000111000101000110001011111010001110010111100011101111010001100110010101100111111011001
0011100000000001001000010010100100111001000001111011100001111111100101000010010110000111100100001110
1100100110011000101001101010101101101011001110010001000010111100110110100010111100011001010101001001
0011001010001111011001001110110000111001111000100000001110110010011011011000110001001111110011010000
0001000111110111100001100001110011001001010001000110011101100111111100100110011100000011110000111001
0010000000111011110000001000001010101011010111111011111010010100011000111011100001010011010000111011
1010101101001111010010110100011000101111010110100101001011010011001010101110111110101101101011110110
0001111000010001110111100011010001101011110110100111001001101101101000010100101000001111010111110011
0001001100011110111011000101101000000111000001101101100111100001100110111010010011011001101011001110
0011111011010101110011001100111010111011110110110101101100011101000001110001101111101110110010101000
0100100000101110111110111110001110011111000001101001110111100110101000101011010111010000101111101000
0110011010111011010110010010011000001001000010100011001010011011010101111100000101010011010110111011
1000010000101100101111011001101111111010101010110001110000100110001111000110011111010011101100110101
0100011110110110011010000110011111001111001111110011000011100010101101001001100110011111110110011101
1100111000010100011011111101011010101010011100001110000011110001110110100101000010111110100001001100
0111000111000000010111101100001001111101010001100101011001010010111101001101110110000111111000011010
1011001111001100001101100000010100011100011001111010011111100001010010110110010110111110110000101101
1001011100111100101000010000110100101111100011110010010001011100100101001111001001101111001010010101
1110111010111000100011111101100110101000110110000100001011001011110000011011110101110111011000110101
0001111011100111000000111001101100100011010100100100110010000000100000011001000000011110110110011111
0001101110011000110011000011111100100011110010100101011110111100001001000110101101100001111000100011
