0111010110111001111110110000010011011110000011101010000001011111010000011111011011100011110001010100
0110010010110110110111011011011000101110001011101001010000010110101110110100010010111111001100100101
0000101100011010101101011011010110101111101000100010001010110010010011011101010111101000100110101011
0000111110001001011000110010001010110010101100100010111000111101001010111011001101010000111100000000
1111001001011110100001101011000000010000101111011011111101110101000001100011010110011110001110101101
1010010110101100011110011101111001001001101110110001000010001001000011000100001111000000011000001100
0001111101110011100100000100100100010000010110011000000101000001111100110000010010000000001010111010
0001010000101010011110000100100011101111111100010111001000111111101001000110101101011110111001000010
0000111000000000100001101001110110100111011000001101010000000011010000110111001001010011000011101101
0110110111011011101101001011000101000101010111110000110111000011010011110101001001001011010010010011
1001011011100010110011000010011101001010101011010110001001100010010010110111011111110110101111011111
1110001101101011111011000100011110010000111100100111111001101011111011011111010111111011011011101011
1100010001001011010101001100101101011100001110101001101111000100100000111001101111101110101100011101
1111001000000010111111111110101010001101110011000010010110100000110111110111011010110000001111001000
0110101101110000110000010111101110100110101001010010100000010011110100010011101001010111001001010001
0000111000011110011001010111010000100101110000010100110111110000010100111100100011101000010111001011
1001100111011010111010110010001000100110011011111101100000000100001000111010010011000101011100000001
0000110010000011110111010000011101000101110000111101100010010011101101101001001110100100101010110001
1000010010111111001111110111100010000000111010111111000001010100111111101010100111111111111110100110
1111000011111000001100101011100110101000011111110101101101010111011010010111010001111110100111010110
1111100101011010000011110110100101010000001111001101010111100111010100001111000001010110101001011010
1111101011100100010100010000101000011011100110001000000001000111111100001101011011101000000001101000
1101101100000101000111000010110100010111011011111110100011111110001101111011001111001001000010000111
0100100101101010100101111110100101011100010110101110001111111110011110010010110110110111001000000110
1001100010101011000111110010110010111011000011010100110010100001001110111011100000110110100010001000
1101100000100001000110111011000101101111100111000000000101000111001100111101010010111001000001101101
1110100010011100001101001010111010001010100011001100111000001101011011110110011100001000001101101000
1110101110100010110101011110101011001101100101110001101101111100100100001001000000111011001000101110
1111001000110011011011010110011111101011010000000010010110111100111110101011000010001001001101111100
1110010000011000101111010010111011100111100101101001000001100011010101110111110110001001101000111110
0101010010100110001011100000010101000011010010010001011001001001100001100001100011110111101100011011
0001110111110010111001101010011010001011110001100010111010111011110100001000001110011000101110010111
0011100011001010010011000000100000111010001011111110111010110011110111100100011010010001000011001101
1111000011111101111010111100110001110100000111101000110011011000011101011000011001010010011101100011
1101011010011001110100010110000101101111101011011010010000001100010011001111001111111001110111010001
0001111100100010011110111000111101100101000010101110010010111110100011000010101001110110100000111011
0010100000011010111100001010000011101011101111011011111010101111111100101101111010111010100001010000
1101110101010000101111111000010010101111100111011110111000110010111110100011000001111111100010110111
1011011000011101100101101101001010110101001001010010001001011111010111001100111010000011011010010110
1000101011110101001111101101111010110101111001010101110100000100111101010001010011111000110010100111
0110101111000001000001000111001101010000110010110110101110001010000101000101101101111100010111011101
0101010101010010000010000111000110001110000111000011000001101011011001101100110100100111010001001101
0010100101101001000001100010011110010010110101000110110000011000011101011011111010000101110000010111
0000011101000000001111001101101010110000011011010001111001010000100010101101000110100101000010011001
0000100100001000001011110001110011011011010110010000011001110110110101110110011001100001000110111100
1101001011110011100001010010011110001101011011110101101110010011000101000000001110001101111000010101
1101010011000001000100000000100101111001100011001010010000000110111011000010010010111010001000100000
1001000100111111100111010100101001001011110100111011001110000101111010110110001100111001110001111000
0101011001110111000111011001011100001110111010000000001000010111101101001000001101110000101011011110
1100100110111011110011001110001101001100100100111110011101101011010011110001001110011000000001100100
