1101011110011001001101011101000001111101000000111011001101010101111000101111101000110101111111000011
0001111000101111000100110001101100001110100010001011100010111010001000011001000001100011011111101010
0111000000000111111000111110101100011011000111100101101010110111001011010010000010101001111101100110
0111001000111100001101101010110101100000001010011101101001011101011010101001000100110010100000010010
0010000011000000011011100010000000000110011110111101100100000010100111111100111001110000010111000000
1000011011000001010001001000101011101110011110100001111011110011001101000001011011111111010011110001
1000110000110000100101111001001110001000010111011001000111101100100110110110011101111011001010001010
0010010011110111111101111000100010001011100010111000000000111011001111100001110100000010111011011010
0110010011011010000011011010010000010001100001000000001011000010100010101010101011101110010010110000
0111101100011111110011011100000000100011101110111111100001100110001000110001010111001001100101111101
0011101110011101111001000010110010101010001000010100100000010010110100010010010100011000001000110101
1000111111111010100111001011011011110111000001000001000100111010101101000000001001010100000001110100
0001011100001110011000111101111101110000101010111100101101000001100111011001001010001000111101001000
0101011100111100100011110101000110001000101110000110001011110101110001000010001111110111011101010001
0010110110011010010011000100010001101100010110110010110011101100001110001111100001110100111110010100
1001010111101011101101110011101101001110110100110011101011110111001101110000100100000000001010110000
1101000110101010011111100100010011100101110010010110100000110001001000100100010111100001110111000000
0011111111010110010011101110001100110110010111001000110000100111101000110111011001000111011011010111
0100101110101110000110110101110111000110010011111101000001010010011111101100011110011100001110011000
1001011011001001101001000001000011100110010111101001011001000110001101101011001001110011010001011001
0011100101101100001010110101100001111101000000111100010110001111101110111000111000011010101001011001
0010100001010011110001100100010011010010010011101100101000001111101011000000011111110101110110110001
1000110000100100111011001001011111011101001000100001110011110001011111110000001001110111001011001011
1110101110000011101010011111100101011110001110001010101000101011111101101001001111011110101101011111
0011110110100011001101101111011110100111000110000101100110111100010100111000110101010111001000010100
1101110010101010000010011101010100011101101110111111110111111111001010001010111101111011010100100100
1010010101000011101010010001100011101001000011100010111100100100110111111000111001101001001110101110
1001000111010100101000111100100101100011111110101010010001011111100001101010110000101001101110110011
1010111100000111101001101100111010100001011111011010101001101100100101000000011011001011000011110001
1111100010001101110011010001001000000010111001000011100011110010101101011000011000011110000110100100
1110111011001011101011101100011000100100111111100110111001101010111010100001100110010111011011001000
0110101111000100101111111001111000011011101101011110011010000101101100000111010001101111010100111101
1101101101111001011001010010101111111100110111110000010101000111000111111101101010000000000011010100
0000011011011000000011100101010001100110100011000101000011110101000111101001010110010111100110110011
1101111110100001011001110001101100101000010111011011111000101010001111110100000001011000000111100110
1000110101111010000000111100111011111111010001100011101100001000011101111100001000001011101011101001
0000001010110111100101001101100111011110110001111001111010101110000101110000111001100101101100100011
1000101111011000100001110100011101001110001100101001000110000101011101000101011000000101110011101000
0110000110010010111111000010101000010110010000010001000110100001100110011000001110010001110111000101
1100010111100100010110110000100001001000110011011111100100000101000001101111011010000000110101001001
0100111110100110100000001111010000010010011110001110111011000100101011011100101000001011100000111111
0001111100011100011110111111001111110000100101100111111000001111111001111011011111100000101000101011
0111111010101000011011000000100100101010010100001101100101100110110001000100010010100110101100100110
0010001011011010100100101111011110101110010010111100011001000101011100100011000111011110011101111101
0000110101100000011000111100110011110100110000011001010011000110111001010110011110100101010101100011
1110010000111010000111100000101111001111010111101110111011100100100101101000101000110111100100100101
0010100101011101001011110110011001101100011110101001101000011110100011000000001010011111000111011001
0001100001101011001001000010011110111111010000100110010001110110000101001100010101100011111000100011
0001010100110000000110001001011011101111100000001001010111101011001111111000000110100001101001000101
1011111110010100011011110110000001111011000101100010111111010101111110100111101110001100101001100100
