0011100101000011111100011111110010110001100001011010101010101111001011010000010110000101100000000110
0100000100100110001001000010100010010001100000011010001100010000010011100101100100111100101011100010
1000000101110000110011110001001001010011110100111111010001111111101010010001010000011101111001101110
1010111101100000011101100010000111001100010010101100111001011010001100000110000110110111100100001010
0010011100100001101010000001110010100110110111001101000111001000010011001001100100001100110110000011
0001001110111001111111000110110000010000101010110001101110000010101101100000011110000011111010000101
1101000110110100000001111110011110010011010101001001001010101100000011000100101111011111011111101101
0101101110001011010111101000110111000011001111110011001000011110011111000110001000001111110100101011
1111000000001110111011010100100010001110001001010110100001111010011001001100000100001100110011010011
0100101101010011010111110100100100101000100001101011110001100000010101011100110110000110011010100101
0011011111000010000101010001101101010001000111101010101100011101110010000000100001000010010001011011
0001100111100011010000100100110100110011111110000010111010101110001001000101101011001110011110011110
1011100111100110001000010001011010000110111011011101000110101000101000110110111100110101110110100001
1000110000000010100011110010001011011111100010000101101100011101000000111111011110000001110000001001
1001011101101101001110101111000100001101100000101010110101111111010011010010011001000010001010100001
0010001100001101011000000110110011110011011010100000000000101001010010000110010100000111100000000001
0111010101001110001101011101110111110011100110011110101101111001111111001101101001110010000010010001
1111001000010111001101100110011100011101000110000011001111011101010110110110111011010111110011110010
1100010011100101011010111001000111011110000010011101111100101011010001100001100001100011101000001101
1000100111101100100011010100001111000000011010000000100100100110100000011111101001001110110011100011
0101001100001110010111101100010000010101011000001111110001011110100100100010110010010100101101101010
1001001101010111111001011111000110100001101110010001010100100110011010110110110100101010010001011000
1000111101000110101000010110110110111110001110001010011001110000011010011101110010111110010110000101
0110100101001101111110101010111100001000101011111100101001001111110011001111000001011001000011001001
0001111100011101101011000100011110101001101010001110010101000101100100110101101100010010100101101001
0011000110111010011101100010010100111011000001100011010000110101101100111101000110100000000100110001
0100011001101001000111111110100100111100110001000111011011101011000100010010100000001101011011101010
1001010101101001010111010101011111000010101110000110000110111100101110000100001010100000110110010111
0001111001100011111010100000011010010001000010111100010000101001010010101001011010110110001011001110
0010101011110100001111101001011000000000111011010001011000111100010101110100000110100100100011101010
1111101110101000111101101101001111100000011010011111111001111011111001101101000111101101100100111011
1001111001100001101001110000111011100000011010111110000010010011101001100101100000000100101100000000
1011111101001011110011100100000101001110000111111000000000010111110110010000010100100011110011000100
1000111111101010111101101001010000100101111101100000001110001011001011001111000100010100001010100100
0110000111110110011101101100001000000101000001000001100100111011100011011100110100101011110111011101
1101000011000001100001011010101100101101100011010100110011010110101000000000001000011110110011111101
1011000000010011000011010001010001011010100100001001011110110001010010000111011000100010000010100110
1101101101110100100100101100000000110101110100010101010010010010111001011000010111010110101011011000
1001011111111100100111110001110001111111000010100011000111111110000100010001010010101011100011001111
0000100001111110001111011101101011001111101100011000111001101011011011001001011010101000101001101101
0000001110100110010110111001000001010011101001001010111110001011011000011101011111000111010100100110
0010001000001000011100111011100001011110001001001100011010010011000101111011110110100001010001110101
0010011100101000101001000111111111100000010101001010000111110010110000110110010001110000101011010100
0110111000010011111001010111001001111000001101101000010101101011100000100111001000001110110100110000
1100010111110011100000100010011101101011011000100110001110011010110011011100010111100111011011011101
1111100100010001011101011011011101011101011011001010010101100011000000000111101001011111110111110100
1110111110011110101001001011111101010101100000101111111011011000011110100110111110011010100100111111
1010101010001100110011010111010011010111100011010100011100011011100110111001101100011011111001111011
0111100000101010111011000111011000011100011111000000111100010010000111110101000111000101111001110110
0000100101011110111111010011010000110101111111111001111001000110110001101000110001010111111110001101
