0111110110110100110010110100101100010000001100100111011010101101011100110111101000111010001101110011
1011111110100011000011010010000001111111001001011101011110110011001010001010100100011110111101110011
1101000000111111010011001010101111111011010110111101100111011000111110010010000101011100010001010110
0011001111001110110001110010101101001111101010101000000011000010001110110010101001000000110110100111
1001010011111010011000101101110011111011101010010100111011100000110101110101111111000111000010001000
1011111011010011111010101011010101010101110111011011011100111001100011011101110100111111011111110010
1110011111100011101011101011001011101100010001111111000000111110100001010001001001100100100100110011
0010100110101011110110101000011011000110110110111010110110010110011101110101011001101010100101111101
0011100111110111011111011111111000001111011110000001000000111001000010110100110111101001011110101001
1011011110110101101011100100100000100001001011101011101011110001100000101010000011111100110101010010
1011000111000101001010010001011100011001010110000011011010111011111011011101111010000010010100010110
0101100001110001001111011111011100100001001011001001100100001110111011010010010101001000101000010100
0111110001001010101111110011000110100110101001000010001000101010101010011010010101101110111101000100
1011101011001000010011011111111011110011000011101000001001100101100001011010101101100000110011011010
0100100000110101110000000111011111100110110110110011101011001101000001101101011110001010000110011110
0001001010010010000000010000101000110011100111010001111000101011010001000111100100000000100111001101
1011010100110001000100110101100011000110101100100111001101001111111100011110100111100100011110100001
0111110111000010101100011000111111001111100001100111000000000110100000111110010000001001010111100111
0101001011000000111000000000001001000000001110011001100001011000100101101101000111101001010000000000
0101100110001001111000111000110010111010010100111110110100011110011011000100001001000111110101001110
1111100100001010100000011101011001001001110100100001110011011101000011100001000000010101111110101101
0111000110001110010111101001111010000001001011000101010010010100011000001110111110111010101110010101
1101100000001010100111100001110000111100101000111111100000111110011001101110110010001110100100101000
1111000011000010001100010101000110011011101110011011001101101100001010011111011001110001101000100010
0100000001111000110000101101110100001010100000100001011111110000110101101110010111001000101010101000
0111011010110010100000010111011111101101101010110110000101001110000111010100111000111101110010111111
0001010100111110011000000011110111110011100111000100001001100100000111110101001101110011010000000001
0011010101011101111010010110011010111110011011001000111100101110001111111100110111011011011000011010
0111101011111101011010000010001000100111100011111010011111000010100000111100100000010000101101101001
1100010000000011001100100001011010001010110010101101100010101000011101111111101110001101010000111101
0010000101100001110101000001000010111011110001000010101000100010000100110011000101010110011101110100
0011100101010111010001101101001001010111000110000010110111011110101001001100111011111101001111010000
1000111110001110001100100011110001000010111110100100001110010011011111100101101001100100111010011001
1010011100101110011111011001001010000011111001000101100100001011110101001000000101010111101011001011
1111101101011001101111001111000011101010111101000100001000010001010110111011110001101001011100110001
0001111110010101001110110100000001100111111010001010000000100101111100101010010111101011111000110110
1111001110111010011010011100101000100010100111100101001110011000001101110011011110000011011100011010
0010010111011110111111110100111011011001000000110100011110010111000010111110010111111011010001011000
0010010100010000010010100100110100111011001000011100100010100000010001001011101100010000010001110001
1011010000011001011111010000000101001000000010011010010001001010110110111000110000110000011011011011
1011101001111100100000100111101000101101001100000011010010011101001100101111111001111101000101000011
1011010111001111000001000000000010101011010011111000001010001010011110101100010100001101011100101011
1110001000100110110001010011110100000111000001010110101101010000001010111001101001100101000000110010
0110111100110011011110101101111011001001110100010111001101011010001101100100100100011101010010000100
0110010111101111011110011010011100100100001100011011000110010111001101100111000000000011101010110101
0011011101001111101011101011000111001110011100111110010011110001111001111000000011000110100011011100
1010110000011000010000111101100000101110010001011101110100000001101001100001000000101100101110010111
0010111101110010010010111111010000110100010100011111101101000010011000110111000101000010000100001101
1011110110100100001111010000101010000010011010101000100001011110010110111101100111110111110100000000
1010000111010100000101010111001011100000100010101110101110011111000101001111101101001101000000000110
