1111001101100111111110010000010100110000101100100011100011001010010001100011110111101111101011100101
0110000100011110000110010001111110111110100001011101111000000001010101110111000010010111101110001000
0001101000010101001101010001010000010011011001000000011001110110010100001010000100010111011000001010
1010111011111010111100011110001000101000100101110110000010101111101111100111001111000011000000101001
0100100001101101000011011000001110011011110001110001010111111110000110110101001010110110011100001010
1101000000000110010110111110101001011001001100000101111111100111010001111011110111101100100010000010
1000010000101101110111010000000100010000100111011100010110001000010011101010001011010010100111010011
0100111110100010110111011101010111111000011000000000101001101101010010001100111000101111100011000001
1011110010110111111000011000101010110111101010010011000101000010001101100111000000100110000000101100
1011111101101001000001100110111110110011100010011000111011011001011111011110010111110001111001101110
1000100110101110111011001010110001011101100010101000111111111000100000110100011101100000000000001100
1110101001011111000110111101110111110001010011010011111010101000000100110111100100010011000110110001
1011000110011100000000101100001101010000011000100111001010101101000011001100101011001101100101011111
1001010000010110000100011001101010100101111111000010110110000111100101001111111101001010101101101011
0110011001001100100011100000110101010010010010101001011100001001101010111001010100001110011001010010
0001011010101101010100101010111111111111001111001010000100001101111001100101101011100110011101000011
1110010110001100010010011111000010111111101011100010101110011110101100101110010111101111111100100011
1111110000110000100000000100011001111111010011010010111101101000010011110000100000000101000011000110
0110000100011001001011100111100111010000010111100100110010001011011001101101011101110111101011011100
0011011111110110011000001110111101100111111100000000101101110100100111000111001110101111010011110010
0010111000010010110111001111100110010011100101101011110101101111001110111101010110000011100110111110
0001110011111110111111110000110011110010110100110001111000100011001000110001111111111001110110010001
1100100110010000100001110100111000100010100111101010110110110011100001101011001011100100110001110110
1000101100010101011111010001100110001110100000011110011011111111101000011010101110011010011100000100
0111101010101100111010111011011111011101101010000000001011110001111000011001000000111111100111110011
1101100101101010010100000100111000101110110011100111111011011100001000011101011001000000110011000101
0011010110100110110011101001101011111011101011111100011101100010011010001000001011101110111101010110
1101110010001111010111111011100111000011100110111111000100001001110101110111001101001011011000000011
0101111001110100011111111000001101011011100101000001011001011101111111100010001100101010101110100100
0101001100000110100001101101100010101000101011011010101111111011110101100000101010001001101101111100
1000001010110100110011011001101100101101101110101101000100010000111001111101010101010101101011001111
0101111110100101011100001100101000101100001010000011000100011111000001000011010000010101111101010001
1111101101010000010010001000010100111001101101101000110110100011111101111101011100001101101000000100
1100000001110100010010001000111000110111001011011001101100011110010110010111010001010110101101100000
0111001010110000000101000000101011110000011101100011110001101001100010011010101100010111111110111111
1001110001100100110000011001000110011111100111010110010110011010100011110010100001111011101110011000
0100100111010100111100000110010100101110000100001111100110011100010000000000100000011100001100101100
1100010001011011011100000011010110100100111000010110111111111110111111101011111011011100100111010101
0011000110000100011101101100111011111010111011101000111011011010000111100110010111100000010011010011
0110110111110110001001011000110110000101000100110010110111001010111011101001110101111101010100011100
0001111011101100110011101011110011111100101110000011100011001000011001010110011100011111100101101111
1100000101000011101011010011101011101001111100111001101110100110011100101000000101100101101001110100
0001001101000110000100111111000011000100010110110111111010110001101100010101011011010111001100011001
1000111011010100110010011101001100010011000011001101001010010011101001111010011100010111000110000111
0101101110100000010110000000100001101001011110000011100101111100011011110011100001001000000111011110
0000001000000101000010010010101111000010111000110000111010110110001101000110110011100011010010101111
0001101011001100011000101111000010001110011101110000010100101000001111101101110100111110101101000111
1000110110001000000100010111001000110110011001011110001110110101111010100111100011110101001100110010
0000011011010100101000010011011101101001101111011111010000000011001001111001001000110000011111001011
1000100101111010010011001000101001111010001011010010000111001101110111011000001010010000001011110101
