0011010011101001001010100000110010100001000001101000000101110110010101111101111000100111110010111100
1001000001001001110100101000001001100001000010101110111000111111001011000001001111001100000100011011
0010101100100011000000111001111000011101101111010100001011100100101001000101111100000100100110100110
0111011000011000110110101110101010001001010001001011111011100101001111000111010001001110011001010111
0010010000100100000111010111010101110010011001011111010011001000101011011110111110111000001011000011
1110110100000100010101000001101101111000100000100011011101101011100110001110111000101110001100000100
1000100011101111100111010100110010011101010110000110010001111000100000010100101110100001110010111100
0001001010101110111010111010010000011111000110001100000101011110111001101100100110111101001001000100
1100111101101001110001101101101100011000100000111111101100010111110100111000011001110101011001010101
1011110111111000110111011100100000010010000000110010111111101111011011000100010101110111000111110111
0000000111110001100100101001011010010110100111010110110000101010100011010011000010010101101011110010
0101001010101000100100110111111100000011001101110101110000101110100001001010101100111110011110010111
0101110110100110010111110000101110110101110100011000101011101110001111001011011000110001011101000000
0011010110101000000001101110010010011010011110111000010100110110010000000101100111101110111011010111
0011111111111011100110010010001011001111011100100111111001110100010100110000011101000100001000111111
1111110011010010010010100111011010010001111101010110010001111000110001010011110010001100001111001011
1000011010110011011000000000111000000110000111011000111000010001111101111110110001111111010010000100
1010010101001010110001001010000110101010010011101111001010000111101110100101000011000100110011110010
0010110011110010111001101101001101010100001100111011000001000100100011000111101100101101110000110110
0110011100110011011100011111101010010011101001011110111001001011010011101011110011111010110010011001
1000111110010101100010001010100000110100100011010010110100010110001000011000001011100001010011100000
0001001011111101010010100101101110100100010011111101010110001110000110001000111100010010011001010100
1001110110000001010101010001001101110100110110010110000100011001111111110111101100000111000101100100
0111101001011010000010000100000011100011010010000010110001110000010110000010011011110011011111010000
0011010100001101100110010100100101000100100100011010011010110011100110100000011110110111111010110100
1100010011011000100101100010101001011101010000000111001000111010011001011011001001100111111110101001
0000101011100100111000010111010110111110100000011011101100011101011000010111111011010100111000100000
0101100110000011111101000000011000100100010000100110001101000010100110000100100101111000010110001110
1000110001111100101010110100101001010100011101111101010000011011010011011110001100110100100110101100
1010001100000100111010010110110110010101010001101000000000101010101010111110010001000001000111011101
0000111111011000100101100101001011010000011111111111100001011011100101010000000001110111011010110000
1101011101100000101001100101110101010111000100001101010110100101111010001011001010101101100111111101
1111100111100010110100101101001010011011000100010100111100111110101000101111000100111001110011111011
0101000100111000111110110100011110011101101001011001010000111100000110110000000101100000110011000011
1001111000111110111100001100010011111010001001100011101010110011011110001010101011110101101100000000
0011110111010100111111001101010000001101101101001110011110111011001010110100111100101111110000001011
1000001001010010100110111010110011011000001001101111010010101000000101011001110000100011001100110111
0011100000101100011000100001011101101010010001011110011110011011111111100100010110011000000101011000
0100101111101010000111100100101001101001101100001011001000111010000110010111000010100011011101100000
0000011111111000000000011100011110010000001101110000010110011100110110101000000011010111110111100110
0001101000110110011011101111101000111011001010100111111100011101000001001011001000110000100001111101
1011010011010111110011100001010011101111001101001010010101010110101111010000100000100001101000010010
1001011111001011000101110101111010101111010101011111111110001100111101110001100000101101000001010111
0111001110111000100111110010100011010011000101001101110101111000101010110110000001111000000010110000
1010010100010111010001001110100001010101011011100010110100000111100101100010111101011111110101111101
1110110000001101001111101101100010111110110110111011110001000101011100110111100000011011001100100010
0101010101011111100011000001000011000110001001100000010110100111011001000001100000001101101010010011
0011100010010101110100111000011010000001101001011001000110110000111100000110000000011111011111110101
0011010101010100100001001100000111101100101011111110011100111011110001010001111010101100010101100101
1111011011001101110001100001010100010000100111101001101101010100111011100101001111111110110111011001
