0111011111000011010111010111011000001111100100110011110000011100111101110011110100101110110111101001
0110000001011010111011110100001100101001001000010011001010110001011011110111011111111100011010000011
1101001100000011000110101111101100100110001100001110111000110000111011111000000001111110010100000001
0000001010110111110111101011110000000111000110000111111111000000011011101010000010110111100001111111
0101110100010010010000010100010001011101000101110011111110010010011110001000101000100000010110111011
1011110011010011110011000001110000000100011100000000010000001101001111100001000010101001001011110101
1001000111111111101001011010101000100010100111101101110100001110111111101100000010011110000000001001
0111101100010110011000011110110110000000101101101010100101001110011101110001011011010001111111100011
1101101111110010001011010110111011101011011000110101111010111000011011010111000100100011100011001001
1101110100100101011010100011111010100011011000011110001101101100111100001001110111110100101010011111
1000100100010110110101111111000001101110110110011011100101101010010101011001111000111111000111101101
0110001100111001010101110000100110011000110110010100010001100011000110010111100001001001110001000101
0010100001101110001111001011010000110101001011011000011110110000010000011101001011010011000111010001
0010010100010100000100010111100100111000010111100001010010001001111100011000111111011001100100011111
1001001100110111010100101110100101111010101011111110100011101011010111000101010000101011110001111110
1000101001101111100101101001101010100101010011011110001111111011111000010000111011011100110101100101
1110001010110101111111101010000111111000100110100000011101000011011111010001101101010000100111101100
0111111001011001001101000101000101000001010011111101000101010110110011000010010101110101011000110100
1001100010000001111100000110010011001000010000111111110011011111100011110100111110100000001000111011
1110100100001000110000000100010100111101111100111100111001010001100101011100111011100100110101110010
0100001101000100101011110100110010100111001101101000101100111110000100111000000011001100101001100110
1010101011101110110111111100001010000011001111010100110100000110100101110000100010110101001000000110
1100110010101110101010111110010101001001010001000010110111000010110010101000110000001100011100100010
1111101100110000101010010110111110001101000110001000111111101110110100110001000110010101000001001010
1101010000100001110100111101100101101011000011111011001100010111000111010011111111110010100011101111
0010111001110001011000011000111101000100110101000000100011011100010000000110101110110001110100001010
1000110011111100011110000001010101010110100011000010100010010010011110101011100111000101111111110111
0010000011100110010100010010101000000111111110011010001011010000011011011011100100110001111010011101
1110011110001011010110100101111100111111001111101000000011010110001010000100010000110100101110100000
1111010001011111011011011010000100000000000111010001101010111101100000001010001000011011001010001011
1101010000111001000011100000001101110111010001011110100110110000000111101011110011101000001111101110
1011010110010111001101110101110110001010011010001011110111110011111101010101100100100000001000100011
1100101011010001010111001101000000110000111001110101110011010011000011110101111001011010111110000010
1010000010111011100110010101000000001111111010101101010001001111101000110011111011011101100001001100
1111110101000001001111101110101100110010000111111011001111011110001100000110011110001000001111100111
0001010100000010010110110010010101110010000011010111100100000111101100111101111100001011011101111101
1011000101101111000110100001010100000110100111111111011110010101000001011001000100110100110110011010
0110101001001011110011110001110000011111011101100000100011101110110110110010100100000001100011100101
1110011100000101101010010000011111101010010101101011100010111011110100011101000001000111011111011111
1000010011001100001011111000101001111111000001001110110001000011010100100101110011011111100010100000
0011101111101110100110001110000001010111110000111100100110101011101000101101110011100111110110001101
1011001001010101011100111111100101101100010101011010010001011101100011111001101001101100101010001110
0011100011011000010100101111010001101001100101101000010010001010011110101010001101001010110111011001
1001001010100000100001110110000001001001011100001000000001101110001001110001111000101110110000000111
0001100110100100000110000110101110001001111011011001111101100010010011110011100111011011000110011110
1110100101101000110100111111100011110110001110111110010011111000011101011011010101010110011100011011
1001110111110001001100101001101101000000000000011010111001100011011111000100000000010110010010001000
0100111101001010111100110010011101010101001110010001111100110011000000010010011000110001011100110001
0110000100010010110010011101100100010010100010110000100110010001100100001011111100111101110001111000
1111101011100001000110001100100001010001000000101101100111110110100110100100100111110001000010111001
