1011010000100000110100011000001011100101110110010001100101100010011001110001001110011010101111010111
0100100111101111110010001001101110001110100110110000110001101101110100111100100010001000111000111100
1111101111100101000000110001011111100111011010111011101110101111100000000010010011000100011010100010
1001001010110100100110011001101111110001101101110101111011001010010110011110011001000010110110001110
0111101110111100101011001010001110010001110010110111011110000110001011010110001011001000000110100110
0011110010100101011010000011000101101100010101111101001111000100100101010101010000100110101101110001
1000000010001010101100000000011000100011000001100000101110110001111010100100010010111101001000011001
0101001011011100111000100101001110001001100001110111100101111000001100011110110001100101100101000111
1000111111011101110000011000011010010101100000100001010110101111001011010100000111100111110110010101
1111001110000101011010101101011111001111001101000001000110111001001100101011011001011001101100100101
0110000101110011111010101011101011001111101100101100011011011111001111101010010000101111000010100101
1010011010110101100110000100011100100111010100011101100010010011001100010001100011101100010110000111
0000101110010010111111011101100000111010101111100000000000110110001001000000001111001001011101100100
1101010111101001111000100101000011000110100000001000101001010101100111010010110110100101100010001100
0000001110011110110000111100011011011001010100000000001100010101010011100110000011011001100010001000
1001101000010111110110000001110001010100101110101111000110001011010001000010110110001111100110101011
0011100101000001001001111010001000101110110101000101010001101110111101000101110010011111010011000000
1101100011010010001000101111000000000110000011001010101011101010011011000110011000101011100111110100
1111000110110100001100101010010110010011101100011001101010001010000111000010010111000010110111110100
1001000001111100100010110100100100111100110010110100111010110110110101011100001100001100110010101110
0110101100111011111111000101011010001011111010111001111111101111111100001001011100010111111111101100
0010101110001010111010111010101000111001101000010000000010001101010100110110100011011111011101011000
1111111000000111110101110110000101100001010001111110010101000010000001101111000000100101001100110100
1110010011001011000110111011100001011010001011100110101110110011011111100011111100110010001001011110
1100010001100000010110110110110011100111001100100000010011001001110110011001001100000011011111010001
1001000010110001110101000010001001010101010101011001100010100101000000110111111111100000111001101110
0001110001100101101000101111110110010111100010101110011000100111101000000100111110010111001001010011
0101011001001001101110110010111000110001010100000011010001100100111101111011001111101011010110011000
0000000101011101101001001111110000001011100011000100000001101110100001000001111100100110011101000101
0001011010111000001001100101010100101010001111111110110111100010100010101000001110011100000011101010
1010010011101100101001011100001000011100101011000100111100100011011001101011100000111001101001100001
0110001011001000010101011011010010110000110101100011011101001111010110011000000101110011011010001001
1010100011111110011001001100110000110000100010100001110111010000110011010011110111000111010110110011
0000100010000001100000111001101100101011000110110001010100001110100100110100010111100101100100111100
1011000011100100110100011010011001100000001000101001011000001101010110000001101100010011110100110011
1101011000111111000100111010010001001110011001100100100010011111011110101100111000010011101001101110
0000101010101000011001011110111000011100100111011110011100111100111110111011001010000000100101011000
1011000010100011011111000101001101000010111011011110001111100010001110001001000110101011110010101010
0010011111110001011100001111101101100111010011010111000110010000110111011010011110001000110011011000
0011000101000111101001000000000011000010111010000000001111101100101000001000010001011101011000111011
1100000010011111001111101101110001001001100010101001111000101001000010010011011001010101001101001101
1110101111010011100011010100001111010110001110011011101001101110111111011100100010111110100011100100
1101011010011000001010011101010001000000000001000100100111110010001111110110110110011101111100100010
0111101110100011000101001011100011010010101110000111101000110111010010000011011110011101100100101101
0000011001110011010110010110000101110000010111111101111010110001110000110011000011011101111010011011
0100000010111011111001010101011011111000000000011010100100101101011000011100011010010110110101000111
0100110011001000010101110010000001110011011000010011001001000110110011000101101011010110101100010001
1101000010111111010111111001011111100110100111011001011101001001101111111011001100010010101101111001
1000011010110000100111010010001111000010000010110101101111010101111101011011001110111011001101000000
1101100110001001100000110000110001011001100111110100001000110001100000011010101011100100110000010010
