0010010001111010110110000101001110111111001101101111010111110110011101101000010100010010011001000110
1110101010001000011111001010100000000111001111111011010010011010110110110010111100100111001100111101
0111000001100110100011101111100001100111111100100110111110101100011010000001101101010101100011000111
0110001000111010001100001101001001100001011101011010101101010000111110011010010000101111110011111000
1101111010100011010001010110001110011001110010100101000101001011010110111100100001000001000111100010
1101001010011001111100110100001000011011101100010010000001101101111011111010111101111111101001110101
0010011010101000001011011110101111001111010011110000100110111001111110000000000010010110000100101100
0011010110100101111000010111111111001101101100101001010000111000010110010100111001111111110110001011
1111100110101011111001001000000110011111111001100001101001101001100101110011101101101000001110110001
0111110010110101100000010000110000100110010000010111010000100011011001010000111010000100111000110100
1000010110110011011111101010111101100000000010001001110110001011100001101110100001010011100101000111
1100100010110010010000011001010100001000110011111101110010100101101001100011011100100001001111000010
1101001001010010101010001100100111111011001011001101000111000000110111011100010101111101011011000010
1100000000111011010110110101101111100001100111101110110111101010101000010101000011000111111111101010
0101101100000110101001111000101111001000000110111010000100010110100101100110001000011111000011000111
1011011010000110111101001101101011011001100110101011000101001001110101101101000000000100100001111001
1001111110010000111101011100110110100001011000001000011100000000011000111010100101000111001011011111
1110100101011011101101100101111011000111110010111001110000100100110101111110111001101010101100111110
0001111000111110100011011011011001011111011001010011001100001010000000000000010101010110101101010111
0010101111011010011101111110010111111001000111111110000100000010100001100101010001110110001010011001
1110111011000001110000010101100000011101000001101000010001101100110001001000000100111010100100100000
1111111110100001100110000100110011111110001000111001100001101111010101111010010011011010010010111000
1100000001000011101001100010010100111100101001111101101100100001100110101101011000000001001100001111
1101001001101000110101011110010110110001110110001001001000011111010010001101100010100110111111110010
1111010110011100011110010101110110011110100100011101101100101110110110111001001110011111111010110110
1011000001001100101110111000111111000011100110010100010000010111011101101100111011011110010010000011
1100000011000110010110011001111101010010101111000011011000011101101000001110010100000100000000010111
1100100011010010110100111110111001000100001101111101110011011011111000101100101101010010011001110001
1100011100010001111011101110011101100101110000110110011011010101001111001111101001101101110001000001
1111010100100101001001101010100111011001111111011001011110001001011001111110000100000100011101101111
1001111010110001101101100010000101011001111001110101101010100000111100101111101001010010110101001010
1000110101011111110101111000111010010010011111010101010001110110111101010101000010110101110111011011
1010111111100110111100101011110100010001010111010110001100100001101000100010100100100101001100100101
1111011010010000111100001110101100011111101001000011001100111010001111100011100011001001101100110011
0011010100111110011010000101011000010100111011000111011111000010110010000011001000110011100111101011
0010110110011110010000101100010010001110101000100101010010000110100001111010001111101100100100110010
0101001011011011111011010000011101010001101010111100010100100111010010000010000111101100001110011000
0011111011101000110000101000001011100101001110000100101011101011011001100001000011100000011010011111
0001000110011011000111000100010111101111100001110010101001000110101000000011111010110001000101101111
0110100101110111101011110000000100100110100011101100011000100101000001101001001111101111101000011010
0100100110101100011111010100101111010101000000111111001011100111000011001111110001000001111001011011
1000100000011101100001000001010100001010100110010101101000101110111110110111011111110110101010101111
0101001001100011000111111010111001110000010010010110001000100110001100111010000100001111101100010111
1011011101101101000101010010011000100100011001000000110010011011010100110100110011100011011111001111
0011001010010011011010010100111110010000000101011000000101011101000001000010001101110101000010011111
0001001010101001101011101110011001110001111100000010010011101010100001101110011001111000001100011110
1011000000101100000010011110010001000100011011011111000111011111010011100011001010101000010101010101
0000111110111000110000010101001110100010111111011000110000000111101101010011100011011010100011010000
1011010100001011100101011010100000111011000000001111010011101111001101101000000000111010111011001110
0110100000100110101100110011011001010100111110100100111001000101101110000011110111110000010100010111
