1111001110000010111101001111000011101010010001111000100110110101101100010101001101010000110101111000
0000110111011100100111000110000001111001100111010001110011100001101000011001011101100110010011100111
0000111010010101000111100111010011001011001011011110100000101110100001101000100001110001101000101110
1010110011011010000110000101001011011001110011011011110110000001011000101101011111011111000011001100
0101011011110000011010011110100011100011011001011010110100111100010101110000010100111000001001000010
0000000101111110100010010111110110101100001100010100000000111111100101110100010100111011111001110001
0110110101000000101100111010000100111011100100011010000000111000000111111111101110100111001010001110
0001011100010110100010100010110011101110001011101001100100011011111011100111001000101100001001010000
1001111101110110101010001000101111101000010101110100101011101011111001000011010010010101000111100100
1010001100001010101011111111010111100110001011001010010111001011111110101010110100110010010000100011
1011111001111001000001101011010101101100010010000111001010010110100001010100001010111010000111101000
0010101011111101011110010110011001100011010101011101101000010110000100101010000101001110011110110000
0101101011000011011111101101000110101000011000101001101001100000010001100000110111101101110001010011
1001000001011000111111101101110110100011010011100011110100110000100111111001100111010101110110110101
1100000101000001100111001100110001111110100101000111000100000111111011010001000101101101101010011001
0111110111101101011100010100010110100110010010001011101000100001010011110010010001000010001110010101
0011100101101110111000011111101010101110000011010110001110010011100011101011111000010001100110100111
0110010010101101000110100011001110001010110111010101101110001100111110001111101101100101101011101100
0101110010011001110111011100000010101100111101111010100100010111110001001000101110011001000100000100
1010010001101011100000001011100011110111110110010010100110101000011111001000101011100000100011100111
1000000011101001000000011010101111010101001101011100101010110101110100110111100110111101110101001101
1001100110101111011011110101011011001000010111100101110100011110001111001011110101100111000010101100
0111101001010011100001111101110001010111011100010110001010010001001011001100011011100101100111100010
0010001101010110100100101110011011110100110100111100011110101100010101011010000101001010110110111111
1011100111100100100001101010110000100111010011011100111000101100000110000100101110101110010111001001
0001111000110010110111111101001000000111010011000010011001001101011111111010110110100010001011011110
1111110111011111110010010000101100111110011111010001101010000111101110010010010000110111001100010101
1001011000101100001011010111111001000011111001111000110101011110110111000000111110011001010100110011
1010111000110010000111110000101001000001011011111011010100100100111000010010101101011100000010111100
1010000010001100100010011001111001100011111110101111101101010011001011101110100001000010100111010110
0111111111000101000110010110001100011011101101100001100100010000000010010111111000101001110001100100
1010000110001110001110111110111011101100111000110111110010001011010110001000001011001001110011000111
0000000011000110111000000001110010010101010011001010110010010100101011000101011110100010101000110101
1001111001000011000010010001110000011111101011101010100010011110001100100010100001001010110111101111
0010011011011000100000010110000011111101100001011011100010000011110110100011000111011110000001101011
1111100001011001011110111101110101000100001000011100001010101000011010111111101110100000101110011110
1110010000011000000011101011010011001001110101010011111111010110101111000111010111110101010110000000
1001111011101100010111101010100000001011110101101010101101100101100010000100010110111110111110001000
1000000011100000101011100111011100010100000100110011000100101110010001100010011100010101010001110101
0110001100110001111100100001001100001001000110111011111000010100111110111101110101101100000011001001
0101001101011001000101011110011001010001001001001101101000010000010111100111001110111001010111001011
0000001111110000100001010101100110011011101000000111101011010101101001110110101111001110101001000110
0011011100000110110010111100101000011110110111000011010011010011111111001011011110110100011011100101
1101011000011010111110110101101000000000101010100000011010000110010010010111001101101001110010000110
1110111110010101100101000000100000100110010010010111101000110101001101000000000010111001111000100110
1101010001110010100010000101001001011100110011111011100111010101100111000101010101010001111000010000
0001011001000011001110000110110000100011110100010101011011101000111000011000010010101011100101101100
1001100001010101111010001000110010010100101111001111110000110010100101010010101100010100010001101000
0001000001011000010101111010001011100111011111010010010000110111110001000111010011110011001100100001
1111001011110111011011011011010100110010101101110010100111000100110010111001101011111011010011101011
