1111011011011100100111101001000111001110111110100111011111011010111000101111110001010111101101011000
0000001001001110011100000000001010100101000001110100111111101101011100110010010001001101011000110100
1110000101011011010101101111101100000011011111110111001000011011110100001100101001010101101001000011
1001000100010100100110100110010101001001100011000010100010001100110101101101010110110000110101000000
1011101001100101000110111101110101010111111110001110000110011111000101000100101100001111111011100010
1010001000011100011011001110110110101001101001101110111100101001101000110010000110011111001010000111
1110101111000000011001011011011110110001111001001001100101011010110000100001100000011100111011110101
0110111111100001001001000010000011100100000011110011101101100011001101100010100110011001011001110000
1100110100000101100011100111010000001000101011100000111101101010111010010000001101010101111001100101
1111011111111110101110001100011110001110110010100101100010110100110101100100100010010111100010111010
1101110101101001100101000010000011001010101011001110001100111100000101101001100101111110000110100111
1010000111110011100010010001110111101001111011101010101110101000110001100001010011100100111100110010
1011000011111101001101101001000110111100101011000000110001001101010110001001011100000000111000101111
1000110001011001001110100111010010111000101100101011011110010100011101011001100010101101100111100001
0010010100101101110010101010110110000010000001110101001110100000111101011111100110001100000000010010
0101100110000101001110000100101000111011101001011001100111100110011110110101100101110010001011000110
0111100010100011001100100000011000011000100100101001100001011100101010001110101101101010110100000101
1110100000100100111101010010001111111111011110101101010100100111110000010101101100111100010100000011
0011100000110011111010001111110011010010100001001001001001001101110110101100100101010001000111001011
0011001110111111101010011110100100110011110011010000110101110010001101000101011100100010110011001011
1000110011110100001000111101110111001010110110110010011010110001110010010110001111100110111000010010
0100001101000101011111000011001000010000001011111001100010001100101110010011110010100110100100001001
0010110010100100101111111101100001111011000101011000011000001111001010101000101001101101000000100011
1101010111010001111011100011111000100011111111100101100011011011101010101001100010111110110000010111
0001111111000111011111010011100011100100000110010100101100101001011011100011010101111110001100010010
1111001101110110101100001110100110000001111111100111111110101101001111100001010111000001111110101010
1000100110011111011111000100010110010101001011111101001001010100010010011011001100100011100000101110
1000110110010101101000110100010000001110000110011101111000011011100111011000110110101100010111101000
1101001000101001000110101000000010011000001100010000111111101010111100100110101000001000100101101001
1000111111010010110011100101011100011001001010111111010100111011001010111000111110001111111011101001
0011010110101100110100111100100100111011010001000010110110001111110100011010000100000000101110011001
0000100100110011111010101110100100101110000100010011010111010110110100101001110111000101101110000110
1001101000011000001001111001101101111101111010011000001000100110100010011000011010111001000010010101
1101101001010001100100111101101111001010110010000001010100101101001010011011010011001110001001110101
1000011100110110010111110000100100111101111001010011111110111000011001010100011101000011001001101110
1000001010000001110101101111111101100011101101010101100100001110000100010011001011111000001000100100
0111111000110100010010101010001001101010010010111111000110110000010001001110101010101011010111101110
1111111001000011110111110101101110100000101001010000100010011010110000100000001010110111101111111101
1011011001011010101101011011010000100000001001101010011100000100000100100111111010000000111100110001
0100101111010011010110010110100001000010100000010101101000011010110111011011010111100001101110010011
0100101111011001100011110110001101101111100010001110000111100001100110011001001101000001110010001010
0111010110010000010100000100010110100100011100110110100000100010010110010101111110010010101010111100
1001001001000111101011101000010110000010101101111011001111000011110101100001101100011100100101000100
0110110011100010100011011110000111000000001100011111010011101101110010011100010011000101111100100111
1110100001100111110011001111101011111100101010110001101111111000010001100101111011011100100101000011
0100001011001000101111011001011111000101111001001000000011000111100100000100011100110000111010011000
0000001100111011000011100011010101101010000101010110100010001101111111001100110010111010111100001010
1111001111101110000110011001111110011000011111000100001101001100010001000011011110010011001101011000
0001100100000010111110011101001011100011100010110001000101011011001000011001000111100101110100111101
0101101001000100000110011000101011100100011000110111110010101010110111111100111110101101010100010001
