0100001111011010100111101110111000111110001100110111000100110111011111100100111100010101001000101001
1001011101111100011101011101011011100011100001101110100001001010001011111011000100000111111001001010
0100001001111011101100000100100001000101101110001111100101000010001010100101111111001011010111101101
0101101111111101111110111111110000101011100011011011000110101100001001000010100111110010111111000110
0111001001001000100000011001010010110001011011001000001111010111001100111110111000100111111111111100
0001010010100010010100100000110001101010110010110001000011010011010010000001101010111011000100010101
1001100001111000110101000000110100101110000101000011010010010001110101100010100100000101011011111111
0100101110110101010001010110011111100000111100101111100111000111000111001001101101110000111000110000
0110100100001101001000110011111011000111000110001010001111010011111001101101101100000011000001100111
0010110110100000010111010010011010001100001111011010100101100000001010010110011001111010001000000101
1111110011110111000101001000010111100101000110001011111001011010111111011111101111101110010100010000
0000000011010010011110101110000010000000001000100111110101100110111000101011111000010010111001001001
1110110110001101000000100110111111011000100011110100110010110100001111101010111110010111111101100010
0001011000111000100101010011000111000100001001101000110101100001001001101001111001110010111110101110
1000011001100111100001000100010010011010011111001010111101011111001101101010000110011110011010001101
0110100000100100011111111010100000001011101001101111000010010100110000000010100001101100011110100010
1010001001011101111100001110101011111011001000110101000101110001000000011110110111011100101001000000
1110100001101001000001001111010001100110110001010011111110000111111111100001010111111011100110110011
0100101111001001001100011100101111000001100111010100111011011000100011100010010001111000111111101101
1000000110011010111001001110000010001101011100000111110000000111001100011011111010001001000010010010
1100011110110100010100010011011111101010101111010100110011010110000110011000101001101011110100011010
0011110110110110111100001011110001000111010100100010100110011011101010101001100110010000000010011000
0110110111000100010010110011110010111000010000101110001001110011000101001111111110000111001111110010
0000011101110010101010011000001100011110110111101000101100110101101001111010101111011100011011001110
1001011110101110111011010100100010110111101010100101001110100110010110101011110100101111000100101111
1100110111101010001111100010001001111101011001010101100110001100110111000101111010111111001001110011
0111000001010111100000001110101010110110000100010110110000011110010001000110101001010001111110100011
1110101001111010010111000010011110011001101011100011000111110011110111101010011110010001010100110010
0101001001011010100101010000011100011001111011100100100000110000100010111110011010000001001010010011
0101000100101001101001010110110011101111110011100101110110101111110110101001110110101000011011000101
1101011000000101111101111101010011010110011011100010110011100001110111100011010011000110111011111001
1011100010111010110100011110110101111001101010101111011101100110011011000001100100010101100111111101
1011111000101110100110000010010101101100000011111011010110011101010000011100000001010000001010111111
0001111011110010100011000010100000111101001101011100110101011000110111110110010001100111100111000001
1011010110000010000100110010010111100001111010001011010000000110001101110110101100000011100001111001
0110101011110010011010101111001111111111100100010110100100101111011010011110011011000011110101001011
1111010100111011101101101010001001110010010100000111111100110001101000101011110010111100100110000011
0110010101101011000010111011000101111110000101001100100110000100001111110101001111101110101011001000
1101001100100011001100111111000101111111011100111100001001100001110011111011100111100100100100111110
0110010100110011110111111101000011101010001011000001101010101100101111001111001101000100001001010110
0010011110101010000110111101011000001101111110111110001101011000111001111101000000011111000001101001
0100110110111111011111110110111010110111101100111101011010100111111111100111101110111100100011101010
1011001110111000001010000101100111100101001011110110110010011001101011111100000111110101110101111010
1100001000110010111000100011111001100111010110101110000111000111000110010110010001001000000101111000
0101001001011100100111001101110101101001000001000011100011000111001010011010111110100011001101100111
1001100011010001010101111110001100101010001011100010111100000010100000100100100111110110001000010101
0100011010010011000111101101111001100000100010010100100100000010010110101011010000010011110100000001
1110001110110101001000111101010010001001111001001011001000100110001110101010000110100111101011110111
0000001100001111001001110010011000011100111011100001111110000011101111101110101110101101000100110000
1011100001111001101101010001111110111100010001110111001001101001001101010100010011011101010001100100
