110011110000110111111101111110111111101111001111111010100110
100100101111111111100101011001110111110010011011111111011011
100011101011110111101001011110100011010101010001011100111010
110011001110010000001010111011110110001100101110100100100001
110101000001000010100101011111010011111010110001000001101110
110000110101111110101110110001011100111000000011111010101000
010110011101000111000111111011100111111010011001010000101011
101011110001100110001010001011111111001101111100010000011111
110001010000001110001111001000111110100001101101101010100100
111010010010000011011101011100000000110101110100111101111001
111000001110110010100010100010111101011111011111111111110101
011011010010010010000011111110111001101100111011010101111011
101011111001011101100101100001111010011100000111001111001110
010000100010101011000000011001000100110001011100101110110001
111110110100010111010100100101011000110100000111101010011011
101100110010100010101101101111100101111100010100001111111101
111001010000110101010111100111110000011101011100101000110111
001101111010100101011111110011111101011111001011001001110110
111100011011011111000001101101011101101010110010011110111110
000110011110001011101010010011000001111101100001011110100100
001110100000101100110101101010001001110001110011100011101010
001011001100010001110100001010000100001111110011011001110001
110011010111011100010100101101100011011000000001001000100011
110100001001011101110110010000101010001110101000011011001011
110110000111000100010010011100100111010100110110100111000010
010100001001010110010001101111001001100000000001001001000101
101101000001110000010101100000111000000110011100000000000101
110101010101010011001011110010011100011110101101000000001100
101010000101001111111111010101100001111101011001111001011110
001100100000100101000001110000011101011110011100011100001100
000110100000100000001010000001000111010010111010111010010000
111110011110000000001001100111100111011010011001101001011011
101111011001000101010000110100100000100011011010010011011111
010000010001001001011101100000100000111010110001010101110110
001111011011100011010101110011000011010000001111011100111001
110011011100010100101101011110110010000011011001001111111010
100110101011011000100110000100110111111111111011010011100000
111101111110111100100011011000111110011000010011110110001100
010000011100110000010010100011110101101110011010000001111110
101111010001101100110011000000001010011011100100001110011110
