011010011100100111110100111101011001110100110000111001000010
001101110110101010111110010011010111100110110111110110000101
011101110100101101000101001000101110100110100011101010110010
000000000010010010111110011111101000001101100100011011000000
010001000010001001011010100101010010100000011101001110010000
110110000000111110011011110110010110001000011001000010001110
100110101010011101111110101000111101000101100110001011000101
110111010000010001011010011001000000110011101001111100110110
001100000110111111001111001011100110011011111111110111011000
101011110100110110001101000010101110010011110010010001000111
010000011000101011111010101000110001010110110000100000111000
001001100101100010000110100101110101111110010100011001011000
000110111100000000110001010001010010000101111010011001111010
000111000001011011011000010001110011110111100011101111100111
110010001011000010000111110101000001110000001110000101011111
111111010100010010110110110100000010001111001111001100001010
000010001111000101111100011110001110100110100000100001000101
001110100110100010110100100111101111010001000101011000110001
000101001111011000011100100110100110100101100100111110001110
101001111101000110010010110110101101001111011101101000100001
011100000100101100110000011111100000110000011011110110010111
101110110110101000001010100101001101110010011011101010101101
111011000111010000010011000111101011000001010000011010101010
111011011000001010101111110101001111101011111110010100001001
110001001101001110011100011101101101011011011010000100111010
111111101111000001000010101010101001100101101000110001001010
001101111111000100010110001101110101011010001001011000110001
111011110010110011101011010001010001110010111111110101010100
101011110100111001001010101000100111111011010010010110011111
001010001001011010100110010011101000111100001101100111110111
111010110000110011001110110000001001110011010111111001100011
110101011110101010100001101100110000010011100100010110000100
110101001100110011000011000110110111100100010000001101010001
011011011101011101000111010000110010101100010110100011101011
110111101100000110001001101010010010001010101101010111010001
000001010101110010100000010110000100001100111111100110101000
001010001100010011011011111011000111101100110100111111101111
101100101011101101111100000101101001100011110100010111010000
001100100001011110001000110010000000110111101010100011010101
010101000010000000110001001000010010101001100000100101111010
