101101011111110001010101011101101110010010110101001010011000
000001011010000011101101100101101011101111000001110001100010
101101001001000001000001101111101110011000101000110001101101
000000010101000001110011101001111000110000110100010000110100
011101111010101111000110011001110011011101111110111000001011
111100100000000010001001001110010010000010011011100101101011
010100001001001010111000100111100110000011001000000001011101
100111111000011101111100110000011001011001000011111000000001
101101001101100111010011000101111010001011101011100000010010
000010010110001000100100011010100110110011001011010101010000
010011101000000101010010101011100111001100111000010110100101
100010010111111011100111011110111101000011001101010101100110
101011000000000111010110010101001100101000110010101111111011
100011011100100111001110111100000111100111101110011101010100
010001001101001110100101110011011100101001011101111010101110
001001111001100001111010100100011100101010001000000100001110
000010000110011010100101001011110000001110001000001011101010
110011110101000111010111000011001101111101010111011011100111
100000011011000001110001110010100110010110010011101010111010
001101001010111101010101000001111010110000100000110011110011
100110001111000100000000000100001010011100101000000010110100
101111010100100101001010111111110100110010111000100110001000
100110010100001011101100000100101001010100111010111001000001
111000011100010001100110101101010100010110001111101000011100
011000111111001101111011111111011101100101110101000111101011
010101000111100100110100110001011100100001001111100110110101
011110011111111101011111110011111001001001000010000101000001
110100111000101011001011101000101111100000000011101111110101
111111101010100000110110001001011001101110001110110010111111
111010011001111010110001001011010110110011111101100110011101
110101101110011101000101000011110010011100011010111110001000
101010100101000111110110001111101000110111001000000000100001
111101110110111100011111011011000111111111011011000111010010
001101100111110000101001101001001100000110000100001001101001
110100100101110010010010110101001101111001110000011001001111
011111010111011011110001000111100110000101111111111001101000
011001011011101011101101110101011011100010011101001001010111
000111111010110001111000100111110000101000101111011101011111
010101011101111100011101101011001111010011100110101000000011
010101001001101010111000001001000001111110100010101100101111
