010110011000000110101000111011111101111010000110110010001100
011110010100110110000111101001111110110001111011011011010011
100101011101101000000001100110111000110111101001001111110010
001101001001101111110000100000010101000011000101111110100101
110001011100111100010100000010110111100111100001110000011000
100010000000010101011001010010001000011011001000100001010110
111100000100010000111110001111100110111110111001100110001010
101000000011100001000111001000001000000010010101000111001111
000001001001101100110110100011101111001011011111000111010101
011110010101111111111101111001110100001110010001100111001010
010100001101111110100101100111111010011011111100100001000111
100000110000100000101001001111001010001011000000100110001011
000011001011101110001000010110010011001010011000101011000001
111011110010100011011011001111110101001101110001110000111010
111011001010010011011110110101100110101001110010001011110100
111000010010001110011100001110111000001101000110100100110010
101010000011000110111111000100100101010101010100000111011010
101111011111000100000111010010010011000010000111100100010010
010101011010001101000100111000001010111110001000010111100000
100100001100111100110100100101011000010110110000001010011100
101000101010110110100001101101010001111110011101101110110110
110011100100010100111000101100100000100011101001111000111110
011100001110010100110101010111000111001100001111101000110110
111101010110111000000100001010100011101011110000110100010001
001011010001101101111100001101000100111110001010111001101111
110001011100101001011100000001110010110001011011100000101010
111110111110100000101110100110000010000111001001001101001101
100101010011100010111100011110111001100110000111111111001001
100111111100111011111111110010001001011101000010101010001011
100010001000111110000011011110100100111100000100010110001100
111011001010110111110010110010110000001000110111100100001001
000011111111000011011111001101110000011011100111100110010011
101111111100010010110111100001000000100111001111100111100110
000101010110011000110001100010101001000101111111111111010111
011101101010101100111000010000100011001001010011000110110100
011001010101110011010100111111001101001010011111010110100111
111011100100011001011010001100100110010010001101110000110001
101011110000100111100110111011110101010100001000101110110101
101011110101001010001101000110000011111001110111000101001101
001000110101100111110101010100100110011100111010011000111110
