100111110001101011100101011100001100111000101101000010001010
010111001101010111110100001000100110100011101110011001011001
110100010101000110111100000111011111101010001100100100010010
111001011101110100101100101011101000001101001001100000111110
101111110110001000111101110111010001101000011010101111110011
110001101111010010101000110111000100000001000011101001000011
010001100000001010000011100010011000011101000001110100010100
111110100010001011100101110010101100010101111110001111001101
011110001110100001010011111001000000100010000011111100100000
101000000100010010011000111110010100010011101010101010011011
111001101100011110110100010111110101101111010101111110000111
001011110100101000000101001100101011110100100000010000100111
100101010000000101110100111111101110110010011011001111001101
000011010100100101010101110101010010011110101010010011000100
110100100001100111101010001111101000010010000101111101100111
100010010110100011001010010100000011111101000101111110011000
100010101101100110110001100010101001001011111011001010000111
001011101101111110101110100111101011001011011101001110111110
000011101011011101010111100111100000000101010011111001010010
111100001001010101000000110000011000010111101001000010101101
100110101100101000110110110000000110010011101011110111100010
000100110010110000011011101001001111101001011111000000011111
001101111100110010101101010111010010001111101011110001011011
011100001100110111100110000000000010101110001110101001100111
100101000101100000000101101110001001000110001101011110001001
010000010010010010101111011111000111011111010100101010101100
010111101010100100000101000100001000100001011010111110011100
110111100001000000011100001111110111111010001101100001101111
011001000111110110010001111101011000111111100010000000100101
011000001101000001000111001110010001110001101100010000001100
111110011001010100101111100010110011101010110110010110011000
001111100001101010010111111010011000110011111111100001100010
000001101001101111010010110011001111010011101011111101010010
110101010000111100010011000110101001111011000001000101110101
101000001001100011110010001001110010111110010101100001100100
100111000101001110101100110100001111000111111010011010111110
001001000000001110000101010110011001110111101000000111110010
010110011011111010100010111011110001001100000111111010100111
101101011000000111001100010110011101100010100110001000010010
110100001101011111100110010000101000011111011110000110000111
