011111011010000001010110011100011100011011101101110000000111
101100010100010000110101001011011000110001010110010101001110
110111110110000100100100101111100111111000010110110111111011
110110111010000110101001010000000010110110110000001110100111
100100001001000000110010010000110010010111110001011101110011
100100101110000100100010110011100110110101111100101101010000
100101000010100111111011101110101001101011111110110101101011
101010011101010011011001111001100000111111111101111101001100
010111000111010011011100100101100001101101000100100101111000
001110000001010111010011010001110000110010100100010011010000
001010101111100010110011111001101010101111000010101011111010
110011001101111110101110111011000110011010001111010001111110
101101101010011110000111111001010001011100110101001101100010
000001110100010101110100101001101100101000001001100110010001
111011100011100101110110001101010110011110100111101100010000
000010111110100101011010011111011000110100001010111110001111
100010010110101001010000111010011001110000000011100011010000
001001011101110111000010011110111101101101000011111111010000
100011100101001011000111101010101100100001101001000100101001
000110110001110100110101001000011011101110000111111010110100
011000100100110111000110111011110101001011100000000111001010
100111100111101101101010010011000101111010010101111110101101
100100100000110100100100000000111001000000110110110000110010
111010110000100000010010010100001010101110001111111001010000
111110110110110000000101100001111110110101001011000000010011
000000111011100100000111001001001011001100110010001111111011
011101010010101001000111001000111000010010100101000111000011
010001000000100000111110010001001010011011011101101110010010
110110110111101011110000100000001001011001110111001100001010
000100101111100100100101111101000001111111110100011101001111
001110000001000000101010100110100000100010000100001100000010
101011000011011101011101001110001101101001111010101101001000
110101011000000011110010001000000110111011110100010101000111
111000111000010000000010101100000101010001000100000010101111
010101101011001101101000010110100000101110101011010011110100
100110111001101110010010010111110111011101011010111100100001
001011110100100010110111101100011101101101000000110100010010
010000000001001001111100111100000101000011110101010101011001
010100110101010000011111001011110011001101011011100010010000
001001001110100111100111000111001001101001010000110010111000
