110100011111011101000110000110001000001000000000110110110101
010101011100011100000100000000010001001101001000011110010101
000011100111010110011100101110001000111011000111100010111000
001001111001011110000111010010011011111000100010100111010110
111101010111101011001110011111100001101111100010001101101000
010011010110011101101111101101001011111101111101110100110100
110100000111111011111110000011100010110001100010001110111101
000101100110100101100100011101110000111110000011001000011011
101101111110101100011110001000000001000011010011000011011110
001110101110111010100110001100000110110100101001100100111110
100110010001110100011101111100010001111000011100011011000000
001101000111001010010010011101111111110111111111101111011101
000100101011011010000111011001100100010111000010111110010100
010011001010010000101000101010011101110000000000111010110101
001010010111101010111000100000000001001110001100110001011111
001000000100100010001001011001000011110000011011011001100100
111100111110100010111010101010000011001101010000110101011110
000110000100010010100011011110001010010011011011011101101001
001100100011010111011001111111101100001000101111100001001101
101101000011100111110001111110100100100000111011000100010111
000000111000101111101101011100001011010011110101111101001110
110100101111010000010001101000111100000110000111000000101110
100100010010010111110111010100000010001111000011111101110011
001011000010011100101111011001001110010011110011000100010110
010010001110101101100100011101100101011101001000001011100011
011000010010001011000111011110100101110011000111001110010110
001111010100100110110110011010011001111011011011110011011110
111010000100001001110010011110001110111010000111001000111011
011000111000111011111111100010010111010111110111010000111101
011110011000000100011110111001101100100011010010100010011001
011000100110000110111101110001110100111100101011000101001100
011000110110001001100011101100001010100010111111101111010110
000101100000010011101010101110100100111000110000001010110111
000001110101010110100101010100001100110111000010111111111000
110001001100010010111101101010001001100001000100010000111111
001001101011101000101011110001010010101110010010111110111011
010111011001001100010111100111100011010101111011000010010100
010100001111001000011001000100011010110100110000001110110110
111000001110111100111001011110000000000110010100000000000110
100101110111111000011100010100100111000101101111010101100010
