000100111100010100110110100010101111010000000110000011011011
000111001101010110010100001100000100001000000001110100010010
010001011010011001000010101101001110000100010101100101011111
011011111001111100011001000100100011010111111111000011110111
010111111001100011000100010001111101000010100011011000110110
001111000101011000100010110110111111110001010101101101000101
100110010110011011101100000001011110011000100010110101110001
001100001001010000101000010111001011000100101101001001101000
111000000001100000101000001110100000110111001010111111111101
101100011110000001101110011110111101100000000100010011100010
101001001110001100111100110000111001010000010101010110111011
100111101100100000011101011100010011101111110010101101001011
011001011110011000111000011110001001110010101000110110100000
110011101000001110110000000101100110001111111110111010100101
011001101001011111000101000010100100000111010001101011111110
100000000100011001011110101011101111001001000011001011000001
100101110001000010011000101111101101100101101000011101001000
001101011001101110011011100111110111101101011011001001000101
010100101001101101111111010001110100000010010100001000111010
001101011111101110001011110110010111100111011111110010111001
001111111101111000000110100101000100001111110001001101101110
101001001001100101010110111001011100110101101000111111010011
011111101010110011011111001010010100000111100111111011011001
001110011011010010101110000000001110110001101001110100101101
010100101001010100000010100101000101100001101011110001000101
100011101001100101000111100110101011001001011011110101100100
011111001101011110101000101000110010000110011010101010110101
110101100100100011001101011101101110111010111110111100101010
000110101011101010000011001010000101101110100111011100111010
101000100010110101100100101100000101111110101001010000001001
110101111100100111010101100000010111110000110110110110100000
101011011101001000010000100100001110111111011110011000110001
111101001110101100001110100000000101101000111000010111011110
000110111001111010010001011011111010010111001110001100100010
000000011111001010000011110100100110011110000100100000100111
111111011001011011000110000001011001000010101100001001100011
010110011100001100110011011100001111110111010000000111110110
011111101101001010100011001000100011000110010100110110111000
000111101011001101010110001110010001110111001001101101001001
110000111010000000100010110000000000010010010000100000100001
