011111001010011011100111101011011110000000111101100001000001
111110111110000010001110101010010010110111100100010110010000
010100000000001101101101111111100000010011011101110100100100
110111100011110111100110111010001110100011011111110010100011
010111111010000111001000000001000011001101000001110110000110
011011001000010110101001101011000111001111010011101100110100
111100100000101100101100000101011100111100101100110111101101
110101000100001111110100011110111100001001101100001100110100
001011011101101001010101100000001010011100111010000011111101
000011111111000011110011000111111111111000000111011111010101
010101000001110101000101100111111000110101110001010011001010
110011111010100000010110011011111101011110000011001010001010
011011110111111010101101111000001001110101010100010100110000
011110010101111101010100000101010000110110011010010010011101
001110101110001001100100100100100010000010010100101101010111
000001101110100010011000000111101000101000011010011101100010
001100110111111100011101111010011111100000110110100000101100
000000010110000001001010111011001011111001011101000101111101
101011110100011011010011011100011001010111101000100010010111
110001001101100001100010001011111100011010101110011110001110
110110010111011110011011011000010110100010110110000111111000
010110000100111110000100111011001101011101010110100100101100
100100110001100101100001001111000010010100111000101110101000
000111000000110111101110111111001000111001010101011011111000
111000000100010111110011010011111011011011000001110101111111
011111110111100111110111100101000000110110010010100101110011
001111001011101100010111100010110000001001000111111000001101
100011011000110000111100001011011100010101001101010111100100
100100010101010100011000000100100001111000011101111000001100
001010010000001010010001001000001011111110101101111111001010
110010111111011100010110010001000010011011010101111010010110
101100001101011101100010101011000011010000000010011001100111
001100110010010011000001011110010101111110110111010011011100
101000111110101101101011110100111100000000001000011100100000
010100100011101101111101101111001101010111001111011111101001
101001101110110101100010111110101110110100011100110101101100
001001001010100001010000011110011010010010100001111011110001
010101110000110100001010101100101011011110001011100110010111
010111110111010001101010111000001111001000100111011000000010
100110011010001111101101101111100011010110010101010100101010
