110101001111011010101000101000001001011000010001110011111101
111000111001011000010101111110110010001001001100110001010110
001000110110100011001000010110000001111100011101100001011011
110011011011001010110011001111011111101111111110000001000011
010001110111101111100101100010000000001111100010001010111011
010001101011110001011001111100001011110011000101011000010001
011010011010111001110000111010111111110001010111001001111100
000100111010100001000010101001101110010110101100110010100100
000011001110001011011010100011011111101111001100110010001100
000111110100101010010100010100110110001100110110110011100011
001111110011111010000000101010111101000000011100001101010010
010000101011010011010010110101101000000101111000110001001010
111111101001000001100000111000000000010100011011000000010111
111100111011010101110011011010100000111100111100011101111001
101110101101101101100110110101001111000101101001011010100100
000100100110010110110110000111110000110101010100110101101010
100000101011010110101001110011011011111101100000010100011101
111101101010001011110010001000110100001001101011101001110110
101000111010110001000001111001111010111001111001110011011111
101110101001111110110001010011111100111000010100001011110001
001010001111110011111100011111011111100100100001101100011001
000101101010101100000000111110010100110100101000100110111011
000110011010000011000110000000000100011110011100111101111100
000111110001110101010010010110110111010101010110001110000010
101100110101010100111001011111011011001110000010000101111100
111011011001110101100111100010011100100010010001011001101010
110000010101000010000110001110111010101011110010101101100101
110011101011110010111101000010101101000111100001110010001100
010001001001001101001010011010101101100111010110110000010100
000000011001010000001100101001010010010100010011101101011101
000000001010010011000111110000111010111010110100010111111011
011010101010011100110100010100000111100010011011101101110111
001000110100100011100101001011000100100000010010110100101001
110010101001101011111110010001100000011010110110110101110010
010100011101010011101010001001111111010000110100101010101000
100100110110111011010100110101111010001001111001010010010110
101110101100111101100001000100001001100001001100100000110101
110010001000001101110110011011100011011010011010001110110100
101111010010001011100000100001111001010011110010100010001101
101111111101111000010010100100010110001010011001111101101001
