010000101001111111000110001100111011011101000010111000110010
100011110111101110110000011001010011000010001110111001010100
000010100000111000100011011011000101101111000101101011101000
100111111010000110100000111101110011100000011100010100011000
010111000101011011100111000000100000001011111100111001010001
001001000111110001000101100010101011110111010100011000001010
100110111000111110110111000011110000000111111000011010010100
010111100000011110100001111101110000001101100111001000000011
111101001101101000110101011111011110101111011010010010100101
111110001110011110000100101001101111000011010111011011111000
001000100111100101010000111010110100110011110010101010101101
110001001010110111001011011011110000110000100110111110110110
100101000001110101000011001010010101101110000101000011110010
100000110100110011110100111111100000111011110101110101111000
000001011101111111000100101000110100001001110111001101101011
100001101110101110111101011011011000010011010101100001101100
001001000011011001101001100001000101010110001111010010010110
011111011100000001001111010110010010001100011001010001010111
110101010110110010001111101011011011100010110110101010100110
001100100000001110100000110001001000101010001001011011101101
000010111100100000111101100101101110011010111111110111000101
100101001011010101111110000000011101011100001000100101011011
011100100100011101011101100001010100101100011000101100101011
110110101100000100011101010001101100010101010010010011000001
010111000001000100111110010110010011001111001110011111000000
011011110010111111110110111001100001110001111011110111001101
001000011111011001000110000111111111100111100010011001110001
010010100011001011001100110000001001001000110001101000110100
011100101110101010101001111001100101000010010010010111100001
011010101010100000001100010110101111100100000011001110101110
010110101101100000110110011011000000001001111011000110111111
010000011111001110000100110100111011000011110100011011010111
011001011000000011000101100001001010011101001110111001000011
111010110100100000000111100101010111101001000011100100110101
100110000000101011101110110010011001100110000001110110101000
100110010101000001001101101101100100000110011010010111010101
100011101111110001000010110101010101110111101100011001000011
100000000010111011011110101001010101101010011111101101101010
011110100110111001111001110101110111010000101111111001100011
101100010000101000111100001110101000111110101001001101000101
