011011110001010000001110100011010100101111010111001011000011
010010010010000011001010110101000000111000111110110101010101
101101100111010011010000010100111111000110111100111100101010
111000010110011111111001000000001100000101101011101111100110
010011111001111011011001110100001000010110000001001000000101
100111101000001110101101011100001010011000100010000001010001
001001010101011111010011101110110001110110101100011010110000
110101100100111010000111010100000011111110000010111011010011
000110010000010100100000001110110010000100000101110000101101
001111000110111111111100000001010010111011001100100011111111
011110111001010000101111110101101011001011110110110010100101
010110100000010110101110110010000111111110000100100100111010
101100100011111110101011100001101111011000011101100011101001
110010101010101001001100011010101100001011000111100101010100
110110110110110000101101000000011100111010001001100010100101
100001000110101100111110101100110111010101101000001101001111
001010101100010000001110110110100000010110101110111111110100
101101100001100100001100010101110101000111011100011000000110
101001100101001010101011100000101000110111110001001100110111
000110101111110111110001101000101100101010101111100000001100
000100110010000010010110100110000001111000111111011000110011
110010111110011001111000010111011000001101000001000011101111
000101111100100001001001100101001000100111001001110011100001
001010100010100001001011110100100010011011000100110101001110
010100111101011101101010111111110011011010111101100000110110
101100101110000000011101101011100100010001010011101000101100
101000010111110101100011110011011101001101010011011111111100
100111000001000001000100111110011010110010000111001111100001
101000101101010011101010100011000101110101100100011010000001
011110001110001000011011001011110100011110001000110111111110
010101010011111101010100100101111110010110011010001011001000
001111111000010001011010001001101110010101000100100111011110
101110000110000000100001100100001110111001011000000101101011
011010001101011110100001111111100001011101000110100100000000
010101110111001011110010111110001001101101101101000110110010
001011101010100000010010010000101101100011000011011100000100
000100000101011111100010001110100101000111101001110111001000
110011110100110111100100100110100111100011011111100001100011
010111110000111111111001101011000101011111010011100110010101
111001001100110100111111001010001101111000100001010111100001
