1010100001010111111001011010110111111111000001001111100101110101010101111111101000110010011110110101
1010000101101001000010111100110110010101000010110101010111001001101011100101010001111110101111011101
0110010110010011110010100000010100000010010111100000011010000000111010101000001110111001010100001000
1010010101100101100001010011000000111101101111010111111100000001000011111111011110101100001111011010
0000100010100010010101111111001110010011101001001111001101100001011101000111011111111000111101011010
1100111000111111010100001011010010001111111111100101101100101001111110011011010100111111101010111010
0111111011000011011101011100101011100101101111100101101111001000001101001010101101000000101100010010
0001010110101000000100001110101001000010101010000011001010111010010110010000000101101111000010000100
1101000100000000000010011001101011100010001010011011000000111001101011101010011011101111001111011010
1001010110111100100011001001001101000000001001000101101001111101011101101111101111011011101011010101
0011000001000010111110011011000110111011110011110101000001101101101011101101111000011111100101101100
1011111110010000010101001101100011101101100000110110001111011101011101011111001111001001000100100011
1110000011010110111000011100110001101111010111011001000110111010000110010110101000011010011110010100
0100011011100111100110111110110010010010101100101001000010111101101011101001110101110111010101101110
1100011101101010010001001100001110101011001110010000110101011010101111000000010001100000010101100000
0110111110101000001001001100101100100000000111010100011100100011101010101100110000111010110111000011
1101100010000100100111010011000111101101101000000111100100000001001011000000110011101000110101000000
1011100100010101000100001010000101011110101101010101001101011011100100101100101111110110001101010010
0110001100001111001011000000100100011110011010111001100001001011001111011100100011001001001111111101
0011001111001111111101001101001010101000001010000101111010000111010110100111001110110101100010110101
0100010111110101101101010101111000001010010100110001101000011011101001111001000110101111010100100001
0010111001010001101101000011001101010101101111101001011100111100101111010001010000101110100010110110
0100000101100010111010110101110011001111001101000011111000111101101001111001111111011000101011100110
0000000100110100011111011001111010100111001100101000001000111110101001011111101100101010000101001011
1100001000010010010111000000011001101001101101010001110110111110010100100001111011111110111101001010
0010000100000010101000101010111100100011010111111011011001000100110011110110111011010111110111010110
0100011010001011110011000001100110010111011011011110100001101011111110100000100111100010001011000101
0000100101111010001010011111000111111011111010101101000000111101111001000110101011101000010001110010
0100000000110100100111111000011011101011001111101010110110101111111100000110001101110010101010011100
0000010101000011101101101011010111110010101010000101101010001010011011010100011010011011110100010101
1110100101101100000001111011101011111010011010110101000001000110110010101001001100010100100100110010
1011101010110011111000110000000101011101110100001110101001000000111100101011101110101111010100111011
1110010110101101000110000001110110100111011100101011011101111011000000011101011010110110110001111001
0111001010010001100101001011101110100010100110001011110000101101000000100100100010001111001111100011
0110011111011111100000100010000110110101100100111010101101001110011000000001101001010101001110100110
0011100001110011000011101100110001010100000000100001110100101110010010111101111000101100010110111010
1110011011011110110100000101001011011110110001111001001001101110011011100001110110100000010010000011
0000110011100001111001001110111100101010010101111101111100001011101000100110101110111101001101011110
0011111100110100100111010000001010111111000111000010000110001101010101111111010011000101100100100110
0000110010100001010001011011000000111000001111001101001110001011110001010101011001000100001001001101
1110100011010000111011111010101111010111111111000100100011111101010011111100011001100011100100110011
0010011011001011101110111101001100000111001111101001100000110000001011111011110110110111111000010000
1001010011100111000000100111100100010101100000110001000111001111110111100111101110011100111011101100
0110010110010000111100100010111110000100000011010110000010100010110010000000010111100101010011110000
0110101011011110100101000010011101010010010101110001101111000111101001111010001111001000111011101000
0001110011001000111000110001010000010100011010111001001001100010010001011010111101110010110011111010
0111011011000111001111010011000100010111001000011111010010011010100100000111000010110100100111000000
1001011000001000010100011100110101011110010001000000010010011110001110010011011011011010011101101011
0011010000111010001111100001100001100011010100011000001001000101101100101010101000000001100101111111
0001101110111110100011000110011011011000111100100111101111101001010111010110010001111110101110100101
