111110010101100100111001000111100111000001010110010101001101
011111101000000001011000110011001101001101100001101101100110
000101011101001110000111111101111011110100110100000110110110
101011101001010100100111110000111001110110100111111101001000
000011110001000011010110110010100010011000000011101010001110
011001111011110000100000101000011101110001011101000001000000
110000000010101100100111110101001001110111101100110100100000
010010110010101111001101100010100000010000010111010101111010
111111101101110010110110011110001010110011000101110001110101
000111001110010011010101000100011111101011010001110011101110
010110110000001110110111101111010110000011111000110100100011
111100111100100000011110010110111011101100010010100100111101
110010110000000010101100111001010101000000001010101110011100
101000100001001001100111101101101110111000010011000000110010
011111101011101000100000101101001110100000011111010000110110
011001010001101000101110100010111001110011010110110110000101
010100011111101101110111011011101000100101000111111111101100
001001100010110001001001110101110000100110011000000110111111
011111100100100100111001001101010101011010001110001011111001
010100100110011111110011001111101110001011100110110011100110
001011111111101100011001110001101101000101001101000011110000
111010100110111101110011010110110011010000010000001111100000
010111111001100101110011001110111000001000011110011000110001
011010101101111100101010000000011011100111100100101000110110
001100001100100001010001001111101101110010111110110000000011
110101001010110111010010001001110100111010101100100100010000
101111110001000111011001100000100010000101010111000101000110
100101111100010000000011010110000011011100010101011110001011
110011100110010100100111010101111000110110100110101111010101
100101101100011000010011000001101100011001001110010001000011
110101100101110101111110010000001000101101010000000000101011
001101011101001001101001101011010011111011011111111100010010
010100110101011010110111110010111110011101111110011001011011
101101010101010000011011011001011110011001011001000011101111
001100100111000100010011111001100001010010101110111001111001
110100110110011111000110011010110101000110100010110101001110
100110100100000010101101100100110011110110010001001100100001
001101010101101011010000010000111011010110000010111111111011
100110111010010010100000010110000000101101100001101010111111
101111111001100101001000011001101011000100010101000010010100
