100100101000101001011101010011001101100010110010000011111010
000010110100010011000111001001011111111110001011010010001011
101100010001110011010100001010000011101001101111011100010111
101110010100110111101100011011011000111000000111000001101010
011111100000111110111111010000010011000000000101011110001101
111111100001101110100010111011011111110011100001100000100110
011001011010010110111101010100000111010110001010011110000110
110110100001110000101110000100100100110000010101111001111111
000001111110111110110110111100010100010011110010001100100000
100100110011010100000111010010101101111010110100000011000000
000010100001001100100011010000101011010010011010010101010011
011001101110101000100000011000110111010010010100011101011011
000010111110100010000001101010101100010111000011010101100110
011111011011001011001000000101010100001101010011100111010100
100000001000100000000010110101101000001011101001101100011011
010101110010111001100110111001100100001101111100111110011111
100111010010010101110100111000000100110110001111001010111100
111010101111000101010111011100010011010011000011101011110110
000101010111100101101101101111101111001010000110111101010010
000011010010110100000010000100011111100011010111110000001111
000011010011100110011000001111001100100111100111000111110001
010110000011111000011111001100001111001110011010000110100000
101100100111110001101010101001110101101100011000101000111001
011100101101000101101101010100001001101010011110011111110111
101100001010111100000000011010011111000110100101001101000101
101100011010110101111101000000010000000101111110100100011111
110010000111110111001011110100011110101111100110100100011010
100100111010100110000111101101000110000000000001100011101111
011100010011100001011100001101011010001111001110010111100000
101100100011000011000101000000001011010110110101101000001011
110101000110010101110010100100001011100001111000110100110010
110000011101010101111000111110000101001101011001001011000010
100011001110011110111100010001111010110111010100110110001110
101110000001111000010101100100010110101000110100101000000101
100000000000101100001011110110011100000010011011111100111100
110010010011101111011110000111000000100000011101001111111011
101101011011100001001111001101001010011110111100011110111100
101100101101011110101111001000100111110111111101101001100101
101010110011101010110001111100001011110011100110110100010101
001000100101011101000100001101010000100111000000101010111100
