110110111010111011110011001100011001101000001010100111111001
001110101010010010100111101001100000001110100010110001110111
100101001110000001011011101110001011110011011001011110010011
011110111101110101100011001000110010110001010010110000001000
111111000001110000000110011001101000101011010100110000111101
100111010110101100000101000000111000101000110001001000011001
010111101011010111101111000011001000011011101100011110011110
011001001101101010001101111110110100000100011111110011010101
100001011010011001011111111000100000100001100010101101101001
110010101101010001110001100110110011101001100110110010110101
111100100011001000100010010001000011011011010011001110011000
001101011011000001100000001111000001110001000010011000110001
000110010100010100010011111000000100010011010001010100110110
011000001111010000010100100101101001001000100100001001010110
111010111000001111001111110100001010100100010111010001101110
010000101110100001011010111101101000001000000101000000000100
101011100011000111000000110111101110010110110010000011010010
000100101001011010011001010000010101011001111011111011110000
001011000000011101110111101111111010000111101100000000010011
101111010010110001000111111001111010000111000011110001010111
000111011000100110100100011010110001110101101011011110000001
101011101000001110000011011001111011001001100011111111000101
001100000101010110010001000111000101101110101001111000100101
011000000000101100000011100100110111111011001010001000101101
011111100111001010010000001110011000001010010111001101101001
100110110001010011111001001011011110000101001111110010111101
000101000011100111001110111000110001110011101001000101010100
010111111111010101011010110101101000100000101100010110101011
111101100111111011000000010100101111101001101001000010110101
101100011100001011010010001000101100101110100110010100111101
100101011101010010000001110010001111010100010001000010110101
111010001100111111101000000110000011111100011110001101100010
010010011111100000010101001100101101010000001011010111010101
101101101110110101110010101100011100111000000011011010111111
101000111010010101011000000101011100001110110111000010100100
100110111110111011010111101110011101110001000001110111110100
100100000000001101001100010101101000101001101010100110101010
000011001100001111001001110111000111000001110010111010001101
110000100101011000010111010001110010001101100100001011010110
110110100111000110010001011001001011010101111010111010010100
