100100000100010100100110111001101010011111010010000101000111
001011011011110011001110110110011011011001001011110110000001
101110111111100101001101110100111101011001010001011011110101
011100001100000111100011100001001000111101111100111011000001
110100100011001000000001011000111101100010110110000011000011
100101111001100101111000110110101110000000010111111111110001
101100111101000010110010001101101110100000110001011101101101
010100110100001110001110010010001110101010000011111111110101
110010010011010111000001010111100000110100101110100001111001
001010101001011110110010010111001111101110001010110101111100
011000111000001100011101101110111001110111011101100010111000
101010001000100001111100100110101011011111110100101101010011
100000111100010110111101001111111010001000111110101101011100
011101011001000110010100000101100010100100000001000010000110
011110110000110101010010111010110001100010111000010011100101
101101000001111001000110000101001111110101001011100111010110
101101011001100110110010011101010101011111001011000011000001
111010011001110101110101100000001110100010001010000100111100
111100111111101111110101001110110011011100000100111101101100
011011011110011010110011011001011100111111001011100001010100
010000111100101001000000101010010101111011010010000111100000
000111011100100000010110100011110110111100110010100011000010
000110001000001111010000000110101010111001110110001110110010
010000101111101100000001000010010100101000010101110000011100
110100100111111010011010010000001001010000010101001001001111
101011111001001111011101001100010101110101101101111010011000
101011101001001111100110011101011011001011001111110010011011
101000100001001100011010000101010000111011011001111000010111
101100100000100010100010010100001001110011111111010011111011
001111001000111111011100011000110010001001010111010110000000
100000110101100100011000000101111100011100000010111010011100
010011101110000101101101000001011001110001010111010101010111
111100010101010011111010001011100110010000111100010101010110
001000110101110110111011010100101101110011011111000010100001
111001110000110011111110001001010011110100111010110010110001
111101111000001101100111110110101100110100101111010100001101
011010011010110110001111000001000011110110001100111011001100
000000111001101010101101101010001011001011011000000111001101
011110100100101111011000101001101000111101101101100110011111
111011011100110010011110111110001010111101011100111001001110
