010110111000101010000010010101000011100010110010110000010001
000010110110111101010001011010101000011010110011010101100011
100111010101101010100001000000110001100000110000101111100000
011110010101011000000010001010111011000001011100100100101011
110011011101100100110010110101110110100111011001101001110101
111000001010100100000100100101100100101111111000110110001001
010101100011001010101101100001101000001100000010111001110101
011100110101001110100101001001000111001000011000101101000101
001110010101111100011100011001000001100000100011000010000000
110001011001011001001110000000000001000001110100111110101100
111010011011001001101011110110000011001111011100100110110110
100011001011110010000110100101100000001101110000110000111101
101111001001101110001011101001110000000111000011000011010101
111111010010011110000011100010010001011101100011011101000100
001010010101010110011001000011011011110001101111110011011111
110111100100110111010011000111000110111010110111110010101111
101000001001011011110011111110111001110100100010000110101000
010010110111010100001010010111100111001010001001010110000011
101101010101001011111101000101001110001000011001001000101111
011010000001000011101101110010010111010111111101101110111110
001101110110101011010110110111110100010011111101100100011110
111101011011111101011000011101100010001110010110000110001101
101010010110001001001101101011000010111101110101010000011100
101011010001000101000000100110110010110000100010100101111011
000010000011010100100000101011011101010111101110110000111000
111011100101001100111101111111111110011001100001000010100011
011100110100001100010001100101000000110011011001000111011011
001000000101111110011010111000111111101011010001001110111001
100111011100100111001110110101011000011011000000010001100100
011111000000110111011110100011010110011100110111010110000100
110000110011001001111111011101010101010000001000011011100101
100110111011111001001010000100110111110101110000101100111000
101100110010000001101111110110101101011111001001110010111110
010010110001111000010101110010011001011010001000010010101011
011001001100000011001000100101000010100010011111110110010100
001100000111001100100101100101111110111110010010101111110011
110011000000110110001111100011010101000000010010011101000111
011001000001011110100100100100011000011010010101000000111110
011001001101101000011001001010010110101111100011011000011000
101110101100100010010111101101100101011000101000111100000110
