110010010001100001111001001100100001111110100001100010010110
110010111100000100001100000110100110111110100011001101000111
010000100001011111011010000011001010111000010011010010100100
010001111111010101111000001001000001101110101101100111101001
001100010111000101010011101001011101111010111101110000100110
100110001000111010100001110010101000100010100001000100010010
101010101000100101101110011000011111010110101001111110010000
111101000111110010011011010000100100011101100001101011000101
101100001100010110110100110000010001101111010111000010010000
011110111100010101110010011001101011000110110000110111000111
001101110010011011000000100000100010011010111111111110001001
100101011001111001100100100010010010011000001010011001111111
011010011010111010010101001010110000111001011101001101010001
000010000100010111010110110110010000110110001101111110110011
010011001011111111011010110100111101100111110010011100011100
111000000011001100000100100011011001011000010111100100001111
011100010011011000111111011010111111001101001101110010011001
101010010111110000011101111011001011100111001000010101010010
011100100011011001010011000010011000111101100011101000111000
000010011111110001001010111101111111101101100110110101110001
101001000111100011101111000010100111010101110101111001001100
010111000000011101110000100001000001001010111010101101011000
001100101110110001100100110111010111101101001011010101111100
111011100101100011011010010101001001111110011011000010101001
101001011110000000000010111000110111000100110101101000110010
000111010001111011001011111111101100001011100011100101001100
011011001010101110101010001001011101100010000111100001110001
111100001011011101111000000001000100000000011101100010101110
101011110101100010111100101100110000011100100111001101010010
101000111101100111110011000000111100100011101111010011010010
001010011011101100010100001100011001000011000001010011011011
111010110110110001011011010100000001000001110111000101000001
100010010001100101110011000100001111011001111001010001110110
000010001001110100010001000001000100000110000100001111011101
111011001011000101101011001011001001100100101110110100010110
101010111000010110100010000000100110001101000001011101100001
000111000110000101010110111010100100110000110110000001001110
100100110111100111000100010101011010110111010010101000111011
010011001100101011110101110001100101011010111011100000110001
001100010001111101000110110110000111000001101100001100000111
