111001011010000001110010101101110000010110001000001001000001
111100101001001011010110100100110001110100010001010001001110
101011111001010111011000001010111010111000010100110100001100
010100011101001110110000110101010111010110101001110011001000
011001001100101011111110100111100011111101010001100010110000
101111110110011101111110100101101001001011100011010101100010
011110010110100011100011111110001010010101100111011110010001
110010111001111110101000000011100000001110010001100000100011
111100100101101001101010001101010101100001110110110100000101
100100110011111111001110000000111010001010010100110011000000
010010011000011010111101001000111001001010011100100011000001
101111101001110001000100110001100101100100000110111000111101
110011101001011011010110010001100110100000010011011010101100
000011010010010011111010110101100011111110100110100011001011
011000110111000110000110101011101100010110000100000010000000
001001010111111101100110110100001101101110101010101100001110
111011000101101001000001011110111001101011100100100110100000
110000011010100101011001100100001101111111100111100111111101
001101111010000010000111001110101000000011011100001011110001
100111000110011010111000110101111010001000110000010010111000
100110110111010010001000010111011010011010100100111100001111
110001101010100000100101111011001010011000100011011011000000
110111000111110010110100010101001100101111000101100110001001
000011110101111111011100111000110111101100010011010101110101
000011111001100110001000110011010011101110010001101111111110
101001001001000100000001100001011100001111101000011110110101
011011101001110000101011001101000001110100111110011001100011
110100110100111011110011111101111101101011011110011000111111
111000001001000001010100111010001100011101000101100110000000
011111010001110111100001100011100000000110010101101011011101
001110010100101100100100101011001001101111100000010111101011
010010010110010100000001111101111001100000011111100001010010
100111110101100001100101010100110000100100100011001010100010
010110110010100010010001000111000100000001101110101100111111
011100010000101100000010111010000011011010110110010011010010
100111111010010001000100011100010111111100100110111101111010
110001100000110001000001010010011001000011100110001010110011
110000000001110111001000000010001000000010110101101100101111
010011100011100111111000000110111111100111111101011110101001
101100110110001100111011100101101111100000001111001101000010
