011000110011111011001011001110000111000010110010100111101001
101110011110101010000111011001000000111001110010101010111111
110011001000011001111100100110101101101000001011011110101010
110111011010110000000101111001111000101111011010111110110010
110100111111011110010100101000100010011111000100001100110000
100010000011110001011011111000100100101100111101010111100011
101100010010001111110001111010101010110000101101111001110111
010110001011000011111110101011110001100010010110100011000110
111110101010000101010100110001001000001001011001100000000010
010011110110011100111011110010000100000101100000011001110011
110000001010000110010001010110010100011010000011001100101010
010110011000001111100101111000001101010010000001001011110000
100001011011110010000100001001001101111101011011000000111010
110000110111010111111010110011111011001101111000110111010000
010010100101111100001110101001010101011001111010111111000010
000001010110010010101100110101001111001011101100011010000110
000000110010000111111000111101111000111010100001011110010111
110000001100101011011101011111001111000110110111111000111111
100011110111101110100001010011000001011110011000111101000101
110101010010001101110000001000001101011011000100101001100010
111001001011011101000100111110100010101011001110010011111010
110010101000100001110000111101101010101111110100101110010110
110101010110000110001101011101101010011010011001010011111010
001101101001001010100100110000001100010001011110011001110000
110001010001111011001100110110001010110011010000110011110001
001010010101100000001111000001001110110101110101111101010101
101001011110101101100110000111001110011000100111010100111000
101110101111001100111110100000011011001101110010111001011001
011001101010000010011010100101100010010101111111111101000010
011001010110001010001001111111011110000111000000100010011000
001010000111001100100011110110011111100011011110100111100001
101011011101011000100000011010010000001011111001110000110101
101100000110101100110110001010111100100010101010100001110100
010100000010111000111011101100011111001011010001100111000111
011000011101000111101010010001110001000101100111000011011110
100100001100110001100001100000000010011011001101101000001111
010110111110011001010111100110100111110001100101111110111110
111000100001010001100000011001101100100110001111111100000010
000011001001011001111001001010011001011000110100101010101100
100111101101111010010010101011101010001110010011110000100111
