110110000001011100111011010010011011110100101110101100010001
101110111011111011010000000000101110001111011110000001111010
110101001111100110111011000100010110011011111001100111110010
001110011010101111010010010011100101101010100001011100100001
100111000011000101111011110100000110101011100011001001001101
000010010001101110110010110000001100001111100011110110000111
011101010011011000101111100010101001010010111111100100101000
111110010001011110000111110110111100111101100010100110000101
001000110001010000111110010111011110110011010101111000110010
011000110111010011100110110100001010001001111110110001110100
101101100010100010111000101011110011110001111101110110010010
111001001001010101000101111100001001110011101011110000001101
100000011100110010011010010100101101111001010010100010110101
001001010110010011101000100101110111001101111101110011000101
010111001110000000110110010000010110110000000110011101100011
010101000000111101010000100010010110001110001011110110100011
000110110111100010111100101110010110000110001111100001111000
111110110010010011110101000110101011101010110010101111101000
000100110101010000001111010110100111011100011001110010010010
010110010011110101000100010011100100001111101110101010111101
010100111001010110110110100000100000000111000100000110111010
110001011110000101101011001011001000000001100010100110111101
010111100001101010001110111001001100101111001111001101110010
011000110011010001010000001010000101101000011000101000101001
111110100110000000001011011110001000011101010100100101001100
100010110011010101101111011100101111001111110010001011011000
000100111100100010001010011001100110111010101000100011001100
100010000100111001101011101111001011011110000100001111111011
100110100101011100100000010101000101101001111100100100100001
010100110111000110001110011101001101011111110011000101001101
000011110101110101100010001101100011000000111011110000010001
110000110101010010001100111000110100011100010001110111110010
101001001001010101111101000000001111110000101101010100011101
100001100011100011000000111101001110001111010001001001010101
011010100111110101101100100001001011010001101000110011010000
110111001110111110110111100001100001111011100111111111101011
110000100110010010011010101101011000100111001101011111011100
001000001000000000101110011011101101110011110010100011010001
001101101110110011110101011010111101001011000010101000010100
000101101011000101100011111000011011100111010100001101101101
