101000010100100000000111100101000100101101101111011101001110
011010011011001101101101110110110000001100101000000100001001
101011000111110111110100100010100110001001100110100100101011
100110111111001110011010011001010011100010000010001111101011
011110100111111111110110101001011001101110111000010111100100
001111100011010000100000100001110101110101110111111011010101
101001111110110000100010000000100000111011100011101001110110
100100011011010110100010000101111100110011111000010001111001
101000101001011101110100000101000100101111001101101010100101
010101110111101000001100001101000110010010101111100100101000
110011000011110111001101011111111010101110011011001000111100
110001101010110010010110000000010101100111000001101101101111
000011001010000100001001010110100000100000000000110110010111
010000011110011100110111100100100100000010011100100101110001
001011011011000010010000010100111101000111100011101000101010
000101101110111000111011101010110100001010110111001100011001
011011101001100101111101001010111000000100000001110110010001
101100010110110101001111110011111001111000110001011110110011
001011101010011110110010110110010010001010111000100011101011
101011100000011001100100110100011011100100101101000000001000
011100001001001000100011010001011110100100011111011011101010
101101111101100101000101000100001101111110000010000011111000
010011111000010101000101011110011100111110111111100100011111
101100001101000010011010000111100110000111010001000001110111
110111000101100110101011010000101110010000000111111010000100
000001110000100011110001011111101110000001100101110001110100
010010101100100101000000010100111101011010011000010000101111
001001111100010010101100110111000011011000110010111011001011
001011000000001101111111111111001110110100110000101100110100
000101010111100110101101101101111111111101001000010101000101
001111001100001011111000010010010000010010100111001001111110
101000010011100001110110110110011101110101010101000011110101
001010110110110101001101001110100010110100111101100110011110
001001111100110011110110000000000011010000000101001000100011
000010001110100000110110001101001010010011101110110100011101
011011100011011010101101110100001011011100000110110001100100
001110001010100000100000001110110111001100111010101111101011
111011011100000111101000110010001010010011100011011011001001
010000111110100000011101001011010010110111010000101010100101
100010000010001000011111000011000100000010111001000010110010
