111011111011101111001010110111100110101011101011000100110010
001100010001110010100111000101100011001111110100100001100101
011001100001001100011000000100110010100010110111010111110000
111100101001010011011011100001100101110001010100101011000011
000101110000001110100100101100001001011100011010110001000001
110111110101010000101101010110111001010101111111101010010010
000111101100101101100100000100101101010011110001101000100101
011010100110111001011100110001101001010110001000110110001101
011100011001001101001001011000001011100111111101101000110011
110111100000110111000010000010111011101101100010001010001111
010001010100001010010000110101001010111001111101100011100111
010001001000000101101101110010111110110011110010100111101001
000011000110110011101101110000111110010111000100110000010011
111101100011001111001011111101101000011000001100110010000001
001010000101001110000111100100010111110100110001011001001000
000101110000000000011111011111111100011000010000000001001111
101000110000111110000101011111111101011101111011011010110001
111101011011010111001100010111001010011101000100110000110110
001000010011010010111111111010010100100011101110100000011001
000001110101110000000001000100100001010111010010000000000110
001111001101011000000111111100001001101101101010111110100101
111001011111011111111010001101100101101110110001101010111110
001011010000011011000010011010010111111101001110110001011010
010101111100100010011101110101001010100011011101110110101110
000001111001001001011101001011000011011011110100111000011010
100001101110010110100100001111010110010101011100110110100010
100100111001100000001010101001011010111100101100010111100101
111101111101000011101111001110110010100100000001010100010010
111100011011110010000001000111111100000011111011010010011000
011001010011001101001101101111110111010100101110100101011001
110010111011011101100100110001011110000100111101000111111100
001010000000110110010000011011011010101011111010111111110111
001010000111100010011001111110100010001000000110011010001001
000011101101010100010011001011001110110010000011011111000011
010011100101101001111111011110100100110010101110011101100010
111011000010000011011011110110101100101011100000011010110001
001110100010101010001000010101010011101101101001110001110011
000101010001111000111101100010000001011001010101101010011011
111001011001001010111000110101000011101011110101111010000001
000100010010000001100101110011111001110100010100111000001001
