000001011011010100010101101011000100100110110001101101000111
000111001100001100001000001110011111011101101101111100011010
001110100110011110100100011111111101101001111010000010000100
100110011010100000001111100100010101000101010111110100000011
001100110111111110100000111101110111001100101101001101100110
001011101110011010010010010010010100000111110010101110111101
100010000000110001011011000010000001001100100000110011100011
110000101001110001001100101001010110101011011000010001110011
111011101010100101000010011101000011101101000001110100100001
011010100000011010001011011000001010010110100011110111001101
010101011100111111101000100010001101011001101011110111000101
110101111101000000001010110011010100001110100011110000100011
111000101011000011111100001111001011000100001000110101010010
001111011110010001101000000110010111010100110101100010101101
111011001111101110111011010100011000011010000001011100000010
001101101001111100101111011101110111111101101001010101001010
100011110110000010111110000100110010101100000011101001100101
111011010000100100100101010111111010010011101010110000000101
000000010110101111111110011010101111111010100111110101001111
101000010001011001010100000001001111110111100011010001000111
101100110011011001001111000101010011101101101000010011010111
011101000011010110000111001011001101001011011010101110100111
110111100001111010001010000101011100100100000001100110010011
100000000101010010110000001100010001100101000010111001001000
110001100000001000001110011001100110101011010111110000111010
110011100000101111010000010110100000110010110001010010110110
101100100001000001110101010100001110100011100100111001000010
000011011000100011000101000111101011111010001111100010100111
011111101100101010111110001001001100111101001011010000011100
110001110100111010001101111101011111011111001010000100010100
100001110101110010111111000001011010011000010000111100001110
011011101101011100000100010001000011100001010101101011000101
001111011011111101001101010001010010100000001010110011001010
000010010000010010100111100100011010011100100001101110101110
001001110011011111011110011001110001000000010010111100010100
000101100100100101001010010111111011110001111100100011101110
100000000010110011010100001101111011101101011111001011000001
001101100110001110101101111111101011010100000110101110001111
011110110000011110111100001000111101010101010010100110100110
010011110010000101010101001000111010010010000101001000001101
