110111101111111001110000110011011011010011010001110001100101
001100000011100110110010110010100100001101001101001111001100
100001111111110101101011100010101101000000001001011100000100
010000101000100010010001100100101101010010111000111100001101
101000100001111010011010110010010101110111111100011011111011
111011110110110111101011111011010111100110011001111011111110
010000111011010101100011000011010101001011100110001100111000
100011101111000100001011000011110010110100011001100110101101
110001001111100111011000000100111010101100000110010011101100
110010111111111110100010010011000101100100101111001010100000
010010101001111001011001100111100101010000001100000010111000
001000101010100000110111100100101011110111011100100011000000
101001000001111011010011001111111101101111011011111101001100
110101010101010010000111000000001011101011011100111110101111
110111001111101000100100110110010101001111100101000100101101
110100010000001001001001000100000001010111110010000010001011
101100001001010011111111000110110001110000001111000110110000
111000100110110100000011100010110111100111101001010111101010
111110101001101111101100001111101011110111011110101010011001
111010111010000100011000001110000110110110000101011111100001
101000000101111101000010100110010010011001010111111111010001
101111100000100001001101000010000010010101010011101101110111
001111011111011101000110101001111010101000110101110101000111
001111011010010010111000101011111110000101000110000110001101
000000011001010101001001111111010011101010111110000000100110
010101110001110000110011010110110011001100011110111101111000
011100010000110100010011010100101011101100010011011010011110
101111111100110001010000000111000010101000100110101110101100
010001001111111111111110001110001000101100010110011110111100
000100110111101000101011001010001110011111000101101001010000
000000001001100011101111101001101011000110011100111010010110
100110001110010010011100101011111011010000100001111000100010
001001001100100001011100110110010111010100000101100100001111
111010110001011001111001101110100100011011001001000111100101
011100101100110000000101100110000011001110001110000011101101
100110101001000001110000100101000110000101000000101001011010
111110000010110011011000100000001010010001100100110100111111
001100101000100000001100010001010011001010010110011100000011
111110100111000110110110000100000110011110110101010100111101
100100011000010101101011101001001010011001101010111001111010
