010011010110011110010000100001101110111111001000001001011001
101001100101001001111010011101001101001010001101000010110111
001111110110000011110111110011111100111011101101101001100110
110111100110011111011001010001001011001000001001101000011100
110001110101100111100111001110010100100010001001000011000111
001110101011001011010000101011000011110011000101111110011110
101100011100110111000111110111000001001111100101111011001011
110110001100101000100010100011010111011110111001000010110101
010001101101110111111001011010111011000010100010101100110000
011001100110100001011110011010010011010000101100010101110100
101101111010000110000100110011100010111010000001001010110000
101100101010101110110011001010011010110001010011111111000000
100101110111111001101101101010001000010000101010100111000001
010111101001001111100010000101110000110001001100000011001100
101101101000000011010101011010010110100000101101011001111010
000001101100011001110111101001000111100100100001011000011100
001111100100101101101010011100001101110111010111010111101011
111101011110110011011100111000110000010000010001011100010101
110000100101001100100010010010101011100011111001001000011001
001100001101000010100100110110111010011110000100101111010111
011100110111010110001111011010101101111110101101111110100000
101010000000010110101000011000011001011011111000100000010010
100010000110011011110001001010000001111111011001000111111010
011110010001110111111100010010111100010111100001010101111010
010010001010111101100001100000011111110111000000001011111101
011110000101001010101010010111010000001001001100110000111110
011000011000011000100000001001110001111100100100010110000010
110100000001000000001010101000000101100010000001011000001011
000000110111010001001110000110010010101000011000101100100000
101010111101010101110100000111110000010111110010010010110100
111101010110011101111000011110001001100100001011110000100100
100001010000100010010000100000001111000010001111100101000001
010000101011001011110110001000101001110011100111101000100101
111000011111010000011011100000010100000011001000100010101000
110100010100001101010100000010001000000010011011101011001001
100111011101011100101101011010000100110101111110001110011111
100010010111100111010001101100101100001101110000110011010101
001110000110011001100010010011011110011010010011001110110110
100111111110010000001010011111110101011100000100100100111110
111000011101110110100011101000001011010011011000100101100000
