010110111101001010111001100000101111001100001111000000011100
001110010001100000100011100101000100000100100010101000110001
011001101111001101100100101111101010010001001100101110101101
010000110100111110101001110011111001100001011001011101110011
100101001010011100000111101111101110110000101111101101001110
001101110100011111101000111001011101110110100101111000100101
000111110010000111010100111101111010110001000100000100000000
111010000110101101011010100110011011110000111000110010111111
100011100000110111011100101000001001001101101100010010101100
110101010010011001100101110101001110111101010101101010100111
100000110000010110100001100010010010100100100100011110110110
011011110111110000010101011011100101101111100010100110000110
101100000100111010011001101010011110111000110010000010010001
011011011110000001000100111001100101010110111011011001010101
001011001100001101100101111111111011110001011000111111101100
100101111101100110110010101010001000010111000011010111101010
111101000000110010010011011000011011011111101000101101110011
101101110011010110100110010101101011100010010100010111101110
001110011001110100010111000100011010100011000010111011101010
110001101110101000001001110010000110111101100101101101101111
011100100111110011000100111000001010010000001111010011001011
001111010111000100000010010001000100010111101010100010110101
111110111001010100111011101111010001001110011000011000100111
001110110101000100101110111010010010100001101010110011110001
000110111010001001101010100001001111000000000011110001111001
110101011000100110111011011100010001100101000101110100101100
000000010000110001001111001101110011011000000101000010110011
000000100000011110101010011101001001101011010100111100000010
110101110001011100001010011111000010000100111100100100110001
001000011101100011000001111010001000010100101111111001000101
110101000111001000111000001100100000011110101000101000010010
010111000111010000101011000100000000010100101111001110111000
100010101010101010000010110111100111110110011101010111101011
100000001010011100110010011010010111010011110100101001100100
011011010011111011010001101010000101111100001100011011000110
111000110011110000101100001110001000110100011000100010100001
000011010110010010010000000010010000000011000111100111001010
110110100011010101010000000000001110011101000110101111110000
111010010010111000101111111000110010000000001110011000010011
100011011000100110010110010110010100111001100110111011100010
