100010011010101111011000001100110010110110100111000010000010
011000110110001100101001110001000010110010011000010011110101
110100001101100100001000011111010111011100001110011001011011
110010010010011011100001011100000011100001000001011101011001
001100111001011010000011101110000100100101000101110011011001
111000011010110010110011010110011110101010111111010101010100
111011011101010101111110010010110111101010010001000001000100
001000011011010001000001000011010110111000010101000100010010
111001011010110110101111101001010010111001000110110111100001
010011010100100110000100001010010011100101010001010001110101
001001011010111011010110010110000010000110110011100110011111
000101100100100001111010100111000000001101111100101001010001
011011110100101000010100001110101101101011111100011111101011
001000110100010110111001110110011101101111010101011111010111
011111000110011111100110100010110101001111111000100110010010
110010100111111001111011110001001011010100011011111001101101
100110001110100111010011001010000011011100110001100100111011
011111100100001111001010001110111011100000110000001010111010
101101010011100111111000100011100010011111110111000111010001
010111101101100011001111000100110110111110011001100111111111
001110011000001011010010010000111100110000111101011111110101
100000000111000110011010010110110011001000011111010101110010
111111001011000111101110110010000110111111010111100111010011
011001101100110011010101000110000100011100011100111101101110
100010100010101000101011001101111010111011011100001111111100
000101100111011001110010101100100111001000110000000101001101
000101001010101111101010001100100110110100111101000010100101
010001001010100111010010011111010010101001101101001010101101
011000010010010100010101111000101000100101100010001111100010
001111100110010011000111010010111100100111111100110010000110
001110000100001101010100000011101000111101111110011010011001
000101001110000001011001001010100111001000111100001101001101
101011110100010101100100100000010101001111011011100011000111
011011010010110100100010000000011111010001100110101110101110
101111011010001001001100111011110010111010011110001001100000
010111000111101010001010100000111100011101000001100101101010
100101010011000100110011110000000001101111110110101011000011
010010010110111100110111101010111101010001000111101011101001
111011101100110011110110011011100101010000011001010110000000
101001000100010110111100100111001010011001000110111110100001
