001110101010100010011011010011111110000100000100110001011010
000011100100000110010111111100101000011110011001000101011001
010000110010110001101100010100011111010011110010101111001001
100001101101011111011011010110010000110100100010100110011100
100110000000100001001111000011101100001011010100111100010111
000010110010011101100011010111001001101100110010010000001111
001100000000111101010011111100100011011110100001010101000010
010101010110101010101001010001001011111010010010010010011101
111011111010111001111111111010010100101100010110000001000010
111101000000000011111110110110011101100110000101111100010101
010101000001000000000110001101001110010011000001110100110001
100001111111011110110011011000011011110010001000101000001101
100100101100100011110110001011100001000101110100101000000110
100001001101000101110011111010100011110011111010110100110001
010100011100111101100010101001100000100100101100101100110011
101100110001011101100011101100100100110100000000001000001100
111011001111000110111001010101111010100000111011100100010110
100000001101110110001100011000000111011011011100000011011011
000011111101100110100001100101011101110101100010010101011111
111001110011110010101001110110101000110101100101111001010000
100101110001111010001100000101110010010111011100101101100011
100111100011010000000110001000010100001010110111001000000110
101000010001000101011001010100111110001000100100101101010110
110001010110010111101100000100011111001000001100001001101010
101000001111110000000101100101000000011010010011000100100110
010000000011101011011111100010010111001110010011110001100110
101100010011111110110001010100001010110001101100000110111101
111010010000111111100100000101101110010011000101101100001110
110010110110000001000111110100011100010000100111111101111101
001110010111001110111110101011011100101000100110110101110111
011010000000000010111000110110110101001010001110010011001010
110100110101001111111110010011010110000100011001011011111111
101100111100101110001010011111110011111110101010001001011100
110011100101111010010001000111011010010100011001011000000110
111110001001100001001001101111111011001011111101111101010110
011100111011010000111101111011001110001110000101101100001001
101010000010000100100101101001111000111000100100000100101111
110100110001101000010011001010011001011111011101110001111111
001100000101101110011100100011001100101011111101101101111011
000011111000100111110101000110000111111011110110111101001100
