110111110111101101111000010001101100111101011111110101011011
101111111111100100010010110111011010001111001111011110110011
001110100011011111111011010010000000101101101111110011010110
100001101001000010010010101001011101001100000101110111101001
010001110000001111001101110111010101100001000101000101101111
010110100001110011101011011010100001101111100111011111000010
101010101110010110110011010000111110111010000000000011000110
010110100011010000101001100100001111000110010101110110101100
101011001101000110011000001111000010011100000000111001111000
111011010110001001101101101001011100011100011101010111110110
001101000001101111011011010110101110110111111010010100011011
101010010000000111001010101101011001000011011010110010111111
011100000001111101110001101000111100110010101110110101001101
101111011000001100001010001101001100111000111100100010001000
110110111100110111010111111100011111010111000010111001101011
101111100011110010100111011110100001110010111000101011110100
111010101100101001110000100010011101010010011001000111110010
101110011100010101010110100110010010110001010100111111110111
110010111100001011100010001101000000100111001101010111110000
100001010010101111100111110001111101111101100001000011000111
100101010100011011011100001100111101000100011111010111000101
100110010010111011000011101110001100111010100110111001011101
101010011010000011101100110110011001110010110110111101100101
011111010110111000111101111011111100000011010101101100010001
111011101100011000110111101001001000110100001011111011111101
110101001000100101010110100100101101001011110100100110110111
100101110000010001000110101101111010100000100111111011110111
111111100110100000101111100100101100100010101010001010010010
110110111001011100010001000110001000100101001101011010000010
000011100001001010110100101100000111101000110011110111011100
100011010101000011111100000100111100001000001100000110101001
111001010101111011101100110001011011011001010100110100111011
011010100001101001000110010111100110001000010000111010011101
000110000101101001100101100100111010011110001011010010011101
011010000011010110101111111010000101110101001111011110110111
110100111110100101000000010010110001000011000011001010011111
100110110001100010001011010010010100000010010110011010001111
000101000110111011100011100000010011001010101011111001110011
100100011000101011100111100001100011011000011011010101111000
010000111101101111000001000000100110000101011101011010101100
