101000101101000111011011100001001101011001000111110100100000
111110100110100010100010111000000111101111011100101111111000
010010110100010101111001001100101011011011100011100000110100
111001001011011000111000010011100001010000001000010011111000
010100111000011101000010110010101001010100111100100101101010
110001111011100110110100110100011111011010010100110001001111
001001001101111000101110001000000111110111011101100100110111
000001000100010111000001001011011110011011110000100010011110
100001010111100111010101001011110101111001010000101010100011
010011100010101101011011001000101001100110100101001111111010
010010111001010110001110101001001000101000011000101000001101
100100100111001001010111001101000100010111000001000000000001
000001101011000101010110111000100000000100101011101001010001
100110010011010000100011110100100101111101110101100010101101
000101100111101101001010101000100001001000000101110110100010
000011000001110000111101111100100000011011001010100010000110
011100111101011000001000111000101011111011111110010110100101
100100111111100001001110010011011000111100100100101110111000
010011001001101000101111000010101011001100110011001101110100
101001011001110011011101001011101110001011000010101110111101
010000111001111010001001010110000010101101010010111010000010
101101101010000011000101010001011011110101010110110010100001
101110100101000100010011001011101011111011100101100100100111
001011011000101111001111101111000100110111100110010110000000
101010000011101001001000111011110010011110110001010011001000
010011101001110010000001110100001110100000100111110100110110
000001110101111100111010000010100101010101001101100010100110
100101100000101001110011111101110111100100100111011000010111
010010110000101110110011100000001010001011100001011100011100
100011011010111100001110010001101100001101010111010000000110
110001110000011010010000101100010101101001100101011101001101
010101101000100110110100010000010010010100101011000100111010
100101010110000110010011101111111111000010101101011100110011
000010100101011011111101110000001101101000011011111111001011
101110011100111111111101000111100000000000100000011111100110
001110110010101001111011101110011011111100110010011011000001
001001000001000001100101101010001001001000101100001100111001
010110010001011101011001010001000000101101100111001101110100
011010110010001001001001110111111001010011110011000000111101
111101000111011100110110101100101000001110000000001010000000
