010110001000000100001001101111001101101101000000111101011000
000001001100000010011010000000111011101011000011010111010000
000000011101101011011100100000111010101100110010100110000111
111011100111010111010100111011010010010000011000110001011110
001010011010010000111000010011011000000110001101111101110011
000110101011111000110100001001001101110101010111100011101110
010111001110110111011001111010100001001110111110011000010111
010010001011101000100101000011111010111011011111001101011010
010000011110000100011110000000011111100100101110110011010111
011111011110000110010110100110011000001010110010011011001101
100000100110001101101001100010000101011010001110011111000110
011101100111010011110110001100001101010101110000111010000001
111110010110001010001111110110111111010010010101010010101011
100100010111010000010101101000001101100111111110000110111100
011001100111010010101011111110100100001110100011000111110101
111011001111101101100100110111001011011101110100011001100101
001111000001101101011111000000010110001111011111010101011010
011111100000001011000001001010010110110010110100001000110101
000001001011001110101100111111000111010101010010100110011001
111010001011010000011111111011100100000101111001011110000010
010111101010001011011010000101101011100100011000100001000000
001100110001111001011001010000010011101111010110110011011010
001011010100111010000110010111101001100101001011001101100100
011110001001011110000001110011000100100110111010000111101101
110111111010100111000110001111010111011000110100001000110001
100110110111100100111111100000110000000010001111011000001010
010011011101011001001110101011000101010010101111001110101100
000010010100011000110011010000111101010010011101010111100010
010101100001110001110101011010110101000110001101110010100011
110101001010011001110000111101101011010010010010001101100100
011011101010011000011101111100001001010101100101001101100101
110010111111001001010010100010100111001001100111101101010010
110001100011000011101100010011110000000000001101010110000000
010100100010000100010011101000101011010110110001001110100111
000101010001111010101111000100110000110111010010001101011100
110001001001011100110000110010000111011001100110001010110011
000100110111100011101011100000100001111011010000010001101010
101100001000101100111010011000001101101110100100100000100011
101111111111000000110011101110101100001001001010110101011110
010000111001010001100110101011000110110010101001000000000100
