010011001000101110011010100001110100001001101010011011011100
111100100011101010000010000101000110010001111010010110011110
111001101011010100100110011100000001100110110100111001011011
000011110111101100100101010001010000001110000111011100100001
111100010010110011001010110011010111001000100100111010100000
010001100000010001100110000011000000101111001101110111001100
101111000000110100111010000111000111100001010010000010110001
001100101000111110011111101100000111101011100111010100000110
111011100100101001110100100101011100101100100100100010001010
001111001011000011000011111010000001010110110001001001100011
110110001111010110110000010111101010000101110100100010111010
011100000001101110011110100000011100110100101111000101100111
110111111100100000011111101101010000000011000101011101101001
011111000101001001011111010001111011110001000100111101101111
000011100010001001000001100111101110101001010100000000001000
100100101001100010111100000110110110101110011110001010010111
001001101010010100000101111001011110111011101000010100101011
101000101001101110110001010000111001010111101001010011100011
011100111010100000001100100010101111100000110011101000011000
101111010010100100001111111111101100101011110001000101000000
100111100101111000000110000100001111101101100100000011000110
110100100110110100111110111110111000110100011001011010011101
110001101100110000111001010111011101100111001101111101101001
010000011101110010111010011101010111000101111001011110010110
010100010001000011111001101000100011010010110000010110110101
000001010110010000101101100011001000010110010000100000000010
001110110100000010100111110101010010011101100011001011011111
100000001101110011001111111011110111111110011011111000011001
101110101111000100010100011011011101000110100100100100010001
100000110100110100010000101010111111111000010100010000001011
110001010110010011110111100000011111100101001001011001001100
111101111100111011010100101010110011111101110111101010001100
100011010000101100111101011101001110000100010000110100000001
010000100111011011111101101100101111010000110000000011010100
011001100110001000101101011101011111011001011101100011100010
100000000001111001110000101101111100111011100111000110000111
011001110001011110101011010011111111010010001011000101101011
111111110000010101110100101011111100001111001000011110011100
100101100111111110000111111110100110111000010110001101011010
100100001001010111101000111101010011110001010001001110111001
