100100110011111000111100100111110001011100010110101011110011
101001011011101010100011110001010110001000000011101001011111
001001110100000100110101010010010101110010000000001111111001
101001010100010001011010010110110111100001010111011000111111
000110101110110100000110011011011110000001101000100110101111
011010101000101001000001001110101111111000100110111110001011
111101100001100010101100101010001011100011011000011100110000
110101100010001100110010001001011111001010011100111101111110
011011001101101100101100011010010001111011000000111010101011
101110100010110110100010101110100010110100000001011100110010
010000101010000111101101111101100101001000100010100011111011
001101011000101111110111110010010010100110101010110100011101
101000111011001001000011001110111010101100100111010001000100
101100100110100111100010100001011010101011100000110001001111
101000101000000000000010001011010110011111001011111001111010
101100000010110110111000001111010111011100001001100010100001
000001110101011001001001101010010111011101001111011011111011
101010001001010010101011000011101010111000101001001000100111
110001111000010001011110111011101111010110100100111111011100
100000010010011011111111111111011100100110101101100000000001
110000011000110010111101111001000100101111101101001001001101
101111000011111010011101011110001001111011100000100001110101
100100101111001110100010101101111110100111111101111000101100
100001100111011101001000011001011001111100111000111100110000
011000010010001011110110000000111010100000000011101010110010
111001111110111101011100001111000010101001111011010101101001
000010111110110111010011001100000110010011010110100000111010
000110100010101111111000010011000100101111011010011100001010
000111000001000100001010000011101011011101011111101101001011
111111010010100001011010110000010110001101110000000100100111
111000011100111111000001110110000001100001000110110110011100
011011110101101000011001001110110101011001001101100101111010
101101101100111010001100011111101001000011000111011110000111
001011011101110010000111101110011111101000101001111100001110
111011100010110001000110001011110011011101101010011100010111
010010100001001100011110000101010000010100110111100100100000
111010111011100101000010101110001111000011001100100011001111
100001100001111011011110010010101000110111111100100001001000
101000010110001101111111000111111001000011011101001001000110
001010110100000101111011110101011101001100000110110101011101
