000110111001001000010100000110101001011000101011111110000110
000010100101100111011110001100110011101111010010010101111100
000111001000000010100100001001111000010111101011000000110011
101010110010010011001100010010000111010100010100101111011101
111100001010001110010110001100001010100110010010001000011101
111000010100101100110101111000001010111110100111001001110111
011101001010110011100100001110011110011001000101000110100010
100010101101011011001100110110110001110101100100000000110001
011101100011101000011101000111011011010110011010110001011011
011100101011001110101101001011000101110010000011110010000001
010100001110101100101001100010000110001010101000100100011001
110110001100010101001000000100111010110010101010001000010110
100110011111101001001110011100011001101101100001101111011011
100010010111001001101000000110101010111001101000001100110110
111000010010111000100011111101101111100100001011011111011100
100110000110000010010011010000101111001110001111101110110100
011110011110000011100101111011001101010000110000110010011101
110001001111111110111001101011000101100111100111000010111001
110100110000101110111100000000101101100010110101110111100110
001011010111011001111101110011011100111001000001010100010011
010111011010000101011001011100011001001000000001001111101011
100001101100011101110000110111110000100100100000101001011111
100001000001011000110100111011001010110011101000011110110010
001000111111001001111010111111011001011010000010001101010011
100101111010001100101111101001000000101000001000000101010000
111011010011011010001001010111110000100010100100000001010100
010010010010000101001101000001110000010001110100000011100110
100100011100101110001101010000010111110111011011000001100000
011110001010000101011100100010111111100101100110001001110000
000101010101101001101000001100001001101100101111000100001111
111010001101110001111001100110110001010100111000011010011100
100011111101110111010110111000101001110100000100010111110110
110101010010100001111110111111011011110010000100111010010111
111011010101010111111111000101100110011110100110110001011000
100101101011101100001001101010010111110010001101111000110000
000101101101001000100100101100011001001101001010000000000011
110000101110101010010100111101000101010100100001010100111110
110110000000001000000101100000011101001111110111110010010110
111000111111100111100110110111111110011001001001100110110110
001001100100010111011100010101000000101111111010101011010100
