001010011100110100101110110111000000011100101001010011001111
010111100001000111001100000000001100011100011100011000000111
110111111010000111001101100000001010100000110001101101111000
111111010101110011101111011001111010000000100101100111101000
100100010000001101110001111000110110010101111110000001101100
110110110000000000011111100000101101001111001000001100111101
001011001111101000011100001000010101010001110101110110110010
001010000101010101111100011100010100000101000100010101011101
110010110100110101000001110000011011110101110101101111100000
001011001011000100000100010010100111011100001110101001011001
010011101000001010001001110110011100011000001010111111001010
100000010000010110111111100000111101100011110110111001010101
000010011011111111011010111100001001011001000111011101110100
111001100000001000000100110110110010101100101011011111000001
100100100010100110000000110101000001010010111001000001100100
111000100001110101111001100101000010000101010111101011110010
000000111001000100010011011110110011000011001110110100111111
101110110001110111001101000110100111101010001100010001011001
100101001010100010100111110101011000010011000000100101110000
101110001111101010000100110010110011110110001110000110001010
010000111010110010101011100110100110000101101011010101000101
110100001010010111000000110010100000011011000111001000001011
110010001111001101001010001000100110110000000110100101111101
000111010101100111001110000101001001101011001010011100010011
000111101011101110000010100110111010001011101001001100110010
001010010010000011011100110101100101100101110110101101100111
100100101010110111101111100010111010101111100000010111010100
010101011111000110001101110001101011101111011111111000001100
100101010110001101101010100001011111010011010010010101010000
101111111011000001011000101111001111100001111000101010100001
001000111011101110110010100100100110101000101001000010101101
001000100001100001101011101010010110101111110000001100011011
111011100100000011000010000111110000101101110011001000011011
000110010101000010100010000100011011011001011111011001110011
001101101011001100001110010010000100110110000010100110001100
100100010110000101110000011101010011111101000010100111111000
011111010111110100011111111101101001100100000110100100111110
000011110111001100100101001110100101011101011101001010111010
011011111010010000110011000010011000101110010110001101111001
011000001110110011101110000101111111000111010011000100000110
