011110000011000001110101000000100001100111101010001110001011
000111001110110001110100111000111100100010000110000000100011
111010110101100100110110001010010011110110000100100111110101
001110010101011100011011011010100110110101100101111000111010
100011101101101111011110000100111000111101100010101010010001
110001110001110111111110101101100101111110110011000111110011
001000011101110010011010101001010000001001101000111101101010
000100001111011011111100000110110110000001101010000000101101
101110101111100000111010101000111101000101011000001100011011
100010110001011001101101001011000000011001110100010011000000
001010110100010100001010001110010110111011010101011111011001
100001011011000101100100001100001010101000110111100100100101
110110001111101000000110111111010000100001101110100010101001
011100110101110011101111010100010110111100001101100101101100
101100010001110011001111001110001110110101001111100011010000
110000110100101000011010010000111011000010100101110000100011
101011111110100110110110011100111010011110101001100010100011
110100101010001010011111001001110110100111111011110110100111
000000011101001111001101001110100110110111110011000111000011
111111000111100000001111100000101000101110111000000100100011
100101110110000111000101110101110100110000010000001110101100
011011010001110001000110011110100001010111101111111010011000
100001100110111111000110111111011101100011000000011001011101
110010111110010110001010110101110010110100101100111100000111
100010110001110101100100100110011111010011111111100111001101
100101001001010111011111110101011111010111111010011110010101
010011110001111000110110010000011000000001111011101011011110
001110101001101010100001000101110101010000101101010011000000
111110111001011111100010010001100100000111100000101001010111
111101001111010111000111110101110110100000100010101011011101
100110010011010101000010000111010001000000101001111100111100
101001010001001011101010011111000010000010000011010000110111
110011100100010000111110000100011011100100011011000110110100
111010100111000110010111001111010100001101000101000000000000
101110100010000111011111001101010011010100110100111011101001
011010101100110001010011100100011001010001010011110001111111
100000101101010010100000110101001001010001100001001100101111
011001001100100000001101101000001011100101000100111100101111
111010011110000110110001010111101010001001100101110001011111
001100011100000110011010111001111001101000111001100010010001
