010010100010110010110110100111110001111100101001001110011011
011000001000101001110000100010010000010101010111010010111100
101000111110001110101001001111100011110001000010010000000100
010010111011100000101101010011111101101000000010010000000100
100101011111100001001000100111001100000000101101010100100000
010011110110010000111110100110111011101010010011001010101101
010111010110000111100000000111110110001000111001011101001010
000100110000100100100111100011011100101110011000001110000000
100001111101010010011011010011010000001011111001101111010101
000011010101001110100101001101100001111101111101100110000010
010011001100101011101100001100111111101010011011001111110001
000100011000010010111001011101101010100101101001110110111011
000000010011111101011100010000111111000100000000001101111101
010110011011101000100000011010011000111000101000110001011000
100000001110001100000101001100000000111110000100101001100000
011001100100001100110111110011110111011101111011110011011101
010001100001000011110000101011011110011100111001010011011111
000011001000010111000101000111101011011011011010100000100100
101111110110000101101111110110001000101111101010101000010000
010001100100000001101100000000111110100101010010010111111011
010110011111100111011111001011010001001000000100110111111101
011001011011101011000100101011011001011001110011011000101010
001011101100011101010011001001011111011111010001011101101111
001111100001100010101010100111110011011001000010100001011111
101010000100010011001000100110001000100011001110011101100110
111000100101110011100001110011101000001011101001101100101111
011011101001000001111110000001110111011100011001101001111111
111100000110110110111000100111110010110111011011011110000011
000011100101011111111011101001100000111110101110010111100001
000110111110101100000110101011110000111110010111100000100111
110111010110111101100111001001000111001000100000100100010111
011010000111110111111101111100111101001111110011011011111000
001101101100011111100100100111111010110011001101000000010111
000001000111101100010111100000111100100010110110101101110010
010100010101101010100000000100001110001110001000111100001100
000010001101100010110110000010001010001111111101000110011010
000101010010100011010101110000100011111010101010101001100100
111001111111100100100111111111000110101001100010000000011101
000110011101001110101000100100010100100001010011011011101111
111000011001110001110000000111100011100001110001000100001101
