0001100101101000110000111111101101010110010101001000001110010011001100100101110000110100000010110100
1111101110100100111101101011000011011010101000110110101111110010001011111001000001101000100001110101
1111011110001101101110110110000001001011111010111010111000111000011110110010010000111110010011110001
0101111111110111110000101000100100011010111111011001001111010010001000010101110001011001011000000110
0111110001000110110101100011110010100010001011011000010100101001010100001111100010000111111101111001
0011111010111100101101000111001100100110000100011111100000000011000001111011101010100001110101110110
0110101101111001010100100111000001101110010111010111010001111101111010101001011100110001010000010100
0001110100111000111100111000101001111000010110010100000000000100010101011100100001010101101100100100
0000100111011011000011100100111111001001101010101101110011000011111000000100110111000000100110110011
0111100101001010111001101001110101010011010100011011100010001101110101111001110100101111100000110100
1001000001010011010011011001001001011100110111100100001100000110100100110001000001111010101110000000
0110100001101100011001100111101000100011111110101110100100110011101000111111100011100011010110101001
0000001111111000111111001100011110110100010111100000010110011000000110000001100011000110111000111110
0001011011010010010101111000110101001011111011101100000100000011100010010010101111110010110010011000
1000011000100001100100001000000000001100011000010001110100001011101110011001000001110010100011111001
0100100011101111010000101101011011010000100110011010111100000011110110111101100000010100110000010111
0100000010000001110011101001110000101000111010010111101111010100011100110110011111111010101001101100
0010001000100010111111011001001010100001000000101110001001110110011101100011010101001110110110000001
0111101000001010100011010011001110111101001001000001101110010101010111101010011100010111011110000010
1001110001101101010000101011111100000000000110111101101011001110100111111101100111001001001000100110
1110001011010111010001110000111010010000100110100001000110100001111010001101100001001110111001100010
0011100101110110010101111000101110000011000111110101110111111110100101100100100000110000111000001111
1100011110110001101101010100000101100101011100001111011100001110010001101001010011110100111100000100
0110001011000100100111000111011010100010010101101110101101111111111010110011110100101010010001110100
0110101110000000110010100100111000010010011000110011011101110000111100110110111000001100010100100111
1101001011100010011111110010111001111001100110100101011110000101110000001111110010110100001011011111
1100000100011110010101011010111110010010110110110010110100100000000111010100111011010110101101011011
0000110000001010011100001000010100001110001011001000111111000110100011000100101111010101111000011011
1000100010011000101010010101011111011110000000111001111111111010001000000001001101011010111111001111
1010111010000010111011111001101010110001001011100101010000011010011110000100110110110101101100011100
0001101010001100000101001110111101101001100111000101101111001110011011000010000000011101110101110111
0101100101000100011001111011111100011010111100111111110100110111111001101101100010001001111000111011
1100000101010011000011011000111010110110101011011000111000001000100011001101100101010101010111110101
0000011010011101111010100101101001110010101111101110110011110111001111100001110010001111010111110000
1011101000011101110001011010101111000010111010111010100110010000001110111000001100000000101000010010
1100111101101101111011100011110101101001100111100110001100100111001101100011000111010110111101001101
0001011001000011100001111010101111000111011101011010111001111100011101011101011101110110011011010100
0010111011111100001000001100011100100010010011100011011010111110011111000000001101000110010011110111
0000000011001110110110001011101100100100010011000011011010100001111011110100011111000110101110001010
0000111100100110110100111011011111100100001011000000010100001001100111111101110100010000010001010100
1001000101001011001110010111101000111100000101110110101000111110100111111100011101100010011001111001
0010111010001010000000100110000011101001110001101000100101111111010011111001000100101011001111010111
0110001010100100001001010010000100000101101001011100001011001101110100010010100111111010101111100110
1100001100010101110101101100110100100111101010010000101100000001110001100101110010100101000011111011
0101110010110101010011111111001101100111111000110001000111010000111011110010000001110111101010001110
0000111000111000011011010011000101111011111100010101010010101111010001001100000110110110110000011000
1000110001011011100110111110111011000011101011010100101111011111011001011110010011100100010100000001
0000100011101111011001011011101011110101111101001100000011010100001110111001001101011100110010100011
1101001110110001101100010111110010010011101010001101000110000001010101000010011000110001101100111011
1011010100111011111001100101101101101111101000111001111111111100010001001100010000000000111011010010
