0010101000101101000100110110000001101111100100110000101011011100000011111110110000110101001010000111
1010000101101001010111101101001011001111001000101010111110100000000100101110000011100011000110111111
0101101100110010000110110100100101001000011101110101010011100110111111111111011011101011101010001101
0110100111111010000100001010010011111111110100111010010000010001000000001010111101000011011010111000
1000101110011001111000000010001111111110011100000010111011000010010000111100001100100111100001011010
0011101101011011010101000001010011100110000000001111010101111010111011001011011001100111000101100101
1110111110011101011101100001111001001101011110000000010101111101101111010110000010011000111101110110
0001110000110111001111000101100001110010000101110011110011111110111101101000010011001101111101101000
0000110100011110010001010011101001010010101111010001001111011101101100111110110000100001011100000000
1011010000010110011001010100011010010011111111010111100000000011111101100101010011110011001100011011
1011110111010011000011101011011100100110111011100010010010010100101111100011000010101011011110100000
0010111011001010110111100010101001100011011010101110010001110000111000011111110110101010111000011000
0100101010110001010001001100001011110011110001111110001100111001011101011110110111010100010111100110
0000010000101100111110010000001001001011011011000100111011101000000011111111111010101101111100000101
0100001010010010111101101001101001001111100011000001010000000011010111010100111111001011110100111111
1000101001011101011111011010011000010010000111011010001101010100001101010111011000111111001010011011
0101110110110111010000001110001111011001011101110110111110001111110011100011110011111111100100011011
0110111101011000100111100100111101000100000010011100100011111100110010111000011010011110000111000111
0111011010001101111010000111100000010110111001101011111011111010111011110010011000111111010101110110
1110101110000101111001110001001000100011100111010000111110001111010001010010000010011110010010110100
0101011110110000011110011011111101110010111111011000101011010010110001110111110010111110000111001110
1110011000000011100011011110000011001101011011111101100110011011001111010000011000011110100011001001
0010110111100000111000000011101010000001000100101011111101000111101001011110111101111100101011110110
1111001001110011000110000101111110010011101010011010000111001000000111001100010011011110011000001011
1101010100100111011001111111001011101110110010001001001111111111100000100100001101010010010001000100
0010100011001000110111010011010110001101011010110001001000100111111101001000111011000110100110111000
0101011101110010110101010010011111001010010101101010101101000100111111101110001101101001111110110011
1110011100001000000010001100011001111001000011000101010011101101100110001100111110010101010111001101
1001000000011011011111010110010100000011100100011110101101110000010110011111000001101100001111110010
1101101111100011001101010000111001111111100110001100101001110111111110000111101100100110101001111001
0011101010111101111010111101111010111101100011000101100010001000110111101101111001000010100010000100
0000011000101100000110010111001001110111001110101011011100101111111011110110011100011000010011100000
0100011011010010010000001111001010000111010111111010100110011100111000000101010000010110000000101010
0010010011010011000111100001000001100011101100010010001110110110101011011111001111001000111111010111
0010101000110110111000100001001000100000100001111001111101100110100100000000110010110010010110101001
0100110110010111011010001000111001110000000000110010000011111110110101101010011101110100011111010000
1111010100110110110011101010101110000000100101101000110001000111010111110011000001000110011110101000
1000001101101000010110100000110011110001010010001010010111110101010010010110010110001001000010010101
0110001100001110011001011101001000100101000100111101101000000111010111101110100101011011001111010000
0111010110110010010001000001010000001010000110010010000101001000001011001101100001001001010110000000
0001100000100111110011000011110011111011100001110010000101010010101101100110011110111000110100100010
0000111110001011100110110011001010010001000001110101011100111010111000010101000010001101111011110010
1101100111011101110000100010001011011000101001101100101110011110011000010001111010110110111001000000
1011111010101011001111010010011010011011101100001001101001011111001001100000110001001101001010100000
0001100101100001101101111001111010101000001011011011010101011110000100010111110011111111111100010000
0100011010010011101011010111101000001011110001001111111101101000001001000011111000000110010101100010
1101100111001010010001110011111100100100010101001000101010001111101100000100110111111010110010000100
0110010110100010011011001100111111011110100000010110101011100010101110010001100010110000100100101101
1101101011010111111000111111000101011100011100101111111001010110010011110100111101000010011111101111
1011111001011000010010010011110011010001011010010001001010001011011111000110011110111011010011000010
