111111010010101110100010101100110100000110001100001000100001
100010111000110000100011111110001111010010001101000001000010
011111100010010010100111101101100100001100111000011101011100
010011011111001000101011000100010111000011001001101100100011
010010011111101100110111001010010010101000111101110011010111
001110110111100011110010001100000000001101101001010100111010
111011111101010011100011111100000010001001011011000111001010
001111101101110100001001000010000101110010010100100110101110
011100110101110111011110111111111001111110111101101011101111
000111001111001011001101100110000011010110000010010101011101
110011010100110001100010100100000100111010111011100101011000
010011110111000111101110100001011111010111010000001100100010
110101100110000101100111110110010010011100100010111111001001
101101110001101101010110100100000110000101001111011011111111
100110110011100010111001101111110001000100011000111011011000
101100010101101011010011111111011000101000100010100011001101
010001011111010010001100111111000011110101101001010101111001
110001011000111000110001011101011010100011101110101000101110
011101001001111111110000010110011001100011011010110100111000
011111011110111000100100101010110101010101110001001111101111
110101110100001111000000110011011001010011001101000001010110
101101011000011100111000100010010000111001010000101111100011
111000001000110100000100100101111100110101011011011011011100
110110101011010010100101000001110010000100101000111010011001
001111110011010000000111010100111000111011001010101110011010
100101010111101000111011110111010001111101001101110101010010
001010010111001001000011110011110010001000100110011000011110
111000101010110010011011110010000100100011011100011100011000
001100011110000000100000010010100000010111010111101101011001
000101101000011100001111101110001001010101111101010000111110
000100001111001111101111110001001110010111100101110101011101
111110011000011110110101010111010101001110000001100011011101
111110011001010100011001010111001000110011100011110010010000
101110000110011110111101110111010101101101011001101111001001
001011010110010000001011111001010011011101011101001111101110
000111110101011110000000100011111100011100010100001000011100
010010000000010111101111111010001000010000110101100010111110
110100011001011100010111100100110000010000111000010010001111
100111000001111011111100101100111110011110010111011011000110
010100001010101100100100000010011101110100010111101110001000
