000010100011010100001000011000110111010101101001101010111111
100001101101110000001100011110001010000001000010110011100000
111010100100010100011010110011010100000001011100001111000001
110110000010110001010011100001010001011000011000110110011100
010010010111101000011111111010101111011101111111111100111000
001000000001001011111010010001101100000010110001000111000100
000101000111111101000011100110100000100000111001000100000111
001110110010000110000101001010110001000111001011101011100011
011110101000011011001101101001101101000101001100001110110101
101000001100010001110111001000011110011010101010101101100111
100101111001100111010001011011111000101000011011010101000011
111010101111000010001101100010101100110010001101001001110011
100000111001101101100001111001011000001100001110100111000110
101100111000101111110011011101010111001111011101010001010100
100001100100111000010000010001010100110110011110011011110010
100011101010000000101111010111001010111001000101000000101001
011111100110001110001111111110101100010111110111010100010001
101101110011110100011101111001010010101110010100001110010011
011010001110010011011010010001101001011000110100110100010010
010111011100011010101000001101101011110111100100011011111010
110001110000100101011100110111101001011001100010010111111101
111001111011110010001001100000010001100100101010000010000011
001001000000001001010110111111100001011101101110110100010010
111100100011110111010100000000100010111011001110010101011011
010010010100111110111110111010000000101111010110010110110011
111000111001110101010111001001101000000111111100000100010011
001100101010111111010111000110101001010110010100111101100100
101101111011011010100110000011010110000010111110010010100101
101000010011011010010101000001001100101101000011011100001010
110000000010100110111111010100010010111000010011100110001011
011001010011000001101101000000111001000100000100000100001111
100011101111101111100011111011011011110110100110010001111100
111101100011111011010110110000000011010110010110011101010100
000001101100010011001011111100010111000110110000111001011101
100100010100100010111000001110101001100011100000111111000010
100100111000000101101100000111001100100010101011100000100110
011110001001101110000010101000001111100100100001010010111100
011110101010100100010100111101010100110001011110011001100100
000011100000100111001011101100001110001000110111101000110011
101110000010001101000100000100011011101110010010000101000101
