010010101111111101000101000011111001011011100101110001110101
110110000100110110110010011101001110101001010101000001010010
010001110011001001011100110110000000111111000000000101000000
000100111010100100101101101100000010010101110010100010100001
111101101110001111111101010011011001100011001110111010101000
011011010010011010111100111101001011100001010100100011101111
000100101011111111001101100111010100010101101010111001001011
001001011100000111110001011000101100110011011110111010000000
111010011111101010100111100101110011101011100110100011101000
010000100010100001001000101011000100110000111110101000001110
111010100010001100000010010101100101110000101010010001110000
001111011010011011011000011100011110011011110001111011000110
001001011101100001010110011100100011011101110010001010101101
100100100010000111111110100100100101110100101110011101001010
101100101010011100111011011011010001100111001100100001000110
100001101111111000100011100101101111011001111111001100000001
101111011111100000100011001000011000101101101000101111110011
111101110001001110101101111101100101000001111010100011111000
100001110001010000000001101111011010011001110110000000000111
010000101111010100101001110011101101101000011010100100100110
001011110101111011001111111100010111000011100110001000011000
111000011101111000000000001000110100111110000101010101000001
100000111101010110111011101110011000110001000001011101101011
100010100111101100001101001010011001010010101011000001101000
110111111101010010101110000101101011011000010001010101001110
111110011111110100100000111000001010000100111101100101010110
010100011111001111100001111110011001111001010000100110111111
011100100110010010100011101000111100001111110000101110100111
001110001100101110111110001110110000101100101100000101100010
110010010000101000110001111000111000100011101110111110000100
010101010100011110010010100110110011001011010111101111000111
110100100011101100000101111011111110100000011101010101001100
000110000000100000100010001100110010000000111111010011011101
111001000101011110010010001000111111000011000000001110010010
111100001110011000000001101000110101111100111011010000101011
111101101000110000011100010110101001010000001001010000011010
110011000001110000000001100011010100000110100001101101110111
000000100010111001111001111110001001111001001000111100000011
100111110101101110000011001011011101010000001101001000110110
100001011011110001001110100100001110011101000011111001010111
