010101001000010111010011111111111011101000011010101101101101
100111011001001101010110101010111010100110110001111010011001
110110010110000101001101010001111111000111101111100011010001
000010001001110001100101000100000111001000100010010101010010
010011111111001000010011001110001111001110100110011110010011
110100111101000001011101111000100000010110001000110001000000
100111100111001010111011011110110111000000011110011010010011
000110110101111100010001101011000100001101111101011111011101
100011101010000010001011000001000101010111000101101010101110
000111000110001100011011010100100110100000100101110101001010
101011111110110101110111100111001011111010100000111111110001
100100101101011101000110010011110000110101110000110010110100
001101010010110100000001001011110011000000011000101001110111
101111010101101000111001000011101011111000000110011000101111
101100111001111000010110100000101101100000110111110100111110
110111100001001111101100000100000000011011000110100110011101
010111101101111111100000110001010101111001101000011100001011
101011011111101100011000111111010101101100000011111011010010
000000010111000011110011000001111101010000111000111010010010
011001000011101111010110100110100101001100111000011000100001
111111001010010000011010010011101101100010001011100111111001
011111110100111111011010010000100110111000111011011000110000
011010101111110001000100100000010011000000111101000000101011
011010011011100010000110111111011111000111011000011010000110
110100001101110010011100010011000010101000001110110100110110
010011100010010100010001001011010000110101000101001010010100
010110101111011101101111100111101011000100110011111101101100
011110001010010100100111000001000000001100010000001110010110
010111000010110010000011010001101000011010011100100011001101
011111100111001011111001100001000111000101101001001100101111
000001101000000000111100110010001001110101000100110100001101
100001011000000101010010100010001010110011101111100111100101
010000101101001100111111110000100001100100101001001011011110
001100010111011110011101100110011010000111110001011100000001
001101110111010101001010010111100101100101100011101100110011
111111000100011111010110000101011001001111110001101111001011
001101000110000101111001011011001001110001001011000111100000
000110101111001011010101101110001100000110011000100100010111
101101011010111010111001110000001010010001010100000100011101
011100111101100000001011000000001111011100000111100001001111
