100011100101010001011111011110001010101110101001110101011010
001001110110011011001011101010110100100011001111111100100011
010001000111010001101100001110000101110101111101000010011101
011000011100001001010111100001001111111010010010010011010010
010011100111010101111010010100110100000001010101010101110010
001010000011101010110100000100100101101101011000111010000001
011100110010011001011110110010101100001001001000101011111101
011000110111011100010001010000011100010001101010000110110010
000010011010100001100001010011101111100101110000011000011100
010100000011011001110011110001010100110100000001001111010111
111111101011100110011111111101100011001100101111010000111000
011110001110000010110101011011011011100111010100010000111110
010100010101110000000001000000011111111111000111001010101000
100110011111000100100000101000001011001111000100001100111110
011111001111011101001110000011010001011000000001110111000101
011100010110111011111001101001011110000010101000111000010010
110000110000111111110101110100011101011001101111001100100110
011001110000001100111010011101111111010001011101011010110000
110011011110001110001001111001110100101110010001011001110000
001110111111111001010000010000000111100011011010000000111101
101110000110001011010100100101110111101101101010011101100010
011001011101110101110001000000000001101001000001100011010101
101101101011111110001101000111010001010111111011111110010111
000011101111010010001110000111010110100100100100100100000011
011001000100111110011011100100110111101010001000001010101110
010000111001000010100111010110010010100111100100001101100100
101000000110111101100101010100010100011011010010000101100000
011001000110110110110001000111111101110011101010010011010110
101010100111001110111001110101100010100100100001110100001001
010001110011001100001010110101000011011100010000010110011110
101101110111101011110001001111111011011001101001101010110001
010000010011100110110110000011100111001111100100010101011110
101111001010110001111101110110110100100000110111000101111100
010011000001110101100100000011111111101111011101010101101111
001100100111111100100000110001011000000001110101011110101100
110011101110101100101100011001110011010111001011101001111011
010100010000111111111100100010011011011110001111000101101110
010100111111011111101011111101111110100101110111011010101110
111110010101001111001111110011010111101111100011010110011011
101111111110010111100000110000101101101001001111101010101001
