101111100101000110010100111010001011100101110111011010100111111110010011111111110111111100011011110101111110011001100010000010000110111011010011100011001001000000011010010001000011
110111101100100100011101110000010101100010010010000101100001010001011000110010000000000010000101010011001001010101110010110010110001010110110111000110011000001010111001010111110011
110000111101011000110111111001110010000111000010101011001111001001110101000111110010100100001000000011110111001100110111100000011000011011101110010110001100010111000001111111100001
110000010011011111110000110101111111110001111101011101100110000111111111100101111111010101101011111111001001111110011101101000000111101010000011110111111100010010011001000010001000
101110100111001101101111110100001011011000110000011110011111011110001001110011001100001011111110001101100011110000110100000100000110111011000101101000111100000001010101100111100010
111110100001111010000100100110111110001111111100111001010100111110001010000010100110111001011011001010101101110001001001101010110100000000010010011000000000001111001100000111000100
011111100111101010000011100000100010010110010011010010100100001000001001011000101001110101100011111100001101010101010101110100010110111011100111001110100000000101001110001001011000
000101011111111001010000010111111010000000001001101010111011110100001101000000010001000101100011100111101000111111001110001101011011100010110000010111001010101010110110011110011111
100101111111000111011100011101000101110011100000110011110000101110000010101011100101001110111000000100110101010111000010101010010111010010110011101100110011101010000000101001100111
000100100001111100101000100000110100011001100001101011001011000100001110010001011101001011010111100100000101100010010110000000111010010100001110110010011000011011001001000001000111
111001000100010111011001010111101110101111010100010111011001011101010100011100011010101110011010011000000110100011111000001010111011110001011100010100001100000001101110000100010010
101001011100110100100101111100010110110000110111011111100001000011010111010010110100100000010111111001100001000110101011000010111101111010001011010100011101001100100011100101001110
100100001001010011111001010000011010111111000011010000100100100110101011000111110001010011101000111110001111101010011101011011010101000101101101001111011100110100010011001101111111
010010110101101111011111010111110011000110000111011110000111101111110111011000101100110000011001010100100100110100011101110100011101000010111001011011111111110010110010101001111010
111101111001101001010010011100011011111011111001000110111000111110101101011000010111101001110011111010111011010100011000011101010001111100001101010010001110001011111011010010001100
011001011001000010000110101110111010000011001011111111111110111110011001101101011011001111001111100001111101011001110100000110010101110000110010100011010011010100011000101011000111
100000001100101010001111110010110111111001100011010011100100100000000001001010001010000111011101110010111101101100011111000000010111011001101111010110011010101101111101101101000000
101111001100010101110100000000000000100010010001011100101000001100000000011000110110010101110001110001100010101101101000011110001101111010111100110001111111001101000101000100111011
111110100100001100100001100111100011100110001101011100000100101101000001001011000011000001100100010010100011100110110110100000111111101000110011100000100001101010111111101010000111
110101101111010001110001110100001111111110000000101000100000101100101110100000001000110001110001011101101011101000110110101011101111010110001111110101000100101101111100111001100010
001101010101110010011001111010001110000110111010101011111001110011111000011001101101101011011010111110100010100100000101010011101000011001111000011111110111100100101111110010110111
110110100001101011011110101011010101101001000101100101001110001100100010110010000001101110100001001100000100000001010001101111010001110000011000000110101010101011010100000101111110
100100101001110001011101011000100001110100001100000100000011110100010101101001001000011110001100011011000101000010100101001110111010110001100111011001000010001001100010101001101010
100111001000101100011011011111011011100111111110010011010111111000001000000000010010100000111101111010100011010110111000111110000011010000011100110110001100000001010110110100110111
101101011010010011011011111000011100110101000011001010001011111111100000110101110101000100001010010011101010001001101110111000100101111010001001011001100001111010000001111011010110
101000110101101111101000100100011010100100001100000111110011010000111110010010011000001000101001001110010000001101010010101000100000011001100011111111110001000111010111001010100101
001010011111111110110100010101000101110110111111100100100101001011110100101110001011100111000111000010011001000101011101100010111010011001100001010101010111111101100111110001011001
011011101100011101100110100110000000011010100111111101011100011010010000001111010110111001111011100111010001011011011010001111001111110101110100011011100011100101100100000000000100
011001011010111000100110011010100011101101001100100000110011100111111101100110110111110011101010111101010000111010000100001000111010110010011011010000011010000010011111010110101011
000000101011101111101110001001011111101010000011100001000111010011000111000101001011001110101011011110011100100010111011101000001000010101000101101100100010001110001010100111111100
101000100010111100101001000101101011110010001000101110100001110000110100110011110010100100011110011111110100101010001011101011010111111000101011001000011001100001000001110111010000
010010010110010010000011110100101101100110010101000011101001010010001000001011011000010100111000001001111111111001011010000100010011100000011101000001100001111001011001010010101010
100110000000111011001100100000110100111100011000100010000010011111111000010001101011110011011110111010110001101110010011110100001010001010000111111010111011100000000001001000110111
111000101010000001110001110100001110011011101100100110100010111100001010010111000000101110100110001110111000101110101110011100001011111001100110011000110100000101101011101111101011
111011010010111100001001100110001101011100101101111101100001100110010011101010100110100010000100101101010111111101011100100111001011100111010011110111100000010111101011100010001110
011001000101101011111011000110011010101010001111101100010101100010000111110010011000011110000101011000111100110001010110010011100100111100000110101000010011100011100010111010101111
011011100001111000111010011100110111101100001110101100011010111010010101111100111001111001101111001111010111111010100100000111110111001100000110111001111001110110110100010101101010
011111010101010000101000101011000000111000011101011001010110011010100000010111100110011010100001101111010010011000001110100100101100100111000110111100101100001111011001011110111011
110001001001010011101011101000100101011111101111101000000100001011110000010001010010000100111010111000110111111100100111001000000010000111001001001110111110111101110111011111010010
010000000000100100101101110001110100011011010111010100000011101100001100010100011011011001111000111000001111100101000010111010101110001101000001111001000110100010110110101001100011
001101001101001100101100110101000100000011110110001111100110010011100110110101100100100100011011100000010110010001110111110000110011011100010001000101001110000011100011011100100110
110110010101101101110010001110000010000110111000100001010111010101000010100000101100111100101100111011100100010111111111001110001101011110000101000111111010100110010000110001000110
010000011100101010110001000110001100000101101110011110110110000111111010011100110100100000101011110101101110011100101111101011010000001010111100110100111011000110011000101111101001
111100110001100001100100101000110001000000011100000111011110100000100110101011110101110000011100101011111010101010001100111111110101001011110100111100010100000010011010100100011011
110001101010001011000110010101110001110000111011101101101011101111100010011100011101111111110111111001001111110101101110100110000110000010110110001001110100101001101111000011000010
001000011110010011000001110011001101101101011001101011011000011100101000010000011010101111101011001011110110010000000011101100010101010011000100101110011101111000010110100111010011
000100000110110100101001111110000110111011110001100110101111001001110110100011110000010100110000101100101100000001000100100011101111001010010111011000011101011110011000110111101100
001101111100110011011011100010000100101000011110111010010001011011001001100011100100110100010111110010111001110000000110101011000101100110010111010001101110001101010111000001101111
001100000100011101010110000101111100001110110010000011101111010010101101101000011001010010010000110000110101101110111010110010000000110100011000110110111011110000100111101000110110
010011011011010111001011101101111100010011000101001001101010111110110111010111011000010101101101001001000111100000101011001111110111001101011111010110001101111110001001110110100010
111011000011001110001010101000111010010011010101111110111110110011011011100111000010101010011111010100000111111010010101010000011010100111010111101100001101101001101000000111010001
110011110101100011111100011010010000101011000011011011110100001100011100011111110111110101010011110101010010001100000100011101010101111001100001111101110000100000100110001100101001
011011110010101111011000111000000110011110111011010101001111111000110001110111011001000000001011110010111111111101011010010111100001000010101100010010011010000011101000000010101110
000000111111110010000000111100010000001011010001111100010011011000000110001000111001100100000111010110111011000001001100111101111100101110011111000011101100011111010010100011001101
101011011100100000100110101110001110001111110110111101101001111010001000011100101001001111000101010110101111111101111100100000001110111001101010000010100101110001000101101110110011
010111011101110010110100010010000111111110001100111100110110100011001110011010110110011001110100110010111010111001011111010011110100001011010100100110010000101111001001101100110100
101110011010111100100111101101001001101010001111001010111110001110111001010001010000111110011011100111001001111000101101000111110000010000011111010001100110000101101000000010100111
011110010011110010001111001010111010011000011001111011110011100011111001011110100100101111101100111101101100100010110010111000100100101110101111101101111100100000000001110011111101
110000010110100101001001000011001100001110100000100110111011100010101111100101010110110010110011011100101110110010001011100101000100010111100001101010011010001111101101111101111000
100010000000111000000010111111110101111010101101000000100011111100111110001100011010001011000110011010101001010101010111100001011000001011010111011010101111111101111101101110110110
110000111101000111100001000011001010010001011100010111110110100101110110110011000110010011111000010110100100001011000010111101000101011000001100111010010111110110011000011111111000
101101011010110100111100110011010111100000001110101100001110100000110111001010111010100000101101010010010110001010100111110010111001000110100110101110000101001010001001111101000011
011000111000110111001011101110111010010101000110011111011001001111100111111101010000100110000001011110010000101101011001011001010001011100101111000000100100100011111011011001001101
001110100110101111000101010110001100011111101001110111001001001110010101110011110110111011100110110111001110000000111010010001110001011111101010000011010010101101000100100011010110
010001110110110001100010100001101011011101110010010100011010001011011110001111101011000000101011111111010101010101010110011101011100101010110010010000000010110110011010111101000110
001100010101010001011010000101011001100111110100000111111001110110010101101100100101001100000010100010101111000111100110111100101100100001011011010111011011100110011001100111000011
101001100000010111010000111001001100000110111100000110100111011100000001110110010001101110111010111110011001010111000000001010011000010110111110001110100110000111001100101111000100
001111100100111000100010010101001111000010101010011111111001001111011001011001100011010011011101000010000000111101111010100011011110111111010001100001010011001000011111010100010001
010111011000101011000110110010111010010100011110111100011110010010000011010000010011001000111010111011110111100101001010010011101101110100111111000000010100110110110111100101011001
000101111110010100100010110111101001111011100101110111110100100010110101001110100010011110100000101010111000011111001101101101010011101011100111111010100001011110110110010011111010
101001011101011001001011111110111000010111001001000111010101110100001110010011110111011011111011111100011111100101101011011110010001010010000000100001111110001011001010101001001001
110000101100000001010001110000110110000010001011100110001000001000001010010010110001011011011001000110101000111001111001111111111010100101110101001001110000110101100000000110111110
100011110011010110101110100000110110110110101100001011101110010001011110000000100000100011110100011111001110110000010100110111000010000111100000001000100000001111001000001110111001
110001010011110000001010101111001001100100001001100100100101010001101011001101100100100011010111111000011010011111000101011011100011111011100011010111101111001010110001111100101100
000001010000001110100101010111010111101100010011111000011110000001011010111011111101001011101001011011101000100100000001011100101100110111110101100111011011101011000000100110111101
011000100101101100010110000000000111101001000101000101100000101000100000000110000101011111001011110010000111111100011000011110101011110010001001011111110100111001100110001101100000
010000100101111100100101001010011011001000101101001101110000111100111100010010101011010101101001011100010100111000011100010110000101111000000010101101001001110011100110010011111101
111111010111001000011010110110101000110111010010000111101111001011100000000110000100111111010100010110111001110011100010011110010000111111000000010010101100110101111110011110001010
111101010011010001011111101111100111000101101100011111101010111101100101100010010011010110110100100110001101100000011100010010001001110011011100000110100110111001001001010110110001
110110101000100111001000011010011101101111101001010000110010000100011010101110111100001000000010001100001100100010100000001010011011101000011111110101101110001100101000011000000111
001001110010000111010001110000111111011000100110001100011010111011100111100000011010111101110000010000011100100010111111101010001110000010000010011011110110010110001111000101111000
010001001101010101110100110000011010000100101100101111000001011110110110100101110000101010000100110011101000011100110111000110011110110101011101101100000110011101011111111100000000
110110001110001011001011000110001101110100010011101001111000011011110010101010011000101010110011001011010000100001001000100110110101001010100111000000011001010101101001100011011101
001011110110111110111111010011011011101011111010011001111000110110000110100000001111110100101110111110111110000110111010100111110001001101111111001111000011100000101011010001010100
010101100101100010111001110111001011010110110100100001000010111010010001010001111010100010001010111001000010101001001000000011011101001011000100110110111100001101000000100010001111
111011001110110111001110110100111011111100100111000101101100001001000001101000000011100001001000101111000000100100110001100011011011111010110001111011011001011111011011111010101010
000110011110101110111100000100010010110100010001010001111100011100011011110011011001010110010000011111110000011001010101101111111000100010111110010110101100100011000001011010010101
000010010111000001001010000011010111101100101001000111111010010010000010111010001000001100010110011110010100000000000001010110010111001101100111001011011100100111100101011001100100
101011000000110100101110011100000110101100111010000000110001100001001101010010010110001110111111101010101010100111101110100100001111000000000011110000011000011000001111110111010010
100011101010000001101011101111101100010000101011000001100111110111110100101011100011011011110111111101001110001001110110100111111000111101110101000001011000011100100010011010000010
110100111110000000010110111110100010011010010011000011110110000000001000000001111000110100001010110110111001100001011100111110101000111100001000101010010001011010110010010001010110
010011000100101101000010111100011010110101110111001000011000000011100100000110000000110111111100010001011101011011000001100011110001111100011110100111110000010111101100011010010101
111111000001000100100111111010000111101101110000100010011101011001010000110010000111111100011110001111010111011111000011000000011000011110111100101100011011110001100100011011010111
110111110111101001010001001110101010101000000101001100010001110111100101001100111011010000011011101110010000010011111111000110001110001110010000000111101101011100001111111101111110
010010111001110101111011110010101011101101100101011000111000000100011001000111000001011010011100100010001110001010101100100011111101010000010010111001110101110111100101011100101011
110111010110101100110010100100110000110011100011110000111100101100100100000010001000111111100010011001000011011101101100001011010010110101011010010000011010000000001101011001101010
000000010101001011111111001100111111110111000011100111100001100100000110100100011110111001110110000000101011100000111000010111011011011110001001110011111001000111010000100000101100
011001101101100110110100001010010011100111010010101001010110101011010101000011001110111001010001001110000111110111111111110000101111111101100110011100100001001001111010110011010001
010000100111001001010010010100111011011100010010110101011011111010001111110001001100100000000000001111000010100011010100110101101000011110000000001011101110100011011000011100011000
101100101101110101011100000101111000110001010101001111000111110001000100100110101110010011101111001110111001111110111101110010000101011100000101011110011100000100100011110100011001
