011111000000100000011000000001001001001011010000110001101011
001101000100010011101101001100001000010001110011010010101100
110001110100111011110101000010000001100010111000100011001010
101010011111001011010001011101110111011001101100000100110100
110101010010010110111110010100000100011010100000110110000110
111110111100010110101000010010010110101111001101101111000101
011101110110111010011010001100100001011111110110000010100100
100000000101001101100011101010101101011010011110011001011001
100101001110111011001101110101001010010001000000110001101000
110111110000110100001110101010100110011001011110001001100011
100100101101001101101100000010011011011101110011011001001000
001011101100111110001000101100101010101011001011010011101100
011111101010010111111010100100100100001101011111000011100000
010001110010100011110010101010011011000111110000001010000011
010010100010111000110010011100011111101011100111111111000011
110100000011110000111100011010000001100101001001111101110100
001001011001010011001000110111011111001010101100100011101011
011100101011010010001001101100011001010111011101001010011001
001011101011100101110111101010011011011000101000100101110101
100001000011000111010011010001011011001100001111000100101101
110011100110101010000001101001110000010010000010111000111101
110111010001010101010000100010100101011101001101110001100100
111000000000011010011100011000010000010001111110011101001001
111111111010011000110100000110111011010000011101110001100101
101010011011001000110001011001011010101111101101010111100100
010000000101001001001110010010011110101110101010010100100001
111011110001000011011000111011101111101001111101110111001001
011100100011011010011100000100000110001011010001011000111001
001001011011010110010011111101010110011111001101010110010101
100011110111100010101001110011010010101101000000010111100001
010000110001100001110001000110101001000110010111101111001100
101000100110110000011110110110001011110010110110111010001100
100110001101000011001110000001001101000101100101101010100100
101100010111110000110000000011110110101101101101101011001000
000011000000010111100101011111010110101001100111101110000101
100000111010110110000111010100001100011010001011011111010110
100110001001011111110010100000111101000000111110000100101001
001010010001000111001110100011110101101111000000010101011000
011110100000111101101010101100101100010100000010110000000000
101110111001111011001110111010111000011101011110100011010111
