101001101001011101000110011011100001000011111101001100110101
101111011111101100000111111010111010000010000110110000111000
000101011111001001010011100000011101100100101010101011001101
010011010111001101111110110010110100000000100000011011000011
111100011001110011010011101011111011001000101110001001011000
100111111000001110000111100001101110100000000110111101011000
011101000100111110001010000111000101000001111010000100111011
001100011110010010100001101010001100111001000001101111011001
100010000001110010110011010101111111000100010100010000001100
001101110110011000011010010111010010110010011101100000011001
000011011111100110010100110000011010111001110110111000101001
011000100110001001101101001111000100011011011001001110101101
011011011101001011010101101000111111010001010010001111100001
100110010001100010010110101101011000111100001110011000000100
010111110010001010100101101100100011010100110010101111000000
101011100101101110100100100011001110110010100000011100110001
011111001000101111100100110000101010110110100111010001101101
110011101101100010100000001010101111100011100110100100101001
011110100000111001001001111010110111000110100010111110100001
101100100010101101011100111000000000010111100011101111111101
100000110100111001010011100100101010010100010101110111111010
110110111010001000011000111110011000010111010111111001010011
100101110101000010011100100111101010000010000111001110110010
101010110011011011010100110011011100101100111101011011110101
010000110110010010110000100011111110001001111001000011100011
010011001010010001001010010111100001100010011100011101110111
110100001011011001011110000000101010001011001101010110111000
101101011100000100010000001110101001100000001101100000001111
011101010110001011101111010001110101110111001000001011100010
110111000111001000111001011100111010110001011011101100010100
010001111001011111010011011110111000001100100010100100000111
101111000010110011001001110111001001011100100000101001111001
010111100110110111101111101000110101111110110111110101000010
101110100100110111110010100000010100011101111100110100100010
110010001010101110111001101001110110011011001000011011100100
011001010010001111001010010110100000001101101110101000100001
001110010100010100111111011010110001100011100011000000010010
111011001111110011001000111010010111100011101110111000010010
001001110100110100011101101110010101001101010110100011111001
000101010101111001011111101001000001011111011011000101110101
