000110100010110100011001001011111111011111101101011111110000
111110100010101010000001110011011111011001011000000110001111
001011100001100101000011001000011010011110010101100101001001
111101000101101100110110010100111001101010000111110110001001
010101101011100101110110100110111011000100001111000010010111
000001111001011111110111110010111010000101100001101101010010
010111111001110000111111001001100111100000100010110011110100
101001001001100101100011101110110011101000010011001111100110
000110011000010010011101100101001111001101001101100010111010
000100100011010111001011100111010010100101010100000111001101
011011110111000110111101111110111100000011101000010101011101
011111110101010000010101101001000011111010101111001100110011
101111111010110110000111011001000001011100011000101100001011
001101101100111011010110111001010101011001110001110101001100
100000101111110001110101110001011001101010101101110001011001
101001101101011100000110001110111111010100101010011101100101
011000011000001001101110011111111010100000101011100111111100
101110111110101011101100011111000001000000000011110110101111
000001110111011000010001101011001010100000000111010101000001
010000010110011011011111011000100101110110100010010100111111
011110110100010000111010011110001011010111110111111111100100
101010010010100000100111010100100101111011111101001110101011
011111111111000011100111000010011001101110101111010011111111
101101111110101110100101100111011011011011101100001000010110
101111010001001000101010001010111000111111101111100001111001
011010111110101110111100100110100010001011111011001111111111
011010101111110010011011111000111000011011100100011000111111
100111010010010010011001000110101001100110101110001011011110
101110011110000011101011111101101110101010100111000110001010
111100001100101000110000101001000101101011011001110001001111
101011001100001111100011011011111110110111011011011001010101
111101110010011100110111101000100000000010111101111111110110
001000101010111101001000000000101001101010111101101010001001
100011110010101011100110010110011011010101001110101110110010
100110101011110001011111111100000110101110110001110010110001
001101000101110000110001011101100010010110000100011011100001
110101110010100101010010100011011001011011100001000010100010
010110001001000100010011100100001011001011111000010000011000
001100001000111101011101011111010100111010100111000011001101
100100000110110111111110011011000101100110000100111000000101
