000010010111000110110110010000001000011000110000100000011010
001001000001011101010101111000000000100110100001101010101110
001100001100000001111001000110000010111100111010110101110010
110000110111100101010001010110101000011011011110011111101100
100001000110110000110001000000011110011101001101000000010011
010111110111101000010111100111100010111001001110001011011011
011111001111010100101110010000001110010000010001011010011010
100000000010111010010000101001101001100011011010111011110010
010011001101010010011010111010011110010101100101010101010111
101010100110000100010001110100111000001011100010110010011101
111100111011001100011111101000111100000111010011000000011101
101011111101100101010110000001101000110100000000011010010111
101111010110011111100101110011110011011110100111110010111010
010001000101110001110011101010010110111001111100011010011001
110111011010011011111011111000111100110111111111010000010100
111000110110000010000000110100000000101110010001001000101011
100011101011111011101001110100011111010110110010101011010110
110100000000100010101011110110110110001010000100110000101101
000101011100010010011111000011100010101100110100100000110111
000100100010100111000100011001100010110001101000111101011001
000011010010011100010111111110100011010011000011010111111100
111000101010100000001100000101000111011001010010001001000011
001100100110110011011000000110100011000011101001000111100001
010101011000101100011000110100100001010111011011001100001001
101000010110100111100111111010100010110111101001110111101010
010111111101010000001100110001100111101001010001101010011111
110111111100001101101011100001000111011010010101111111100101
001000110100010110001111110101011100011001101110100011101111
110000001010100000000001111110101011100111011000101101000111
101101100010011111100100000011001111011100111100000110101011
110010101011111011110010010010111000011100111001111011101101
011000001000111101101100000010101110001110010000101001110100
100101111000111101111111001101111001110000000010101100000101
110111010001110001000110000100110101101011100000011000011111
001110100100000100010111000010001100010010000111110110101111
010011001000111101001110001101111010010001011100011111011111
010000011111001100110111100100010010000001111111100100101101
010111111000001011110110000110000100110101110111100000010100
001110110100110011111001110011000000101101011100011000100010
000101001001011001100110101000110001110001100100100010001010
