111001011011001001001011110101011011100111010110011110011010
101101001010001010111110011011000010100110001100110001100001
110010001001110111010101111100101111110101110111101011011011
011100110100111100100010000001010011111010101010110011011100
100100011100110000010101010110111001000101010111110101111001
110101110101001101110010111111000011100101011110110010111001
111001111000100000001100001000011001010001101010001010101110
100101011000011100001010001010011101100111000001110100011100
001010001110011000010111110101011101101010001100111010001011
100111111000111111101111011011100111011101100110001101111101
011110001000100000110100010101011011010011111101000111111001
110111110100100000110000010110110011110001001011101110110100
010001100100111101111100000010101010011110100010001111011101
100111100111010110010000010000101111011111101100111101010100
001001101110001001011011110111111000011010111100011001000101
011001110101100111011101111100011000111011100100111010110011
011001000111111110111000101011001000001101010101111101010010
101011110100011010000000101000100101100001111000000001110010
010111110110010010111110000110001001011001111100000001101011
100111000000010010010000000001111111100111000011011011011011
010000110111010110001011011001010010111111100111110011000011
000111110000110101100001010100100100011000110011111100001011
000011110011101100010110101101000000010010101111110010111000
001010011001110011010000101011101111100010111101011110011011
100010011110111011101001110101011001111010000001101001110001
111101100010110110011000100111101000111111011110111010100110
111000001110111011011110000001111001100101000110101111011111
110000111101100100001010011101010010100100001000010100101101
111011001100110101010000001111101010011001011110101010010111
001010000110101000110010100110101111100000111110110100110000
001000101101001011101001100100001001000011110000010010100010
001101100100111100000100111111100010011011100010001011110010
011011110000011010110001111111011010110001101010101011101011
000011100001011010001101110000111111000100110111001000110011
111001101101001000100011101110110111011000000110111010110101
010110110001111011010000100111010110100000100000010110110100
110011001110010000101110001111100001100001100010000111100110
000001010011100011110001101001010111111100011011001110111101
101101111111111100000101111011111010011010101010111100000010
011101000101010000100001111010011110011100001000101010111111
