111101000100101001001101101100111110010101101110100111000011
110111011001011110010011000111110101001111001100001110010101
110011111001110000000011000101111011000101001011000001111011
010000001110101110000011110011110000110111101010000101100000
011010001011010101101110001000010000100101001001001001000010
010000001110101011001000001001010110111100110001010110101000
100111011010011000001101110101100011001100110010011001100100
000011100010101101111000110011000100101100101100100110100110
010010111010110011000101011111011010101100111100010001100011
101011000010000100010010001111000001111111011110001010100011
111101101111110001000011110111010101111010101011110001101000
100000011111111010100001000111000100101000000011011011001100
001010110110100001011000101000000000011001011101010001000110
000010001100100000110101001000111011110000010000100001000101
010011011101010110111010001001011010000001010011110111101011
101111010001011011000111000110000010100011100100011110010010
000011100110000111011000011011000011100100010101000110100100
010110010111001011011010011101110010011010110100111001011011
011101001110110100101110011000100110010010101001000000011110
110011110010011010000010100100011111101000101111110000111010
011000000101010111100000001000011111111010010110011001011100
000011111011110001011000001011011101110000010001001101000110
001111100010000110111111010101110011111011010010000110100110
111010001101011001001001000011011101010111000011001010111001
011011011010001000011000110110001111101000000010011000001011
010000110101011011101001011011100101100110001110101010110110
111010110111000111111101011011110010111000100011001001001100
000011101110010011111100101001011000111110010000011101101100
001110000110000110111000000110111110011100011110001110011000
100011011000100000011111110110000100011110010011000111000011
101111110101011111110111010101111011001101110110111101010101
110111011100001001100010101110101111001010110101110000101011
110101001000101101100100101000001100101010101100000000111101
111001100000000100010111010001111101001011010011110010011010
101110110100111011110100010011010110100101110010010110100110
100010100011111000000010101101011110100101000111101101111011
010000010011111001100011000011100000110100011010111001110001
110010011101001110010101101010111001101110110111010110110111
111100101001001110111000010011101000001111001101100100101100
111010101101011110011011101101011011100011111111000000011001
