001010001011001111000010111100101101001000010011101001010001
011001000101000110110001001011100001001000000110111101000101
011010011101011011110111010010000011010101001101000010111100
001100000001111111110011000000011000000010101101101111011110
011111101100100010000001011100100110111101100001010100001100
100011001000000100000101100011111100001101111011111110110011
010001111100011010101100111111101010101000111111101110010001
110011111100100111010100001111111110001000111111001101111110
101110100000011001111011100110001001111101011101011001001011
101111111100100000010001010000011011100110100110101100110111
001101100001001000110000111010100000101100101011101001100000
101101000100111100101111110001101100000100001101100111100001
000011111101100000001101100100010111100100011111111010000000
000111011101111101101100000111110100101101110010000101010110
101100010101010111110111101001000011111110010101101110111001
111000101110110110001101011100011100110000010110001010101001
111100101001101110000001110011001110001000101100101010011100
101111011001101001110000110001010100001111011110000110100000
011101110011000011011110011010010101110110110100101111101010
001110111111110011110000100000110000011100110011110110000111
011101000010100000111010111100100001111101011000011000110111
001000111101101100010010011000111010010011001100001101101100
110001101101011110110111101101011000010000000011011110110110
010100111001100011100011011000011110110101110000001001110100
101101111000110011000111000101001111111000010111101000001010
110100100011110111010011010001111101010110011101010010110100
000001011101100011000000000101110001100100011011100000100000
110001001100100110111010001001111101001100101110000001011101
111001001110101101010101100110111100010000011110100011111111
000010001011110101011010101100101111101001101110010001001101
011110000011100100000100101010100101001110101100110000011000
110111111110010000100001111101111011100010001101011010110001
000010001010010111000001011100111101111110010110100010000001
000001111001001110101001010110011111001100000011010101111000
010111010000100011011100000101111010110110100010011001011001
010111110011010000100001101000011100101110100010101011001101
010000000111110000000110010011010011001011110111011111011100
001110100000101011011011011101001000010110011110011010000000
100001100101011111000110011010011111111101011010011001001011
010001101010000011111001000000011100001010110110010010010110
