011111011010110111010100101011100000001000111101111001101101
010011011001110110000100011001001000110000110001111100001101
100010001101011010011100011010001101000001001101110100001010
000001101010110100011101001000100011101010100011010010101011
100110000110001000011001011010011101100110111010001100001110
100010100011010001111100010111011111010011110110001011100010
001100111101010010111011100001101000010111000101111010010000
100011101111110001010111011111101001100111010110001100111011
001101100011110001000111010101000101110110000110101101110101
101001110101000000110010111100001000010100010100001011100111
010100101000000011010101001100010001000101001101111111100100
110111110011111110100100101000110001110000110111001110110111
101010111001110011010110110111011110011010111100000000110001
011111111100001100110100100110011101110010001010010010010110
111000111100001010111001011000011010000111100110011101110001
000010000111010101001010010100100100000010100011110111101011
010110111110011010000000110110101010000100101011111110001000
100010101101001001010100111011000110101100100010001111000001
001001100011001011010001000110100111100111010110000111000100
110010010110111111010000101000001001101101001011010011010110
001110010101100111001110100111100010010100011000010100111100
110100110110100001111001011110110010100011011111010000000011
101110111100101111011110001001100101100101100111110011011101
110100001010001111111101110100111000011110110001011101100000
101010000011101111001110100101001110011011001000100001011110
101000001011011111110111010011101011001101101111101110110110
011101110000110100111000101111100011000111111011110010010011
010111100011100010010110111001110010100101010010101110000111
011000000000111101010100110110100000111100110000111010100011
010001000100001101011000100000001101001010010100010110010110
100010111111100101000010111011100100101001011101001000100111
111011101001100111011010100101000100110111101111101001001101
110000111101111101001001011100001101000110100001000111100010
101001001001110011001000011110101110000101111010000011111101
011100011110011010000100100011101101000001000101100101000001
110100100100010000010001010100010100101110010000001101010011
000010101010111011110010111011101000100110010001100010100111
111000110100001011001000010111100011100100011010111110000101
111001011001000110000100101001001110111110000000010110010110
110100001110001110001011100111010010111001010101000001111010
