010001000111001101100111110110110101101111011101000100101111
011100111110011101001110101011000010001110100100100100100101
001110010000111111000100000100111101000011110001001111000010
010101110000111011011111000000110101001101011011100000110110
001110010001010110111101100001010010011110011111000100100101
111011110100011101100110110111011100011100010100000110101111
000011100001110000111101010100111111001010011101010101010000
101011001001000100010000111101011111110100101010101011110010
000111001101110100001011101111111000000010010110001000111100
010101110001000000101001000001111000100011100011010000010001
001100001001010001000010011010000110001000110101001110001100
110011100011101101011000010000010100001001101110011101111000
101100111000000010110110101010111011010000111010010101000000
000011111101010101000101101101011111011111111010110100001001
111110111101100010011110010010000100111011100111100000101010
111000111111110000100011100101111100111111111101101000101111
110011011101100010101101010010110011100100110110110111110101
111000101000111011000111110110001100110110000110100000000111
111001001100011110010101100010011000100000110000001111001100
010000101101000010010100111110101101111101000001011100110100
011011001100100000000111000010001010101101011111010000111000
000101010110100100011110101111101010001100010100001010101010
100110100000111111010110001010011101001111101001111000100011
011100101100101100010001100011001101001100010001101111011010
000001010010011100111111111101011101100111100101100101001100
001110100110000100000011010011111011111011001011101100001101
110111001101010110101100000101010010001001100000010101100001
110100100000101111010010000111101011001000001111010101100011
100100100011101100011011111000001110110100101110001111011110
111110011001001000110110100110101100110001101001110111110001
111001011101111111010000110101101111101110110101001100011100
110110111100000111000001010100111010011001101001001110011100
000000000100101011100010011100011111001001100101100100000011
111100110110110011001010110100001111001010001000011000110001
010100110110001111010110111011101011101011010101001101001011
110111000101101010100100100110101011101001100100000000001011
011110011100111101100000111001100000011101010010000011010111
001110010110101011010101000110010000100100001111010000110010
111010000000010110011111101000110110110110001010010111100101
100110111010001110000110101011101000100100001000011111011110
