111011111010111100011011001010110011111110010001001001110010
111101100011010011101101000101101000110000110010010000001101
100011101001010110011001111110011110110010111010001010111001
010100110000000101011001100001101111010101011110010110000111
110111110001111111001010010101000111011001110011011110101100
111111011010000000101010100000110100010110001010100101100001
000101100000100001000000010001110101011010000001110100101111
100101001110010000110100101101100010110101010010010100000001
010111111000011100000011011011010001001101001000000100111100
101101011101011111010000101010001000000010111100001000111110
001111011101111001000000110101110111001010100000110101101011
001110011100110100011001000100011101000010101111011001101111
000000011010011000001001010000110010101101100110110111111010
010101101010000100011111001011000001000001000110001110000000
011100101001100001101010111101101001101001011001001000110010
100001101011110001111000011110000011010011100010011100000010
101111010111011100101100100101111110011011000111110010110111
111110001010000001111111000010111101101101101000011011011101
111101111011110110011001010000001110011001001111101011110000
011010010101001000001001101011011110100101111010100001101000
011011001010100100111011010000111001001110000100110000010011
001001100010101110111000000111011011101000001010110101111111
101101001110001000101011111100001100000011100011101011010010
000111001101010101001001010010111101110011101111111000010100
001011101101011101101010101111011001110010101101011100110010
010110110100011100000000111000111110110101000001101011001011
100110011010011000100011001100011010100001100100110011111101
001100010010111111000101100100001000000001010001110110111001
110000110110111011100011011100110110110110000101001111001011
110111110110100010111111100011100100110101001000101110110000
000011110011110010100101000000101000011101000010111001011111
000001001101001011010111010010011100011110001011011101000110
000101010110010101110101001010001101010110011101010001110110
110111110000100110001011011010001111010100111000100011011100
110000011110010101111001100100000110000000101010100110000000
100110010011100111001010010111010111010100100001110001100010
111011011111111100100100001001000010101011111111000101011000
010111100000001111100011010100000011100110110111110100110011
110110001010010101000001101010111011000110101011101111101100
110010111101100011101101111101110110111010001010101111011101
