110100111101000110001011000010011110011011110011010010011110
011110111100001000001001001110101110101000000100110010101000
111010010011100010000110000000110101011000110110011001100000
011010111100110100000010011100000011110110100000001001110110
100001110101110101111000000101101001100110010110100100011000
111000000011110110100100111010000101111011110011001100101111
100001010001100111101110100000010111000001101011000111111011
001100001000010000010001000000011000010001000101001111111110
001111110011100010111010111010101000100010100000101111101011
011011001001110111111111001011011110011111011101000110111110
001111010000001110001100101100000000111110001111010000100110
110010010101000111011011011101011011111111001000001010001111
001010101010101010110100000010110101100001001000111010000111
110101110101111100111010111010010110100010111010100011101000
110101101011000010000100111110101001011001111000110011000100
101100111000110101000000111011010010100000000101010011110000
100011000010111111010110110100000100111101000010100010000111
001110010100101010001011011000000101011101001011010000110101
010111100110000011000000111010000100010011000010010000001111
110110111010101101000100111110011101111011111011100011100011
011010000111001101011111010000000110100111010101100100101111
001101111110011001101001011111010011010110000111111000001011
000101010001101010110011001001000110110010110001100101100110
110011101100100101010100000101100100110001000010110101011111
111010011000111001110010111101011100110011111000011110100111
001010100011111000111000101110010100111001000001110000001000
100001000010111100001010110010011100011001011101011011110100
010010111000001000001110000111000000001100000001011101110110
011111111011000110101001011000000000011101000011110110001000
100110011100100001110100101000110110010100100000111101100010
111011001100100101101101101111101111000011101010100100001011
010111000010000001000101011101000011001010010010010010110110
110110110101011110101100100001001011101000000110111100010100
110011010010101110011010111100100101001101100101110101001100
110110000100101011011011110000100011110111111111010101110101
011110001000000101011110100110100111110001011110111010000110
001110110101011111010110100101111010011100101100000000101011
010100011000101110011101010101010111111101010110011101000010
011010001010010111001110011010101011111110111000110101000101
111100001011101000111100101101011011001101100110010110101101
