000100001011111011001001000101110000100011111101101101001111
111001101110000001111010110101100011100000010111001010101111
100001001100100100010000110011111111001100001001010001010000
111011111000001011011010011000010011101101010011110100001100
010010000100101011011011001111011111111010101011011111101100
110110011001111010000000011001111000100101100100100000000011
111000110001010011101101100000110100110001111101101111000100
111111110100100111101010111100110001010001110011001000101001
010001111101100010100101111001101000100101001110101010001111
111101101000111101101011000001101111010101011110110111010000
011010001001010110110010011111110001011011110011111100011111
001110001010010110011001011001011001001001110101000111010100
011101110101110110111111100011000110011101010011110111010000
111110100110010111101110011101101001111011001101010011000111
000100110100011110111001001111000111011110101011000011111010
100110001101111001010000101110000000011011010111111110011000
010000111001111010011101101110101110111101011110100111111110
100001100100011110010110010101110100111110000010110000011010
000010011000100100010010001101100110100001010110010111001101
011000111000010011111000000111010101100111000101011010000000
111101010101101101110101101111010100110101111110000000010111
110010000111011001101110100110000010001101010100111101110010
001010000001100011001111101111111000101011011010101001011110
101100111001110001000001100011100101100101011000001110011110
001100001001111001000101001111110110001001100011110001001001
110001111100100010011011110101101011111011011001111000000110
100110111100101111011101111010100010001101111111101101111100
011010110110010001110110101100001110100101010111010001000001
000011110010100101011000001110110011001010110000011100110101
001100011110000011011011001110001110001110100101111011001110
011111110000010101101100100111110111101110111110001100011101
111000101010101011100001011001100001100101111111100111101111
101110100011001011001001000100011001101011110011110000000010
011110101000011100000010000101101010001010110001101101110001
000110010011100111000001010000111011110011110100111001111110
110000111010001110011111010000111111110011000100111101001001
100111110100000011000010010110101101101100011011000000011010
101100101001011011100110100111000101010011110010010011000100
100110110100011011000101000001110001011101000110010100100000
010111101111100101011000100000101011100101110011101100101011
