111011000000011001010110111100000110100111011101011001010111
111000111010011011101110100011000111110011100100100100010010
011110000101100000010001101101111100011100111100101110111000
000000111111101001111011100100101001101110101101111001000101
110100100011010001101110101001011101111111000100101011101011
110000011001011000000110100010111011100000101100011100000011
101011011101010001001100101001100101100010010011111011001110
010001011110011011100100000111010000010000111101111110101001
010011010011000000100010001010001000010110010011011100011000
000101001100110100110100101100111101000100100010000010111101
110011000010001111101011010001001001011111010100100111100100
101101111100001100111001000010010111111100111000001010110100
001100011011010111000110001100101101111001000010001101111101
111001101100101101000001110010010100101101100101110110101001
110101111010100101110010100011101101110001001111000100101011
111110100011111101000111110100101101010011111000111101111001
110111001101111011000001100010110100010111000101000001001100
001001100011001010010110000101101110010000011010011110011000
000000100011000001111100010011111110110011100010101011111001
101000111111110000010001000101000001100111111101001110010101
111101001111110010010111110101010110001100111110110010101101
000111101101001111111011101110100110000011011101111011001100
010100110001000011010001100100011000101011001101000100111000
100010011010000111011101101111000001100010010010101011110000
101001000101010111100101011011101100110010101100110000000111
001110111001101000101100110010111101110110110100010001001100
001000110011111011111000100010000101101111010111010011001110
000000100000000010110000000111010001011001110101001100111001
101100000011000011010100011001000101101011010001000110110010
110000001101101111101111101100101111100010000010001111011101
011111010011011101011100101111011000111000010111111100000100
111110010000100101110001011101110100010110000001100100001010
100010100111111011100101001110001011101111110000001011010001
110111010010100101110010100011011111000111001111100101000101
110101000101111010011001000001011101001010011100000101101101
110000101010100011001100001000001001110111101111000011011000
011001001110000001100000000100011110111111101100011111010000
100000000101011000100011011101101110011010101100001010100000
000000110000000101111100101001101000010101001001010011100100
011001101101101101100100011111000011011101011110101010111101
