001111001100011011111100000011101101110110100100000001111000
001111101111100000111111010110110110110001110101111011110110
110100100000110111110011101110101100110011000100000111101100
100111100100011011001001101100010111010100100101101011111011
010100101000111110011001100001001100011100011011001101011111
111100111100111011000110010000010110001001010111011001000001
010001001011010000000010000001101000111000110011111001101110
000011001000111010010110111101100101100110011100010011110101
100010001001011101011000101110100010110101001100000111010111
111011000110000011000011110100010011001001101111000001001010
000000010011011101010011001100100111101111101111001110001101
010010010111011100100000011011100111110011101001011111110000
110101010010100000010011100011110110100110010111101110111001
000110111011000100011010000011111001111110001010011110100010
101100100111111110101111000010110111010100110101000001001111
111110011101010000000001111111000011001011000111011100000111
010110000100011010001111001000110101111010111010101110101101
001011101011001000010111111001110100011010011110000110001100
110001011110001010001000001010100001101110101111011000100101
011011101101110100111100010110010110111111101100000100000100
011111001111000110010100100100101000000010001011100110000110
111101101000010111111000100101110100111010001011000101010000
001000001100111100101010110010110110010111101011001001000010
101000000011001010111000011111000000001111100010101001111001
111001111111111101100101000111110101011010011110000111101110
110110001111010001011111010101010010000011101001000110001010
011111000100011110000010110001010111100101101100100000010111
000011011111111000000001011100111101001010010111110101000011
000011100100000010110000110011010110110001001100010110111000
011010011000010101100011011010110000011011111011010011010111
001011000011110010011100011110010101001001101001011110100100
000010010110111110101010001110101010010001010101011111111101
101101010111010111000110011000101011000110101001010010110011
011010101111011011110000011101110110001110110001111111110101
100000100100010100001111011000001010101000000101001001001110
011001011011001001110101000001111011000101100000111101101110
011100100100001001110101001100010001000110010100011011100000
100010000110110110101111010111001011001111010000000010110111
101111110011011101010011100101000110101011110101111011110011
000001010110110001001001111111101101000110111101110000101110
