011101110000110101001001111110100111001101010111111011100001
010111111111101011001110010011000010011010001101010111110000
111101110011011110111011110111001011001011001100110000000011
000110011001000011101001110100111110011111001011000100010010
011100111111101111100000101001111000000001101010111100111110
110001000001010001000100100111100110000001010101100000000010
011001010011110000011010100110111100011011011101001100001011
111100011111111111011001110011000100001011101111101011100110
111001000111011111010100000111101100011010100101100011000111
011111110010110110011011111111100110111101110001001010100101
000101000100101101001111001110011011101000111010010100101100
001111010000010000011110011111110101011100000101110100110101
100110000011001000001010011110010000110000100111000011001110
011100110111011101101000111000011101101101110000111011100011
000100111100101111000100111010101010000011100011110000101000
111001000111010001001011110101111010101000001011110010111000
011011011001000110100111101111011110110111110010111011000101
011010011010110101011011101100101110010111010100011101101110
111111000100010101111100101111100000001000001111010111011100
010111111011010101011001101111010110111001110001111101110001
000101011000100010011011011111011101010011110011111101001011
010100101101111010000101010010111011110000100101100110011111
101100000010101010101011111111111101011100000100000000000110
000010011011110010111111010001001100010110101100001100010100
011110011100101011111101000110000000000010000111000110110000
110111110100011001100001000100101111101010010011000101111010
110110000100010010010000000100011011001010010011100111111011
000011011110110010111001011001011010101001110000101010000011
100101101010110001110001100001001101101001011110101010111110
101011011111111100010001010110011111000001100000001010100010
000101011110001101011100101010010000011100110010110000111010
100100001100000100001110110100101010001011001100010100111010
110100101000111111111100101100100101111111101011100100000100
101011110111011011111000101011001011100000111001100100011010
111001110111100011000000001000110010101000100000111110111010
101011000010110000101010001001011111011100001100001101101101
110011101111010100010011100111001110011111000010111111001000
101011101100011011001001110110001000010000110101010001111011
000100111001111110000010000100001111100111100111001110010100
010110101010001011010110110000011110011010110010000111110110
