101100000100100110100111010111110011100001011101100001100101
111100110101011101111111110011100100111111000011111101010010
111100111100010011010101111101101000101010001111010110101011
100011110100011001111110100011011100000110111111011101011011
100011000010101111100011101010110011011000101110100001011101
010101001010000010110001010010111000111000010101101001001001
001011011011011010100000111011011110100011011111000110110010
110101000100101101101011010110010111010110001110000100100100
011010111010110110001111000101110010100110011110101101101110
001000111001110111000011101101101100001111010010000101110001
000101100011101110001010000111110010111010110110110110110111
110011100100011011100110011001110111011011011111101000100011
010111110101010101000110010000010011011110010100011101110111
111001110010000110111111000100001010101110100001111111110001
101101000101111101111110010111011110000000010100110110000001
110110001001111100010010111001101010111110010001001100110101
101100101100110111111111101011001101001011100000000111001001
001110110001010111111001010000011100000100010101111111111010
010000110111100011101000011100000111111101000010010010001101
010100111110001101110101001001100000110111010000000010111100
100100100110111000101101001100000111001101010000010101001110
010101001100011111111001111101000111110001010001011101111110
101101001000100000001100001111001011111111001000001100011001
010011000000101001001010000000001101011000000101011000010100
010111100111001010010111010110010000110000011100110000001101
101010101000111001001000100110011001001101011011000000110110
100110110000100101101010010000110010100010110010101000011010
100010111110110000100001011110001101000111110000011100111111
011011101011000111101001010001101010110111101111010100111000
010001101011111001110101010000011110111101011010110010111001
010111101001010101010000100111001011100011000111011011110101
100111111101001100011100111110101101010110110100001110011101
000011000100101111100010101110110010001110011011011111101000
100111101010011001111011000011100111100000111100110111001110
010111000010010000111000100101110101010011001011000000101010
011111110111010010010110000000100000111010101000010111010000
100011010010011110000101010100001011010101001001000101100010
110101010010010000011101010100101001110111101111010000100010
111100110101101100101010011100101000111110000100100101100000
011011011110111010011111011111010100101101110100111000111110
