110000011100110001111001110101001011010101100101000110100100
000011111100101000001111110100110111111000000110110111001100
110111000000100010110100100111001001010101011101000000111100
110100010000100001101111101110100111100110111101001101111001
010111100100110110000110111000101111010111110100110111101100
111101111001001000111001000001000000101010001111110101110001
001011100100111111011000111010010001000101010110111000001011
000110010101010001011010100101000001100101110001010101010010
100111101101110101100101010111100010011001101111100000111101
101101100010011011011011000001010111101111111001111101101010
111101011100101001101010100110010000010010010010111100001000
110101000100011000111101000011010110100110111101010110110000
110000110101110110101000000101110100101100101101010110001110
100101110111110100000011101111111101101101000001001001011010
001001000011011010101100001000111001101101011101100111011001
001010001110010100001111100101000011010011111100101101101001
001110101101101101111000111000101101101001100010000001111010
111111101110001111000000110100010011011101010111001101101001
000111010011100000011000110001001100001110111010111011110011
001001111010101100111110011000000101000010110111001101101010
110110000011011100110101010011001000011000010001011001000010
101011000011001001001011011001011101111011000010000001010001
010000000100010101000110000110101000100100011101010011010010
100011001111000010100110010010100010011001111101101000100000
111100100101101011110001000011010110000010001110101101011111
111001000100101111110101111111111101110000010101010100010100
100100001110001111111111101010100111001111001010000001111010
111000101001101011011001011100100110110110101011100100010011
011110101001000110101100110100001000100010011001100111000001
111000111010111111110100101111000101101101011101101011001011
011100111111111010101100100101000010011110110101111110001101
011110001110110001011010100110010100100000110010011000000000
010010100110001000100010001100101101000011101001011100001000
111111101001111100100001000100010100001001111111011001010110
100011011110010110010100000110010101010110000011010010111110
000101000011110110000001000101001100111111010101001001001101
111101010111100100011011100001100001111010011011101100001000
100001010001001010100001001101000111100100111010111010001001
110101000001000110011001110100111110111100101111011000000100
101110010101110000010101001000101011010001111110110100110100
