011110011000001101110111010110100011011100100101011100010010
101100011110100101100101111011110011001101110001010010010010
010000010010001110100010101001101101110011001010000100001001
100101011100001110111110000101100100000111110110111110010010
111101011111100001100100101101010011010100001000101100110000
100100000010100110000101000001011001110011110010010011111111
011000001001000100000010010001100101001110000010110000110110
100110101001101101001111011010110001100111110101111000010010
111100111010011000100111101111010001001010101100000110100010
010110110101110001100010100000110101101110111101011100100011
101001101001110110000111100000111000000001110000010000101010
101011111110100001100000111100010101101110111001101010100111
000100110111110101111010001010001101010111001110101011011001
001001001111111001001100111001010100111011010011010110101010
101001010110110011101111111011011101100000111011111101111111
101110101111011000011100100010011100001110100011110110011010
011001110010000100010111011111000000001011010101001000100101
000010100000111100010111010000000011111111101010001100111010
000000001010101011011010011010000000101011010000000011011100
110010110010010011000000010011001011001000001010111100101000
101100110111101111011011111110000100000111010110010110010100
010010011000100101101010000111011010010110001001011101010100
100010111111011001010000111000011011010001000000000000001010
011111101101101100011111111010101011111110101111010001000111
001011001100101000100000011111010111100101111011101110011001
100111111110000011001110100100001111010101000110100001010010
001100011000111110100010001011010110111001011101101001110001
101111011001111101011111001111101111111100011111110010011011
111111011010000010100011101100001001100011100011001100101011
011110100100111111001101000000101101011101011100000110110100
010010111011000001010011000101011110000111001010010001101010
101011110110100001011000110000010001001011100101100111101110
011001111100010111111110011001100001111110000000010011011100
110110100000001001101010111111110001111101110001101101101001
011011101101000101000001101010110000010100011001101000100111
001111000001110011000100000111110010101111101011000000111110
011111001101001101111001101101011010111001011100100000100010
010000100010011000001000010111000001101010010011110010110010
011110101000010110110110010111010100111010100010111011011001
011001001010111110111100011000101110001111011010001001010101
