011110101110010100011110110000001011101111010100111101111010
100110010110100011111000101010010111011111000011111011100000
001011001001100100100111011010110100000110101111100000100111
011001110010111111001000001100001100000001111010000000000110
000001101101100101010001001110001011010010110101110000101000
111011110001111101010001000010011111011001101010011100101110
111110000011101000011101000110011001000111001000010010001101
111011000000011111110111110110001111111011011101010111111011
100110111110100111101011101100010010101110110101000110100010
011011001100001010111000011111011001111000000000110011101011
100010110111110010100001110001011011100001010010000101100001
001111001100110110000111001111000000010101011011011011101111
010110010111111100000110111011110101111011001011111100010000
001101101110001100101000110010101111100100010100000100101101
011000100000111110110110011110110010000010110000000111101011
010101100010001001000110000110011100111101101101110111000110
010100010010111001000010111011011111001011110001000100001010
100011011000001001011001011000111010001010110001011011101000
101010111110001111010101010010111110100001001100011011011100
101000010111001100111111010011000010011101010101010010111101
011110111000111111000111000000001010000010001111100100011010
011100100100111110000100011100011011010010100000101011101110
111111111101001111101111100111000101000110100011011010001110
011110001001111000000111010000100100110110101000111010110010
100010100101001101001011100000010000101011100110111000001011
100111100011010001100011001000001011011001000001010011100011
010111111001101000110101001011000000100011011110010101111001
100010110010010001110000111110110011110101010000001010110110
110100010011110111001101110001000100110101100111010011011000
101100111001100111010110000010101010101110100011100010010010
011100101011101100111100001000001101010011010111011000000000
010110001001101011101010110100001001000100010001001011101001
101001010100011100001110101011100000111111110001110001111010
110110101001110100010111000011010010101100000000100101100000
010000000010011111110110000011001000010111100010011000011110
111100000111011111010001100011000101000101110001101110111001
110101110110001110100000010011110111110000101000100001111011
000010101011110110001111100000111111100001110101101111101110
010010110001000011110111001101101011000011011011110111010101
010010001110000100010000010100011100011011110010000000111110
