000010010000111011101101111000011101001000011100010001100111
001101010100101100000000110010000111100111000100011110101101
110011100101000111110010011000101011011000110001001000011000
100011001111101001010110011101110000011110010101110101011000
101100001011000010111000101111000011000110001101100000110110
111111001010100011111111011000010100101011110110001011010000
000010111011001100000100111111101101100100010100110111110000
011110101001011000010101010011100001010000010101110010101100
000011101001010101110000101100101101111111001101011110110100
010111101101110011011100000000011110101101011101011111000000
100010001110101100101010001100010011111110100110110011100010
101100010100101110101111101111111100011110101111010111010001
010010110100010001101101010100110100110011011100100101110010
010000011001011001111101100101000101111111001010000111111111
001010011101001001110110100111111110011001110111001100011001
110110110001100001100010011001111000101101001001000111110111
010011010101000100100011001110111110010001110101011011111100
001100011000001001111100000111101010111100101101001110101010
011101101010110110010010001101111110101111110010110000001010
110111001000010000000111000101000101011110011101110101101000
000110100000001001000001110110111000100011010010011101101110
101011011100101010000011001110101010010101000000011011110000
100000011010101000110011000110010110011101111111111000100010
100011100101111010010011111100011110011101010001001111011111
010101001111111110111011110011010011000010110100000111011000
000110110001001010010010111000110000100000010110101001101110
011011111001001101110000101000000110010110010100001011101110
110011100010110111100110101010111010101100110101110000011111
100100000111011101100001110001110110111001000101101011011011
011110111100110010111011011110110000001100111010110100110110
001010001000011111111011111100000011111001101001011101011111
101001000000010001011001011001111100100110101011010001000010
011110101110000111101111111000010111111000000110001001110110
100110000010001110010100100110101000100001110010011101001111
111110000111111101010111001010100111010111101100100011101111
101110011010101011010001100101110011001111111101101000101001
000101001110001111111101101100100111001010011110010011101001
011100110001100101001001001011011000010110011011000100011101
011111000010101011001101010001010111111111001110100111100111
011111000100000110000111011001001100110011101001010101000000
