100001011100110101100011011001111000001111111001111111101010
100111110101101001010111010011001111110101010111000101101010
010101000100101001010011100100110111100010110011011100111101
011010111011111001000011010100100000111001101110100110111010
110111110111011101011010011111001111111011011011010111010100
100011100011010111001011101100100110010011100011100110110000
001111001111000101111000111001100010100100000111000010101000
010000100011001101011000010111111001011100000000110000111011
001100111001011010000011111110001100101011010000111100111000
011001100001000001000000001101000100000010000011111101010110
000010110101110111100110010111001011000110101111010001111110
101100011000010100001010110010111001100001110101000110110000
100000001000110010000101101100000111010110001001111001010010
001001101011111111011000100101011110100110000010001101110110
001000100001101001010001101110101001000000001111010001110001
000100010111001111010001110101101000110110101100010011010100
000111001000110100110100111110011000101001110001001010101001
011001101110000111011000010001101111010111101100010001011010
010001111001011001110110101110011110010110110011110110010010
010010000011010001110101101101110101001000100111101001111111
110100111100111011001100000110111100010101101100100011110011
101000000001111001111010101110100011000010011100011000000110
010100110010000011100000010101000001110101011010100001101111
101001110100100011010000001110000001100000110001101010000101
110011110101110111100100011001100000000101011111010111010111
101100101111011011011000111100111001011100010010101110000101
011000100000111111000101000111010001110100001001000110101110
000011011001111101100101000000100010001000000010000001010010
111011001000110001111010011000010100010010111101100001010011
000101001110110101100000010001010101010001000110100001001110
100111101011010010111100100010010111111010010010110001011000
000110100100001110001001100000100010000001100100001000000110
011110110100111001100111010100111100011110100111010000101011
101000110010010010111010100111010011000110100000011100010101
010110100011110100010010001011001011100010010100110100110011
001110100000001010110101000100001011100110010001000011011000
011011000001110101101000010011011111010101011100101010101011
101001001101010100011100110011010011110010100110101101111010
111110111011101001110001000010011000000000001010011000000010
001010101010111010111011011000000100000001010110010011111100
