111010011101100011101111101011110101000101111111111100110100
000111100101010111001110110100011100110111111111111100011101
110101110001111111111100110001110010000101011110101011100011
011100011000010100011010011110000100101000001100011001110101
001000000100111011111000100111101001101011000101100001000001
000001000010001100000100110101011111000110111011110100001001
010111010101100000110100001100001100100011101101001011000001
011101101000001010001100111000000000010100011111001110110100
000111000111000111100110010011111011011110100100001010100101
001111001100111101011000011101001000100010010100000111111101
000100100100000011101101011110010010101000101000111011111101
110011111100100011010101100000111001110110111011011000011101
111000101010010011010111000011100101100111010101011011111101
101101000101111101000010100111011110110011011110001111001100
111011101001011100011001111010111111111011000100000001100011
110010111010111000110101011010110001111100101000010101101011
101100000010011101110010001011010101010011110001010010101001
111110000111100110000110001010010011000000111001011010010011
000001011010001100001100010101000100101000001000111111011010
100100000110011000111000110110110110111100001001111101111010
110010100110101000101100000001010001101011001100001111100011
111011101101001001000101101011110110010100011010101100101101
110100110000101010010110001010011000011011010110010001100001
011011101111010000101100000001010010100101011011010001111000
111111001100101101110101111111101011110011010011001101101101
000100110001101100110001010111010000100001011001111101001000
111011000110010110010010101011011100010000010001100000001110
000010101110100011111101000100010010011111011001010101100111
010100100101101001001010110101011000000101001011110001111001
101111010101011011111100010000110100101011110111111000011101
110100110101010111110000011000000110001100100111011100100010
111011100010001101110100000110100111100101101011000111011000
101101001001001001000110101100011001101101011110000001101001
000111100000101000001001110001101010011001001010110010110101
100011010011011101011101111100010111110111010000011000100000
111111010101000101001110011000001000010110010110011110101010
000100111011110001010010010101011100100100100001101010100110
011111110011000011011010101101011000100010110111111111110001
111110101110101010110110001000010000001100001010110001101111
010100000110000101110100010011000011001010010001100001000101
