010100010111000011010110000010111001001101101000001011000100
011011001010000111100001100101100001101100000100010000110101
110110000101110101111111011010100001011001101001001101010011
111110111000111111101001000101101001100000111010011111100000
010101001100101010011110111000010001010101110011110001100000
101101111000000000010101101101000011010000110001101110011110
101011011111110100100001000101101000000100010111000100100101
100000011000010100000000011001101111011001100010110001010110
100001000011111011011000100011000001101100101100000001110111
001100100101010100101100011101100111111010110111101101010111
001000101011101101100001100111010011011001011101010100100100
101111101110010000100100111001001111101111100111110100000010
010101111001100100111110101110001111001000011100101111101011
010000001000000010000100000110011011101000101111011111011111
001101111101011011010000010110111010010110111110110010111001
011101110010100111010111111101010000000100111100000110101001
010011101001101001001100100111101000010001010000101010101010
101000100111111001100111001110010010111110011001010011000001
000110000000010100111011101000011111011001110100000011110111
001011100000101010111010110001101101001011010011000100011010
110000001010001111000010010000110111010101111101000001101101
001101111111011011101111000010000101111001010000111100011111
011001100010101100001001111110100100110010100111101010110001
010111111000000110110001010101111001111000101011011000000110
011110110101110001001101100100100011010101001111110001011000
011111100001111001111101100000110111101010010010110111010011
001111100110010010100011000010010010110111000011111110001111
111001010100011001010111000010000111011010101111110100111010
010110101000000110011000011010110111100100101010110110100101
111101111101101001101111011111110001100110101110001000101010
100010101100010110010000110011111010000110100110111011010100
110000111010100101110100001011110001000100110100101000100101
001101001000110000010000001101000010101011011110101110010010
011000101100000010010001101111011011110101011000000110110011
110010110000111110100000011101111100111110010010101110110000
011110110000110100000110000010000101101111010101101001101000
011000111100100101110111111100100010100001011111110000010010
111101110000000000110001110010001100111010101010010100110100
111000000011011111101001111110001111001010011101011001001000
010011011111100001110011010100010011111100011010110001000101
