001010001001100001101011100100000010100000010001111101000100
110100100101100100001011111111001100111100000010110001110100
011000011001110100000010011000111000000100010100100111110000
000101110001101110100011010110000011001100100111110111100001
100011011011011110000111110010011110101010000011111010001101
001001000011100101010010011110010110100100010101001100100011
010001011010000010010111000101110111111101001000011110100011
100001100100000001000111100001001001000101110110111100010000
001000010010101001010111011101001000001111110000110100101111
011110100001110101011111010001011000111010011111101110101101
100100011001000111001111001010010010000111000101000000110000
000011001101111000100110110010101010101001101110101010010111
110001110011011011001011111000100111110011010011111011010001
110111101110100010100110100111011101100110110000011101100001
111101001010011111010111100111001110001001101100000101000110
001110110010110100001000011001101000010011000111100100111111
000011101101011000010010000101111111101001011110000101101001
110110000011000110100000101111101100101010010000001100111001
001000100000101100111000111101100011110100011011111001100110
101100010010100000110000101111001010100000111010011011011000
101101101011110110100101101111101111110001100000001011101100
010011111011111100000100100101100010011000100010011110010011
011011110101110100010011001000010101011110110001110010110111
100111110111000111011110010100111000110000111101111111000111
000111100001000110001010110111000100111111000011001001001011
011110001110010011000101001001011000101000011101111011010101
010010100000111111000011100000010001101110101101100010011100
011001001011100010100110101100111001110110111011100001111100
011110100010010111010001111100000110010100010001100100010001
110010100001111010000000101100101001000000010000011011110011
011101000000111101110001111100010000011010001110000010010110
010110010110100000000011010110010001110011001010110001111001
001011000101110010100001110101100111011000110011011001010010
101101110101000011101101010000010101001010101000111101111111
100110111001101000111111110011110101000110010001110110111011
000010100000101101011001010111001000010111100000110001111000
001011010100001010001111110101111001000101011010101000011100
001010001010101001100111110100111010001101110101110111010110
000010100001101101111011101010000001011001000110010100101100
000110001011101000010000000101010101101001011011011101000011
