100000010110000111011000010111000101000010000110011111100100
001001000010110000001111100100000110111011111111011110110111
011101110101001001100010100110110001010011000001110111100101
111111101001010111100110001011110000001001100011001010010100
000010001101100001001010100011010100111000001001101101111011
011011111011010010001011101001111101100001101110001100100011
110011011011011001101101000011000111010010111100001011000110
101101010001010001001110110011001011011000001000010001111111
001111001111101111110011011001001100111000000011001100011000
101011000011110000100010100000111001010001000000001001001111
000111110010000110011001110110111000111111100000000100010100
111111101100101000101011101010000100011111111100110011100110
000100011110110110011011010101111000111101100010100011000010
111000100100001111001111111100010110000011101110111001000111
001101100100010111101100011100101010011100011010001000111101
100100000010110111111101000110101011101110111000111101101111
001000110000000011011110010011111011111001100100100110011000
101111000001100111100100111000011110110011011111111010011001
011000111110101001100100011111110100001000111101110011111111
111010100000010101001000011000101010110101000010101000011000
000001010100101110000101011101001101111011111111101011000111
001101010101010110111001100000001011100000100000000111101010
001100100000001110101111010001101001110000000011100001110010
010111111010010010110000100101011101010000111101110111110100
110110101011011100000000110010011000011001100000101010100111
011110011010010100011110001001101001110111010111110100101101
101000101000001101000011000110001110111110100111000011110100
111001000000001001000001000111010000000101101001101000110001
000000010111111001100011001111111011100111001100001000001110
000111100010011111101010101110110001001111011111000001000011
001101111101111001111010110011001011011110011011101101100000
101001101100000001101101101011101111011011100100001111100000
000101110101110100011010011001100000110100011000110010011001
100111101000010001101010101110100000100111000100110101010000
000011101111000010110110000100001100001101001100001011100001
100101010001110001011000000010101001000011110101101100111110
101010000101100000111110011000000110110001110001010100000000
110010000000111001000100011000011000101111000100110101110001
000110011001001111100011111101001011110011110001110011000101
001000111001100110000001011010010001101100001111110010000000
