111011011010010110101110110010001011100000110101101001100110
010100001000000001010111001101010001100101000100010111001101
010111111100011110001111111010010100111011001001010001001000
011111111110100000001010101101100111011011000100101001001110
000111111100101001001101000101001010101111111001000111011010
011000010001001000001000010101011111100111100100010011001100
001011101010101000110011100001010111001110010110100100011001
110110010011000000000011000100110101110100101010010000111110
001101110110100111111110101111010101101110001110001100110110
111010100110111111000001000100110001011001001010010111111110
111111010011110011011001010010001000111110011010000101101100
001101000110001100000101011001010101001001001101001001001000
011110000101111011000000010111000100101111110000100111011011
011000000010010100001100010100111111110101001011101110101000
001011011100100001001000000100011001000100000111010010110101
011000101010000000011101100110111100111101101101001011110001
100100100011010001000100101111010010001000100110011011111001
001111111101000001101110001101011100000000010100000011100100
110010110000011110111100011111111001110010101100010010101001
111001111010110111101000101110110001110011010011010000100001
011111100010011011111110110111101111001000101001001101001000
000000011010010100001111011011100011001010101101101000111000
101011101001111001010000010100100101010001011001001110000100
111010000011010110100000110101011111001110001010000101101101
100001110000001100011110100111011111110011001110100010110000
110110110110111110100110010010011100011110000110010101000010
001001011011111101010010111111001010111001110101110111010000
111101101100010000011110001101000011010101100110101101101010
100000111101000101101101001110110110010110010011110111000011
100011111110100111001001110001110110111010000000100001001100
010001100110000001110000100000100100101011000111000010010111
001110110100001011011001101011111000111001001001101000110111
011110100000011101000000011100101011010011001100110000001001
010000100011011000110011100111110001011000101110011011010001
111111000000110011001100010011100100111110111110010001010011
010111101110100001011000111011111011010100001001110100111111
101000101100000101101110101100111010000000110010011110110000
001100001101111100011110101110100111000011101000100010000101
100100011001100111111110001101101100000000101111010101111001
000000101101111101001100111100110000010000101011100100000010
