011011001010111111111101010101000100111000011111011001001001
100011011101010011100111101100010000010010100110000001111111
010001110111011101100011011111101010011101110101101100100000
100011100101101111101100011011110111110110110101101010010111
101100000101111101000000100001000001111011110110101101110110
010110111110001111101011010101100011001010001010000000101001
001011001111100111001010010010110010101011101110010010001010
011010100001010010000001010111110001010000011010101010110110
110011111111101010110101011110001010100011010101110011001101
001100110011001011100110001011010100001111110011101110010001
111110101001101110110111010010000101110000000100010101001101
100001001110100011010111010001101000010011101101011110111001
011100011000001101001011001010001111110001110010110011110110
111001010110110111001100010001000111000110101010110100011100
000011100011110101001010100011100011110101111100011001001011
011000011110010101001101011001010001010011011010001110101000
101001101011010001100010011111000100101001110100111101011011
001100101100101011010101001101100001001110011111001111011100
000011111010111001100010000110001011011101001000010001000111
010110001110100011011101001001100111011100100110101011100100
001011110111101000010000000111111000100101001110001010011110
001010100010000110001001110101111111000010100010011010000001
101101010111100000100001001111011001001100010011110111010001
100000100101111100111011001010010100011010110101110100100100
000111100110101000000000011110010000001101101101001100011000
101101101101000101101101111101101011000011001010000100011110
111001111101101100101110111011001100000101010110001001010011
010100111001101001010010111011011001011000010001110101110001
100011001111001100110000001110011101101001110001000111001111
000001111101000100010011011111010110001100100110010000101000
110110101101000101010000111001100001110110110000111101111000
011110110011011101100000100000100101011101000010011101010011
110100000010111011000010011011011011100110110001010010010100
001110011101011010001000111011010010000001110000101011110101
100110011110011100010011111110110101101001010000000110100111
000010010110000000011001110010110000011100010111100110000000
010000111101111101011111000011100110011111101010100101010101
110110110111110111100001001011100001100100111100111011001101
000101000011101111111001101101010001000000001001000110101010
111000100010111000010101100011111000110010110010100110111101
