011110101100011001101100101111001011110100100100111011000011
101100100101101101101000111101011101000110011111100000101101
001110001011100110110011011010100010111011100100000000101000
011010110000100101100101111010100111001000010100011101001001
001111110000111101111000001010001100110001101110101011001011
100010011101010100000000101000011100110001111001110111010101
111011111111000011011010001000110111111101110001110111111100
111100111011000101101010110111110100011101000100110010001110
100011011011011011110110110010101101101101111100010011010111
111010001010110000001001101110010010100111111010111011110011
010110110110110111011111111101001001001110011110110001111101
001110011010001001110010001101000001101100111101101011111110
011010001111100100101011111110111101100010110100011011100010
001011000000100111100100111011100010011001100100100101000110
000111001000010001001101000010110100101101011110100000000101
101000111011110110011010010011101001100001110110101010011011
010111110000000011101110001001011001010111000110010001000011
101111001000010000101100110101100001001000100101011111110111
110111111001111100000010000011010011110111111111111010001010
000101100111111110000101110001101101000111010111111011101100
110111011011001011010100111111010100000101010001001100110000
111000101001111000111111001011011001011011101110100011010000
010111001011011001101001110000010101110110010011100000001100
111001100000001011100101010010110110110011000011011011101100
000010101010000001101100110001011101101110000000110110111111
001001000010001111000011110010100111110011110101100000011111
011110000011111111010011101000000001100001101010100011010100
001001011011111010100011000110100100001100110011001100010001
111100101001001100010000000111101001010100100000010101011010
111010000010100001101010111110011111100101111001011100100101
101111111010100000011001011001001101111000001010011010001010
010001111100000011110010100010011011111011111111001100011010
001111101011111110001111001100011011000111101001111011110100
100101101110001011000011110100000101101000001110111111111001
101110111000000011010011001110101111000110010110011001000111
101001000101101101010010011110000001001111100100000011010010
110001010111110010101010100111011001010110011101110000001001
010110111010100011011011010001100111100100000000100000110000
000011011010000011001010011101111110001101001101101110100101
011100010011100011011000000110101011001111010000110111111001
