110111111011100101111101001101101011111011001010111111101000
110101001110011001101101001011110111010001110000111001110001
001010010100011110100000000001111100100000000111001111101101
100010000000100001101011101001001101010000111111111001100100
000111110000000011111011011001101101100001111110001001000010
101111111101010110100000010000111010111011101101101100101010
111111100111000110001101101000111010001011111011111111110010
111011101101001010011001001111111101000011001000010100010111
011110011100000010110110100101110001000010101000000100101001
111011011100111001010110001101111001101000000111010110110111
001001010011110001011101000100101111100101110010011101111010
100000101101101111001011001011010000010000100000111011000010
100001111010101111001100110110111100100101100001100110100101
111101011101100000010100011001011110001010011101001001000111
001000100111000001101110010111110110111100101111110110000111
000000000011101110100010001011101100010110111111100000111011
011111000111110000111110110111010010101101110110000101000100
011000010001000110110001011111010000110101101110001101000010
000001110100100010110000011100101110111010001111000010101101
110001010011011011010111111010110110101111010110011111111011
110010011001111000101111111111111111000111111001011111010000
110100011001010101001000110110011011110010111000000000101111
100111110000010000011010001010011010110001001001010110000111
000111110101110010000000111101100110011000001100000000100001
100011111000001101010110110000100010101100010100001111101010
001111111001101110001001110111011011001011111101111000111101
101000001110001111000110110001111100111100010001111101100011
000001011000000011111000000011100001101101110001001110010111
010101110100011111001010101101100000011001011110001110001111
001111011111001101000000001001001011010001101100000111101010
100101101110011011000000100000100000010000001001011001111001
111111011110110000111100001100101110000011101100111111000110
100011011101111100100101011101101000011001101000011100101001
110010111000000101100010111101110000111100111110011001111101
100001101100001111101100100110010010111000011000100111101110
110010110001100101000100000010000010000111111001000000101001
011111011010011100011011101000100111000110101010100101011000
001100011100011000011101011100001001110111111111001101111111
010101010010111101100110011110101111000000001000110111010100
111001010010010111011100001101111010000001100001100011010000
