000000000111100110101011011011001000000001100001100100010000
000111001000011000011000100110011110110111101011100110111011
010000110100000110001101000011110100110101011110110110011111
100001001111111101000101011101010001101001111101111010101000
000110110000001111001000011000011111001110110010111101101000
101011110010011110010100100111011111010000011111100100111110
101001011010011000100100110110001111000111001110010000000001
001101001111011111001110000110000010101011001001001101101111
000000101000101110101100101100101001111100000111111011111011
100101101000111010100010001010000001011110011111011110101110
010010001011000011011111100000011000100010101001110010100010
011101011110111110110111110011111101101001000101100111111101
000010111101010000111001001100001100101011000010001001100010
111000000011001101100100011110110100111100000001100000110100
011010111010111010011101110000010111011011101001100001010011
111111001111110000001100101110011011101111001011101010101011
011000001000001001000111010001010111010101000101001110010010
011000000111001111110101010110101001101000111111110001011100
111110001010001111011101100000111101100010000000010101110001
000001000100101011100101011111111100100000101000011011101001
000011001011000110000110011110101010000111011101111100100101
000110010000011010111010011000011011110110000111000011010000
110110101100001001010000111001111111101001010000001111110011
001100100011101011011011000010010111110000110110011010000111
110010000011000111000101101000101010111000011110101010010101
011010010011100010100101111000100011011100000110101111000111
110010000010001010100001100001000001111100101000100101001111
100010101100101110101101010011101111100000001101010000110011
001110011000111000000100111001010010110001101100111110110001
101000101011000110110110011010101100001100011010101110011001
001101011110000010000000001001101100010010010001110111111101
100010100110011110110111011000110000110100100111100001101100
101111000011010010011001011111000110001111110010001101101010
101110101100001001100011011101100011101100000101011111101110
110010010101001001001100100010101111110011100001000101010110
001011001001101101101101110010001101111110001111011001100011
000101110010001111110110000001000001110010111000000000111011
100111000000111111100001111110011110111111011110001001011001
010110110111110110010000000001000100101110010000111111001010
111000100111101100101111100101110001111101011111001011010010
