111010001110011111111011001001100110101010100111010101100111
010001010000001010011110010001010010010000010001110010001100
110111010010001011100110111011010100111010001101100000100011
110101001001000001001111000101011111011100001101111111100111
101111011001110110011001100011011110001110011101000111000100
110011000001101011001111101100111111101110110111110011011000
011111010101111000111011011100111101010010010101010100101100
100011011100000001100101011011000011001111100010100110110011
010001010101110001101101100111000111011011101101010111110010
100100100001000110110001111000100101000000111111101111111110
000110010000110100010111111100110000001010001001110010000011
011000001000100001111101100000111100100110110010101111000111
111001001101111100100101100011110111001101011010010000011101
110110110011000100001110110001101000001001011001111000010111
011110010100010000001010100010001000101010110111000000001110
100001010101110000110001011110101000111011000000110100011000
110001011011101101111001001100110001011111101011010000110100
110111010010101011110010010000111001010111000000000010010100
101010001000100000110101111010010100111010110111100000110001
000110111111110110101101010001010011111000011001100000001100
010110001101011100011000010011010000110000010101100010000110
000111001011000000101111101000000010001000110101011100101000
111100011111000000100111000010001101111001000011110101110100
100001010110101001110111001100110100011010011100110010001100
011111001010110001011011110010110111011011111100100110100101
101110110001011001110100011111100011011001111100000001100111
001010111101101000101101000000011010110100011000111100011110
100001000000001100011001111110110110110001111100011100011100
100101101110010111001010100001111100100011101101010110011111
000001011000101100101101110001010110010001001111100110001000
101111000100100101001100110100011101111111101101010100110010
010100100100010101010010101110001000011000000101010000000100
001010000011101001111000011001101011011110100111110110001011
100010100010110001010011101100110010000010111100001111000100
011010011111000000111111001111101110001001110110111011010001
100100011110100101110110000111101100111001011110100100100100
000110101010010100011010011101110010100100011111110011111110
010001100001111010011100111000101010111001001111010110010111
110000010111100111000010110000000100110011101101100100011000
101110110110011101101011101111100100001110100001100001001101
