011000001011001111010011000111001001001000000001110111101000
010001100000000110000111111100100010111011101110110111110110
100111001111110100010101000010110111001110110001101101101010
010011010010110001100010110011001110010110000000001011100011
010111010001010000111011111001010111011100110110111000001110
101110001111101101011100110100011100110101010000110101101111
010000000000000111001010001010010110011101100101010110010010
111011000111111000001100110011110101101011111001000000111000
100001110101010000100010101001110011000001110101111011111100
110010011011110000010111010101010001000110111111010101100000
100100110100001100110000011011010011000101011000101110001101
100011101010101001101100111000101111011001001101011001001000
011110001011100011110000110100001011101000001000100011111011
001110110001101010001100101101010011100000000111101111000101
100000101101100110100110001001011110000100101001011100011110
000101110001110100100101000101001110101111001111100110101100
110000101111000000000110101111100011110010100111010010110110
111101100100100100001111010101110100000111000010110101010100
111000001001001011111000110000011101010001010001100011010100
110111001011010111001101110011100111001111001111111101000101
100100011000110101000011010011001011111001100010100110000111
111011100000000101001101010011100110010110111101001111111010
000111100110101000011001101010101011000100000011111010001110
010001001111110000100010001100111000011100101100010011011011
010101000000011110111010011010101111011000010101010101000001
001011010010001010011101010111011001010000000000011111101100
010110001101110011001101101000100001001101110010010000101010
011101101010101101101011001101101010110101010110100111111001
101110101010001101101011111001110001101111100110110000010000
111110111100110100010111001011011000111010010011100010111000
011000010010100100011001111100000111001000011100101000111011
011101001100110010110101110000100100110000001011011010100011
010100100010100010010010010111101000001110001011110100001100
110101111101111010111110100011000101101011011011000010011011
101000000010110100110100000111011101010101001100011101111011
101110110000111110111110011001100000100111100011011010111000
000011111011110011001010110001101100010011010001111010010001
101000100010011000000011100010000100111111011110011001000100
011001101010000101000101011110011101000001111011010010001111
101100010010000001011000001010100101101100001010101110000011
