000010101111111100110100100111110010011100101011110110101000
100010010000101001100000100000011100010110010100101001100010
100111000101111001011001111111011011101110010110011111101000
000010110011111110101000100110100111110111000010101101011011
111001001110011100100101001111001110011000011100011001101000
001010110010111010100011100111100111111010010000100110101101
011010100110110111111011011000110111111011010110001010100111
010001110010011001100010001111011111000011100011011100000101
001000011001110110111111100101001111001000000100010110101100
010110011100001010010001101010110101011000100001111011100001
001001111111111101000100010111000101101111111000000110101110
100101111100111101010010110011011001110011110011011100001000
101001101110001101110100001111100100100101010101000010110011
010101100011000101110001101010000101000001100001111010110011
110111101111110111000011101100100001100010001010000010110110
101101000111101100001010111001111010010100010100101110110111
010010001001010010010001110110011111000000100111100101011000
110001110101010101000110010010111010010111010110110001101001
110111001010010110110000010111011111000010001011011010110101
100101101000001100100011011110001110010011110010000010111011
011110101000111100110010010010100001111110111110110001011010
110100100011101100101000110001101110110000100001000000111100
011001000111100111010111111100100000011100011101010000110111
011000100010010100101000010010101000011011111010000001001010
011010010110001010000110000111001001100110010011100001111001
100001010010110011101100000110011100100011110100010100100101
101011011111010000000110000001101001001100001100110101000111
001010111010101110010101111101101011011100010001101101100101
111101010111100000010110011111101101110110000011001001110001
100001010111000110010000101000010000000100111101001010110111
111100100110011010110101100110101001010001110010100110010110
110101110100100000010111000110001001111101000010000111100101
000101100001001100100100001111101010010110001101000111010111
001111111010110110101100000011110100100000010011001001011100
110000001110111100001011010111010011111100101110001010111101
001100101101100011000110010111110011110110110101001100101001
001110010010101110011100010011011110001101011010100000100100
000101100101111100111001110000100010101000001010001111011101
110001011011000010110011001111011011111010101001100011111011
011001110000001000001111010101101001011100001101001100010011
