111001101111101001011010100110100111111000110100010011111100
111111011011110001010101110111010011110110001001100110000111
111001001000101110010010110001110011110000100101010000101100
110100100110100101111100010110010011101010101011001101011011
011011001110111011100110100110101111100111100111000001001101
000101010000111010011000011110010100110011100001010001010100
010001001101010000010110111000110011001100101000011100101010
011111110011110110111111100100010100100100101110000100011110
000000011000001011110110100100101101100110011010010101010011
010011011100010100101101011111001010101000010111110100110110
110011000010010000001011011101110110010101000111000011001101
111111110011101010000011110011111110011001000110100010001111
000000101011011011111010100101100110011001010011000010100000
011001000111010111110010111111111011101100111110110010100000
011111100111100001010001011011001101100000010100111011000010
010011000100001011101101100010011000110011110110010011111110
010001010010011101000011100111100101100101110011001100001001
001010010010010001010011000111111101111000111010001101110001
010000011100001001111001111010110011110000000010111010011001
010110110101011010111111000101110011010001010001110000001001
101100101100000100001101011100000011110110001110100111110001
101001110001000100111111100001001110010100101110110111101000
001001011011010001111110001110110001111100010000001100011110
110001011110101101011010111101110111100000111100111001001111
001010110000000011100011100000111011011110101010010001111100
110001000110110100001010111010101010100111100001111101000011
111101011001010001011011000101111001011010111010011011110111
011001111100101101011111100011000101110110010010000100011001
000011011001100100111001111100010101011011111011011001100110
101101011100000001001000110100001010100001110111000001000011
000101010000111000000011101110000011001111001100000010101100
010001101111010010111110100110010011101001010000000100100100
010110100100001001101010100011000001011110010111111000111001
111010111111110010001011101111111111001110100001010100011111
000100111001010000011010100100011111010000100000000000011100
110011111100100100111001001000011011010000011010100001000010
100111000111010110101100101010000110011110110001111110100111
101100000100110100111010010100011111101100100011011101101000
101101001110011011011110101100001010001101010010000000001001
011111000110001101011000100011010010001100101100011100001010
