011000101111101101010001010110100100001000100010110101101100
011101111101101000111101010000100110110101000010110000000000
111011110001101101101100010000101010000100100111100111110111
110100110111111010111110010100000100110000100100000101111000
100101100011000110100000101110011100111111010100000111101101
000000111100010100100111011101000010011111001000110011101110
001101110011101000110000100011001000011000001111111001001110
011000011100110110111000010101000000000101111111001111101100
101100111001101111101010111111110110001101100100011011111100
001010010000000001000110011101001011111010111100100100100100
001111010011101100101000000110101000100001000101001001110111
101010001000011000000011110011011101000110110010101010110101
001111010011110110000100001111101000010000110011011011110000
010100111101110011100100100010010001111001010100001100110001
110101110101001000010010011000010011010000100011011100100010
100101111111101110001111010011100000100010101000100100011110
000101011101100010110000000100111111011111101100110111000111
101001010000010110111010000010101001100110011001100111011101
001011111001000001101111111110110001100011100110111001101010
100111110101001001011000110101000101100001000001000011010101
000111100101000001101100101000101001000011001011000110100101
100011101111000010000001101001001101000111101101001001001011
010110011001111111000101000001000110110111100111101111011110
111011010000010101111100111100001100111011000110100100110010
100000101101111001001001000101000011110000001100001110100011
100100101000011110000000110110110010010010100110111100011111
101010111001100111101100111000110100000100110100000011010001
001001110101000010100001000111000011111101100110000111001001
011010110100000101010011100110110000011101000110101100111111
000000001100001101111011010011110111110001010110010011110101
101101010000100011111101001000110011111011011001100000110110
111111010011011000010000101001101001011010011000010011011111
101010101000101111000011011011110101110100001111000111100101
101110010111110101101111011001110101010100100101011001011010
111011110101111010110110011011100111001001101111001101001110
110111101011011001100000011010010001011010110101010101101000
100000010101000011111100001111010001011000110100110000001100
000111100001100010101010011000101100001111101000101111110000
101010000001011011110100010111001011101010000100010001110001
010110101111000110011111101010100101111110100110110110010000
