010110101100101111100111011100000001001111111111110011100100
111000111011101101100010111111001011010100111111111100111100
111001011111111110100010111110111101101010101011110000101101
111111110111100100100100111111110000110110001111011101001110
000011001100100001001010000001010011110000100111101110111001
000001100010110010001101100101100001101100000110111000000111
100010110011100011101111010101100010101100010110001110001000
100100000001011110000110101000101110001111010000001110110000
001110100001100110111111010101111000000110000100111001100100
010001100111111111011011010110100101010001000010011001000010
110111011110011001111100011100110010010001010111101100111101
110000100110000001001110110011110011010011011110101101011101
111100000111101101001100011110111101011111111111000001101111
000110001100110000100110111011110110100010011001000011010001
011000001100111111110010111111111010111100101011101111010111
110100011000101110111001110010101110010001111010001110011111
101011101111001100110010111110111011100000010011000111111111
011110000100000101111110001011011010101010010100100111101110
001000101100001111000100111100100000011011001110010111111010
101111011110111101100010111101011100111011111011000110001010
001000010011100010101111001000010000100111010011001101100110
111000001110110111001111110011010101100000110001101100110101
101010110110001100110101000000100100000001001011001110001000
001110101111010111110010000011011011101010001101101100000011
010101100100000000100000100010001011111110011101010000111001
101101111110010101001000011111100100010001000100100010110110
011001001000001110101001111110000011010100100100000010110011
110001000110111111001100001111110100111101101100001001111001
000001110111110010011111110100100001010001111110100100011011
001010111010001010100011100111001000010111101101000110111000
001111111110000010000100111001001110110110101000111111000000
101010110111010110011100000000011011000011010110100100100100
110111010100101110000001000111101111101011100001001101100111
111100001110110011101010111101010111111111001010111001001101
110011010000111100110111101011000101111100011010100000111010
110011001010111010001110111010001010011101110110101110101100
101100101111100100111100111011000000001010010011000010101011
000010011010001101101110010010111010001001100101000101000000
101101011110011101001001001011010011010100101110101111010001
011101110110100001010011101011011101111100001000110001101000
