100111111001110011101010000011110010110110110110010111101010
101101111010000000001110010010011110111111101010001010000011
110011101111000101000110011001110111000010111100010011000010
100001110100000000010101111101010101011011100100010001100010
101100101001100010111010011110011100000010010101010101011000
000100100000000000100111001011000010010100101100100101110101
011110111100011010100110101111111100000000001011010100100100
001000101101010001001001110101110010101100000001101101000000
111101000111101111000010101101110111100001100011000111000100
111100101011100110011101111100110100110010101100011111010110
101110011100010010011100011100101011111110100100100010111100
111101111000000111110000101111101110111000000010000001011000
111001010110000011100100110001011101110100101100101001011111
100000001011001011001101111111111111010000110101011101110011
011011000010100100010010010010010010011111000011000101011010
111100000011000000110000010001100100011100101100110011011011
001110000110100101110111110010100110110001011000010010101111
011000101111001111001101000010101010101100000000001011011001
100100101010101100100110110101111010111001101000000011011100
001110000011000100101001011000000010100010011011011010100011
011100011000101011110010011101111111110110111000001000001101
010110111011110101101010001100011100000101110100001111100101
110001011000011100011101110001011001111010110101100000010101
110011011011001111001011100000001011000001001101001101001011
100001000010010010001001011110010101100111110011011101101000
101101110101111011100010000001111110001011010011111100110000
001010011100110001010100111011110100001000001101101110110111
001001001101100101110010101101111111011100000110110110100011
110110111100000000010010001010110011001101110011111011111101
000001100010110100011110001111100100010010110101111111110010
001001111011101000110010000001100110110101001001111100011000
011010000001001000000000011110110110010001011000111010100101
001110000110010001010011011010101101010000100101000111111110
011100110110111101100111100111001101100111011000000001000010
001111101011001100111000100010010100010001101010010100011000
101010101001010001101101101100100011011110100111001111001010
101001111101110101000110011111001111111100110011011011001011
100111100011010000010001100110110101100000101010001100011001
110110111010100110011111101001101100010011111100001110010000
010111100110100001011010100011111010000111010100001111101000
