110010101011110100111001101011000010101000101111110111010001
101101010011000100101000100010000000001010001101100011000010
000100010101101010000011001101101001011101011000001101111011
010101000101000100001011111110111100110000100000111001011001
010000100110110101011111011001101111110010010001110110011100
000110101100011011101110110011100111100001000001111110111001
111110100011100000111011001110100011101101011111100011111100
001101100110100100111011011000101011100011110110001101010111
111000011001101011011111100010111011001100011001010111010011
111101000101111011000011010010011111010000001111001011110000
110111010000001010111000000100001001101010111010000001101101
001101100101011010110011001100100100000010000000001101100011
001101001110110100010101011000000011111000001011100001101110
000001101011110101111101111110110000010011011110011111111100
001010011101010100010111111101100110001010000101111001001101
100110111101101011111010100000011101000000011010010100000111
101000110101000000101110101101001001101110011000000101011001
101000001101011100010101011000010000100010110110100110010110
001000010101010000111110010000001110110110001001111000101111
110001000101110101010111100000010010001001001100001110111101
000100010100110011011011101111110110111111111100100110110001
111011100111110101001001000110110000000110111101000101101001
011111010001000111101110010011111111110101101011101011010000
010001000101111100111011010111110001011101001101001110011111
100000110111000001001110001010101101100010101111111001010000
010000001010011000001001011001000010000110100100100011000011
011001001100100000100110011000010110101010111000001110010100
110010000001001001110000100110101000000101011000000010011001
100000101111111111011000000100100101001010001011111011110011
011110111001110001111110010111010011010000010110000011000110
000111101100110111111101100000010010110001110001110111010011
010101001011111111011001011011101110001111011110101011110001
000100101000111000101101010111001111010100101010000110001101
111110100010101101110010001101111000101000101110011110010110
000010000010010100110000101000111001111001011010100011011101
110000111100000110011101111011011100110000010111000011010011
110000111011101010101110001101011011000001100110010001011001
011001010100001111101100000110110101000011100001100011110101
101001000100100011111110010111000100010010110111000010110110
011000010110101101110001000110100111110011001011011011101110
