110000100011101100111011111001001001101011100011110011011100
101000001111010111111001001110111110010101110110100101010100
011100110111000000000111010101010111110010110111010011010010
101010100111111011011011110110111101011101101001111110100110
101110111101010010101000101101011011100101000111100001011100
100011101100001110100011011111111010000001111011100001010001
001100111100001011101010111010011010101011000111101000100000
111110100011101101011110100101111000011101101110101000000111
111110001101100010110010010101000000111011101111011011100011
010110011011000000010000000111000000011111010100010111001011
011000100101000101010111001001011110011111101000010111000001
010011011011010110101000000011111011111101111000101101110111
001000000100000101110001101101010101110101010001011110110010
010110110011011100100001000111011011001100000110100101000100
010010011101000101101010100011001000100001011010000101001010
100011011000100010111010101111000001111011001000100010001000
001100011001101111001001100110001111111001000010100010101111
110001010101101011111111010010101011001101111011100111001000
001111100101000110011001010011011001110110000111001010010111
010011110011111010001110001010011000000100101110111101111001
111101011000001101110111100001100111110101010101100011010000
101100000110000000110100011101100111000100100110110001010100
111100000101000011010100010110110111111010000101000010010101
100011001011001000011001011111100111010011000001000001101111
011100011101100110110110110101110011000110001010111101000111
111000000011100101000110111000001010010001100010001110111001
000010100101110101100111101011000000111101010010010111000011
101000011111010100011110001000010000000010101011111111111101
110110111000011011100010101010111110100111011010111001010001
011001001001111101111000111100110000100010011001111011101010
001000000111000100101111101001000010000110110101101101101010
110001001100100100010010000011001011001110000100101001011100
001111101111010101010001001101100100000011111001010000110111
110011010100111110001010100110001110010011001001100010111100
001010110111111100010111101111010111101101110111111101010110
001011011010110001011100001010011111001110010001110011001011
110110110100000101101110100100111010101111100011001110111011
000101000000011100100111100111001000100001101000011111001011
010000000010011100001011101110000001010001001001111111100101
011111111101001011110011110100100100011001101111010100101001
