101001110111010110100011000111100101011100010000100111101001
010010100111000101011011010001000101000000100100011110111111
111011000001111001000101001001101011000110100110110100001011
101011011100100110000100011111000110101111110101001011000101
100110111110111011101010100110110110010000001101101001111101
110100011100001001110101010010100011110100101111010010010010
001000010101110011001010111001000010111001001110111101110011
101110100101100010110111101110111010111000110001000010001000
000000111010010100001101101110001101110000111011110010101000
111110110110010110100000101100011110110110101010100110111010
111101011100101010100110000101000100000001100111010011100111
001001111011011011110110010011000000001001010010111100100111
100111110010110011110101110010110110101001101111000101111001
001101000110101001101000101001111011000001011110100101110001
111111100001101100110010011111111010110100111010010101111110
110011010101011010110111001100100011111110011011111000000001
101011001011110000000011100101100000100000101111110100010011
011110111011110110111110011111100110010101101001000001101010
111110010001011000110000110111001011001110101111011011100100
111010110010110000001010110100001001111111001000111000011111
101000011111111100111111010100101001101011011110011000111101
101100110111011101101000101011000100000011000110011010000000
110010110010000101011100101011001000000000101000100100000100
000011110101010111110101000110101100100000111100001110111101
000110000111010010010010111011111111111111111001000111001110
010001101000100110100011010000111001101001001100011100001001
100101010000110000001000000011111001000010100101100000010101
101101010100100010000110110100101011001110110000000100111010
111010000001011110000000000010110001111110100011001011101000
101010110100001101011110010010001001111111011110010001111011
011000010100010000001110000000110111111000111100111110111110
000010101000010110000010011111000100111000100001010010011001
100010011110110010110000000101010011110000001101100001110111
011100001111011000011010011100011001110100001110101001110011
010010011011001010001001111000010111011010001001100000111001
110100000101010110011001101101000011010001011110110000101000
100110110001010110101010101011100110011001101010100100010001
100110001110011100001101000111011110101101110000000100110000
001101010010100100110111101000111100001101010010000001011011
110100110111110100010011011011101000100111100000010001111110
