101100100011101100011011000110111010111111000011110010011000
101001000110100001000001001001111100000000001011000001100010
001010000000010110001010101100111111001000100001110100010101
000110101101111111000101011101010000001111010010100100110110
010000000100011100010101110011100111101110011011100011000011
110010111010011000101011111101000101111111100010100101000110
100111010001100001110011110001100101010110101010100000100010
100110100000010001000000000000011011101011100001100011001011
001110110100100001000010101001011010101010001100011110010001
110000010001001101000111000100101111100011001111111100011000
010001101000100111110000011001110010110001000111111010010111
110111111111000010100100110110111111011110011100000010010110
100111000010100001011000100000001000100100001010011001111000
100111011000011101100101001000101101000000010110110001111000
100110010000010100010101000100000110100111111101100111100011
100110000100010011001010100111101100000110110000101101011101
100000001101001101011101010101101011000000110110000101011010
101111001011010010011111000000000101101000001100000101111110
111011111011001111100000100100011011011000100101110000101111
010100001000101011101010110001101101000110011000010000011111
101111111100111001101101101110010000011000011111001011110110
111111110100111001110110000011101000000011101111010101000011
010101100011010101011011010011111111001010010000000101110100
011111010110010111010101101111110001011000100001011011111000
101100000111000110100100010100111010011010101110010011001110
111010111111111111100011100011001100110101000011010101010111
110110110011101100101100000010010100000100010111001000000111
010011000111111010011101000000010100010101001011101100010111
110000110001100010001010101001011000100111010010100101110011
110011110111101111000010011011111100100100111000111101100100
101001110110010111010111010000100110001011101110001010110010
101000110000011001011010000011011000010111000010100000100101
110001011100011101101001000010100010101111111100001100011100
010111110110101100010110100001101111101000000000010011111011
110110000001111010010110100110111011001100101010001001000010
101100010100110110110110010001010010110010111011101010011000
111011011101100100110111100010100110010011000011111100011001
111000110001110011011011101101000001000011011111100111101011
001101111011100000000001010001101001100000110110111101111010
000010001000000000001000011101010011101100000011000010001001
