010110010001110110111010101010110111001011010010110101010001
000111011101001001001111011100110001000100000011000011110110
011000100000111101001010000000001100000110110100110111001001
000000000011011000010010100000111000011001000001001100110110
111101000010110001100101100111011001100010111101111001100010
110001101001101011011100000101110101011100011111101000001110
110100001001011001010000010010011001101101111101111010111000
111110100010011101001001011111101101101100101110100000111110
001111100101011100011101101100111111010011101100011111110101
110101000001010011110111011111100100000111111110001100110110
010111000001011111111010110000100100110111100010110000010101
011000100011100110110101101110011000010110100010101111101110
000000110111101000001010010100001001011101101111101011000010
001000110000001110101001111101000001011100110110110010101000
001111100001100010101011000010000000010001001100010011011001
110100111001100010111111010111101110011110001100011000001011
010001000000111011110111010110000001010100011011111001000101
111000110011101010101011110000001111110011010011010010111101
111001111001011110101111110011100011010100000010111010010100
110000100001011101011101101111100101111001001101111100101100
111100011010000101001001111110010001110010001001111100011111
110101100101000011110010111101100101111010101000000001110100
101100000000110000011110100101101100111101001110001010010010
011000101001000011001011100001000010100101010000010110100111
100010001011100001000011001101100101110000101000111001100100
011000000100011100000111000110101001101011100000111111101111
100011000010000110110111001011101001011111011001101010101101
011000100010001100010111100001101100111000011111001111100100
111100101101001011000111111011011110110001111101111011100000
101000000001000000101010000100001101001100000111011100011011
101110111011100010111001110110001100011111110100000110011111
111000010001000111100100010100111111110110101111101000110111
001000011010110111001110110001111100011010010110110111010101
001010010100001000110000101000011110000110010111001111011011
000000001000000111000010101111010110110100000111101010111011
111011111000100110010011110101000001000011100101000110111110
100011100110010110000100010001000110111101111101111001100011
101100111001110100110011101101001011100111001101000011100000
011000100010101110111111111110001100001100111101111001001011
010011110101010111110010001000010011001101001001000110111100
