000110101000110101010101111101010111010010010111010011000100
100010111101010011000001111011101111000100101000001000101001
101111000011100011111111111011111111001001011100010011000011
111000111001000010100010000010000011011100101111010001011010
100011000010001001000001011101100001010001101110010011011110
101111000111100100010000000110110100000001100101000100000100
101111001001111110010011010000110000101011000000110010000110
110101101010010000110001001101101100001000010001100101111000
010010001101001111100011010010011110110111011101101100100010
101100100011011000010010011100011101111000100010001100100111
101101000011111100101101101001110110011101111111011101001100
100111101111100100010111011001101001110111011010110111110110
001011101000100111111010000110001010000101001001101001110110
010010111001000001001101000011000010110101100110011101101000
100000101010011001001010110000101101100101110101000010101111
110100101001000011110101100011000111110010010111101101101001
111110010110001101010100100111101111000010001101101101100100
001010111001110101011100010111101010000011100000001001101000
001101001011011111000011010110011000000011111011101110101110
110110101111000010100101110110110010111110111011110111011001
100101011101111010100011110001010010011110010011100010111111
111110010110111000001101111101001111000100011111001100100010
001011010111010010010000010001010100000011111101001111101101
101000100011101001110001101110111111110010001010001011010111
001111001011111100011000100100001000001110011110001100111000
010111000110101011011001101111101011001001011101101100010011
110011011110101010110110011111101111110001111101110110010100
000001010100000000000010000011111100111010010101110111011011
011011101011101001100011101101110011000000011001111100010100
000000111111100011010001000010000101111000010110100010000010
011011111100101110000100010101111010101001101001101100101100
000110000000011101001100001000000001000000110010101010111100
000001001000001001101000100010100110110111111100001010011111
010101000011111101001100101111001110111010000110011110000001
000010110000011101110111000110001100000100010001110110000011
100111101001110011001010001010100011101110011001011011000000
100111010110101101011110100010110000001111100001111101000011
101001010010101001011111110111010111100001010011100010110111
101011000110100101110000100011110011000101110100101111011000
111100110011011000110001111001100110010110111001010110011110
