001000101001100000010100110011101110001101100111010100011001
110110000101011001100100001001001110100001010010111111101100
111011101011000100001111100010010010010101010101110100010100
101011111010000110110110100110101110001110100010110110111010
000001110001011010000011001100001011000110000110011000001100
011111101111101001100100001100001011110110011000110100001000
110110001011001001011011010101000110101100010010011101001010
100101010011010100101110010110111010101100000010110100001001
000111101101011110101001001010000100011001001000011010000001
111101110011001100011110010001011100011101010111101111001010
101110011011010111101110000000101111011101101000110101001111
100101011011011111110010110010000000101010110110101100101010
000101011000110011100100101101010101011000100001011001011101
110010111010010100011101001001001001001110011101110111110111
111010001100101111101010101100011010110101001000001000111010
100011110111100011101011011011100001001011001111011101011110
110000100110000001001001110111111000111101011110011111111010
011000111001101001000111000010111101010001010000011100111001
111001011110111010001101000100111011000111000000101001001100
001101010101101011111111101011101011101110001000001010110001
010011110111011011001110011011001000110111000010000011101011
011101100101101101010010101101110100101101110001110110100111
010000111111101111000111010011100010101111010010101001100110
101110110011011111110010101111100001101011110010011011110010
001011000101101101001111111010100110001101001000011110110100
000001000001101000000111001101110100101010101110011001011111
110111111111100110000000101001010101101101110010000001001010
100001001001010101100111101110101011111111001011110110000000
010110000101000100111111101100011001011100110011010111011101
000100111001110110000011100111011100111101000110011001100011
101000101001101101111001100011000000100111101011000110010011
010001000100001000001101111100100001010010101000000010001100
001110100010001001101010011101101111100111111001100001111111
000101010111001111001000101001100000110000011001001010001001
011101010111011001100110111001011100001100111110101001011101
110010001001010010011101011111011010011111001101100111100011
101000100111000011011011101000111101111100000110000001011001
101011101011111110011111110110011100101100110101100110010000
111011000010101011010101011100101100100010101010111001100101
011010110110100101010011101100010000000111010011001001010110
