000101110010010010000111110011101000101011000100111000010111
011001000100110000100111011101100101101010101001111110100000
010001111101010100010000100110110011000111101000011011111100
101100100010001000001011001010001000000101111111100001000101
000110100001111011001101001100111000111101111110100001001111
100010001010110100111000000010111010111001000010110100010011
011101101011110101101101110010000101010110010111101111101010
101000110101011011101110100001111001110100010000011001101001
100111110111001111000101011000001111011011111110100011010100
001100001111110000110111111101100010010101101011110100001100
111101101000010111101111011001100010100011101100011100101010
010100010110111010000000011111111000011001010001000011000110
010110011100000101001100001110100111100101000100100001000111
000111111101111000011011001000110100110001001111111111010010
101001001110111011000011101000011010001101100100001000111110
110111100100010111011011000010110100001111000101000011010000
111001010000110111000101110111111010111011001111110010100011
101100011010000001101001001100001100100011100000001100111100
011000110110001001010010110000010010100001100101010111111111
101110001011001101101000110101111010111010011101001101011011
101000100101111011111000010001101001001111001111111000010000
011111110101010010011001111111110101011001010101000011111001
111101111111001111001010100110000101111100110101011111010100
111101110001111011110010010011100011111110000010010001110110
001011000100101001001110100010010101111000100111001111111100
010101000100111100001010010111110010111010100100001000011000
101010000111101110111101011110101101100111010000000100000000
110110000011100000110111100101100110000101110010100010000010
110000100110011000100001111010110010101110111101110110000100
101010000111100101000111000000100111011100011010101111101001
110010000001000110010111110110011100010101011001000100100011
011101000011011110011110001011001010110010001011001000110000
100100000101101010010111001100001011001110101111010110010000
011000000100010100000000100000100101011000000010111111110010
010100001100111101010001001100001000000111011110101100111011
000001000000010001001010010000111110110001100011110111101000
010100010010000100101110101000010101111000101110110101011110
011011110011110111011100100010001111001111110010001001011000
111100110111011011000010101100110010100111100101000010110000
010100001100001011111101110001100011001101101110010111111000
