111100010011100001111111011110101000010111001110001000011100
100011111100001111001111001111101001101010110001010101111010
110001000110101001000001110111101110100000111011000110000100
101101001000100011010011010010000101010000101011111110010011
001101101110001010010110001010001100100101001111111001001000
110111010101011101110000100000001010110011011000111001001000
011001001110011111010000100011101101010111100101110011111100
010010110101010110011000111000001000001010001111001111010000
100101100011001010000000001100110101100110100000000101111111
100111101010010111111100100011100100000100101101000100000110
100100111101000101001000101001111000101010100111101001001011
001011111000101010010110111110010111011010000110101111110011
010000110110001001111000000100011110011011110001000111111101
100101100010000011100100110111110101101010100010000010011100
011010110000101101100010000101000100010000110001111000111000
111010101100001011010001001111010000001111100111010111110100
111011001100001010001111100001000101001010110001000110010110
111100110000100101010101001001110101101010011001011011101101
110001101010001010001110010110110100000000011011110110010111
000100111010000110011111110110000100000100110111111000111101
010100010111011110111111000011100100010101001100001110011111
100000100010110011010000111101100101000101000111110100111110
111110110111101011011010100101111111110000000010011001101000
000100100001101000111110001011101100011011010110001010011010
011011011111011000110100011001111110010110000111111001101000
000111111100110100111111100000010101001101000010000001000101
110001100011100001101110011101000000000100100111111110001011
001010110101000111101100101101110001111100100100111101001011
000101110100100011100100011100000000100101001010001111010101
010001111011110111111100100010011111010011110101110011110001
100100000101001100101010010000010110010001111001110101000000
011000000000000001000111100101000110001100000101101111101100
100000110000100001001011000110110111011001000111100111001101
010111011001110111010011100111011001001100010110000010111110
110100111001110100101100001110111111111110110111110011011011
011100100000000100100101100010100101110111110010001001101001
101000010101011010001111101101100010100100001011110111011101
001111001111111111000100000001111111111101111110011010001101
000111101101011011010110111010110000101011111100111110101100
110100111100011000110111000110101011001101110011101010101110
