011111100111010010001100110101110111010010101000001011000110
011110100100111111110110000000111011000111000001001001001011
000100011100000111010000110111010011110100010111010010000100
110001100000110011110000000100100000000000011110111110111001
101101001011000010000000110110010011001010111110011111011100
001101001011101111110101010011001000010110110001111010101010
101111111100111100110101010110101011000001010110100000011101
011000010100010101101110101010000011010110101100010100011010
110101101111001101100010001001000000011100110011001001111100
000001011111001100000110110101000111100101110001110110011110
000111110110001111100100101110110110101010110101101011111011
001000100011011001010110001010000111010110010101011110111010
001101010101001100011111111101101011011000100011001000001111
100010011010001101110111101000101001001011011110110011110101
110001111001101011001101100000101101001001110000111101101000
100010001110001100000111100100010100111100001010010010001101
010000011011100000011111011010111000000000110000100100111000
001101101000001100000011010000011101110111100010100001110100
001101101001111001101001100101000010110110110100000100111010
111011001001001001100101101101000000001110101101101001010010
110001101101010000101110101101011111101011011110111100001111
011000101011000111100001010100010011000110101111010001000010
111000001001110001011101110100101001111011001010101111100100
110001001100111000010010010101010011011001011110000111101111
110000101111101000010100001100100110000111110001101110110000
101111011111010100000000111111000110000010010000111110010000
101110001111110000100000001001011111001111111010100011101010
011000001101111100111101000111111001001101011011100000000100
000010001000100101111101010110100101010000000101000001001001
101100101110111000101110000000110111100000111111001101101110
011100110101100111101011011101010111100110100111010100001110
000010011101111000000101101110101010010000011111110000100011
010001110111111110110111111011001001111110011011010100011011
110110011010000001010100110000100110011111010111010110011110
010011011001110011111011000110100011100100001100110110110100
110000101100101011110000100110110011011010011000111011100011
111001100010101101110101010110110000010101101101100101101011
111010110000000001100000111010000110101100001110100110111001
001100011011010100100100101100011111111101101111101101011011
000100000111100011110000011101001101011111100101110100011011
