010111100001111010110001101011110010110001010100101101011001
000000011011000001010101011000011111101111000100000011000101
011011110010111100010111010000011000011001010110010101010100
011011100000001101100111011000110101101100010001000101010101
010101011101010001000000010110111111110111001111101110110001
011010001010100101111010111111010000111101001001010000001011
101110010011011000110001011010111101110000101000010001100110
001101110110011001001010101110011111011000110010000000000110
111110000101111111110110101101000100100111011000000110011111
010000011111001101100000011011111010011010010000100101110011
111001100001100001110010010011101110111011010101000101001011
001110001111000010101101111000110001000110100001010101100110
111011110100111111011100111111010101111111100100101001111101
110111001010010101111101001100101111101010101011101100111000
011011110010010111010001001001010010110101110001001010110101
100100100101110001111100001001110001001110110000011110010001
011110111000111010001111010101010000101101111011101001100001
111110001001100000001100011001010001101100001111001011010001
111010001110011010000011110110010110001010100010011010101101
111101011101001001100010111111111110000011000100101011010100
111011110011010010100101100011111011101110000010011110011010
010111111001000001000000101101111010011100001101010100100111
111110001100100001011110000001001011101000110110000101011011
001110111001111110010101100111111011110100101111010011101000
110001111110111101100000101011110100010110100101011101101001
010011101000001101111010111000111101100011001101000011000000
111011000110010110001001011110101100000101010011011000101110
111001101011101100010110011011011110010100101111110111101110
100011010101010011011111010100101111001110001010100001100110
000011111100010111011100010110010011111101101101000001011001
111000111101111111110110010000110101110100101100100001101111
001011110001000010000100101110100101101010100100100000110000
011101011000110001010001110011101110100000001001000101101000
001011011100010101110101111001010000011110010101110110110101
101101001011010101001010100001000000111101100101001100100111
100001011110010110000011111001100000111001000110001100011001
111110100011111010000110011110110001111010100111111101100110
001001010101111100010011110010101110010101100010011000001011
110111101111011010101111000010110011011000001100110010100101
110100010011110000100001111110000000011000011001110010101000
