110001011010111100101111101010010011101100100110111111001111
100100100011111111010011110110100110100010111011110011011010
001111100101010000111010100011110010010001110001100001111000
110001011111001011000111100100001001111111001001010111001101
101010010001111010111100001110101001110101001101100110100111
001001000010010011111100111110110110011011001010000011111110
111011000000001011010000111100100010100101001001001001100110
100100101101010011001110001000001100000000010100010010011000
101111010101010001011111100110000100000111001101011001000001
110111011011000110100110001000111100101111101011011101001101
101011110010000111010011111001011001101010111011001001101001
100010010111010000000001000100100000101111010100111001011001
000001110111111000111110011101101101010000101011111111000000
100101011111100010100111100100011101101101010001001010111111
001011011110011100100101110010110111001101000100010100100010
111001011110010110110100111101110100110001110110001101001100
110111010110101110001111010011111001110100101000110001000000
100010011010001001000110000001001110111100100011010100000011
111110000101101101011101101110111000110110011100011010111100
110101000101010010101010001011000001010000000111011000101000
011010000001110100001011111110011010000000101011100010010111
111010101111001100010111011111110101000100111001101000100110
011000111110100100111011111111011101010000111010100011110001
000001000111100110011111000010011110001110100010010001000000
101010100011001110000010101011100101110011101001101101101110
010010000011110101110100101010001111110101100011110110011000
101111001001111001101011001010100101101111100011100111010010
000101111111000001111010011110111111101000010011100000111001
110111001110010010111010000001100110001010011001111110100101
100100111010011110010100111011001001110000000111010100101111
010001111011101100001111101000001110101001101111101101111100
110101000110011010000101100101001011110101101001101110000101
110011011100100000110100001011011001111100101001001110111100
001100001000100001111000100111000011110111000010000101000100
011110000011000011100010110000101110110000111101111000001001
100100011011001001101110001100011000001110000111100101101011
011110000000010001000001100101101111100000110001010001101110
111011100000100001111010100010111011100001010100111111010101
100010111100101101000011101010110101100100010101010100001001
001000110010001100111100001010110100010111010100100100111111
