010111100010000100110010110011110111101111011010010011110001
111101100101010001111011001110001001100111101110100000010011
101100010010110100101000001101000001001100000100000010000000
010111110000110111101001001100100111000001101001101101010110
010010100110011111001000000010010111110110101110000000000101
000010011111010011001101001000111011011011001000001010101010
011001001101010001001110110101100111100100011111000100100000
110100100010010000110001010001101001101000010001001100111111
000001111001010100111000111011001000100001011010010000011100
011000100111001110010110011101101011100011100111001001010000
000101110001011011011001100010101101011101000100000000101001
100000010010010111110010010001100000010011011100110110011110
000000110100101101011011111101100110100110101001000011100000
101110000011010101010110000011000001101100110100000111001011
110111001010011100100000100011001110100101111001010110100000
011001111111010000000110010100100001100000111111011011101110
000101001110100011100010000101000010101110100001101011101011
111111010101101001110000000011111000000101111001110110101010
000110010000011010000111101010011100100010001011110100000011
011011111000011001101101000000110001011011110101011101111111
100101010100011010111000011100111111010010101110110111011001
011111100100100111110000011111000111111000101001011011010111
001010100010110100110100110010001011000111011000100101100110
101110011101111101011110111110000000010000111011100110011000
000001001110100000111111010011101001000100111010101101110111
000011011000001101010111000111100000111000000111000010010011
000111010101001110110110011010100001010000011000010011000110
111110101000001100110011000011101011110111111110110000101000
111111010110000010010000001111000101111100110000010100110111
010001100111100000100000101100000100110101010001100110010010
010001100001010001111100111011010110010110011101011110100100
001011000101111100010110000011011101100010001100011001001000
110101110100110010110100010011001010000010011010111110110011
000100100000110101100000101001001111111110000011111000001101
000110110101000100111001010011110110001110110010000110000110
111010101101110111111101100011011011011011100101111110001000
001000101001101110001101010101111001111100111010111110111001
000110010011111011101100101001110000011010000101000101001001
000100011001001011001001101110100000011111010011010010001011
000111110010001101111101001111011100110111100101100111000100
