011110001010001100101001111100101101010000110100111101010011
001011111100110001011011000110100100001001101011101001110111
111100100010011101110101111001011011001001010010100100110000
101111100010011111101111100011110010100011000001000101111010
100100011110110110000001110100110100100011010111101010110111
001100111100000001010000101110111001100100000001010001100100
111010101111101011000000110111001100110101101111001011110000
000100011000101001110011000001000111111010111111010001001000
000110011010001111100011010111010011011001001010010111111011
110111101001101001010100110001111010101111001110101110101011
110111011011110111001100011010101000100011101111100110110101
010000110111000001111010000101100010001000010001100010010000
100110101101101110011110110011110010001010100011101111000011
011110100010011010001001101000101101010001100110010011100011
100110011000100001111101111001110011010110001100010101010110
110110011000101100001001001000001111100001101100011101000101
010001101110011011101001111100000000100010111011010001011100
000101101100100000100111010011101101100000001111100101100011
000100010011010000110010001001011100001101111000010011110100
010111000111101000110000011010100000111110110000111101011001
001111001010101110111111111001100111010001100101001111101000
010010101101010111110001001001111001101001110001101011100101
000101111000001000111011110111111101011111001110011101111001
110001010100000000110101000111001111110111010111001110111001
010010010101100100000100100010111110000011000011101001001101
011110001100011011010100001100001011111100001110000101000011
111100000011111110101010110011100111110111110111111111001000
011010010100111101010001001110111010111001111110101001001010
011011001101011101111111010010111001010100000011100111110100
011010001011000011101001000000110001011101011011111001011010
111010111100010001001110000000011100111100111100111011111101
011111001000011010001110001111000011111101100010111000100011
110001010000010111111010110110110011000010001100010010011010
000000111000010110100101010010101110101101011111111010110000
000101101000010101100101111100110111100100111110011100100000
100011101100001100110001000010010010111110000001110101001110
010110111011101001011110110111100100011111100011000110001111
101011011011100001000010001100011000111111110110001011100011
010010001011100001000010000001111010111101001001001001111101
100011011101110011110111001111100001110001000001001111101011
