011101011101100111011101111011100100001001100111111010111011
111100110110101101010110110111000001011001110001001001001001
011010101001101010111010001111101110011000010110010111111100
100000110101011100110100111010101000111111110000010010111010
110110001101011110100111001010001011001110011010001001101101
010111011100011110111011110001010101010101010010100100001101
101001100011000000000100011000011110011111010000110011110011
100100010110100010100001100010110011111011111100011001001111
000100001011110001011011111001010000010100101111000110011001
000101111010000001001101001010011111011011000101110001111000
011011100100101111011000110001010110011100110101010011000111
111011011001011000010000001110011100001000101111111111101011
110110000010011000100101011000001011101100010010011011110011
001011011110001001000000000111010111000111110011011000000011
011011000100101000110011001110111010111100101110011010100000
010011010110101100011000001000110010100111010011101111010000
010101000111001110110010111111011111110111100010011010010101
011101101111111011111001100010000010001110010010010100001100
000101001001010011110110001110000101100010011100000010011010
110101000111001011101101001011110110110100101011100011111001
100100110100110110111111000111100010100111111011111111111010
111001100011001000001111110101000000011100010010001011110101
111110001010011111101111110111001011010001000011010111001100
001001011100100001011110110100010001001000111011101001001100
000010010111000100011010001111011101100010101101110001001001
001000100000100100001111010110100010010001100010001000100110
111010011011001011000010000010011111100001111001011000010011
011111100000110001101001101001100011110101101100000101001110
100111011001100001110101001011001101111011010000101101010101
001110101010000011000011000000011110001111011011101111001110
111110010110100101110000000101001110101100100100011010011011
110011101000111111000101010000101110000001011000011000010111
111100001110101110100000000010111100100000010011011111101011
010010011111101111111010111000100100010010110000000010010010
110001010110101010001100000000000001001101101111101111011111
001000000111011011101010010101000011101010101100111100101111
110000101011010100111010100010100111001100111101000110001110
111110100111001000000100111100100010110100100101000011011110
110000111000000101011001011100100001001101101000010111001110
001100011110000111001100101110100011110101111100010100110111
