001111111111000111100011011110110011111100100001000000001111
011101011100001111110011010111100010111111101000111011011101
101000001010111010100100100101111111101010001101000100001110
001000110111010001110111100000001001111100101101110101000010
011111110111000010101110100011111001011010101011001011100101
110001011100110011010010011100010010011110000100010111001111
100101010111011011111100111010101000101010110000000110101111
010101010100110110111111000001111110011100010110000010010101
111100110011001000011110011011010010111111110100100100000111
111011000001011101010110011011110011100110011100000111001011
101010111001100000110110111100000111001100110101111011110111
011010011111101010101000100110111101011100000100101000010011
010011000111000110100111111110000011110001000001101111011100
111001111100001111100101001100111010101100111000010111100100
000101000010110100101011111001001010100101100100010110111101
000100111100111100111000111001101010111110110010100101001011
101100101011001001111010111011001011111001100001111000001110
001010111100101100010010001001011101101110011101000100001001
110011100010100010001001000100011000011001001001011100111011
111011101100001000001100110000000000111101111111110111010000
011001000111111011111111001101100011100110101100001001101101
010110001100000101100101101111010111100001000000011100100100
110001000101101110111010000110111100000111001101011110111010
111101111101101010010100011100010011111001010110100111110000
011110100110100001101001010100000111010010011010011101101000
100011011010101110000000100001011101000111111001000001010001
110011110110110011010100110111000010001110010011001001100000
011110001110001100110001000101110010000000101101011000111010
110010100011111000100110101101101011000100000110011110010000
001101001100010101100011011110110001001100101000011110000111
011110110101000111000000001000001100000100001100010000001000
110000111111110111001101110001010000110110011101001011100100
100100100001010011101110000100011010100001100100100011001110
000011010011011101100110001010111010010000101100100101010001
111011001011101011001100011100111010001001010010010110001110
100101111101110001111011101110000111001101010010111000011110
010111111100110000110100010000000100110100100010011100011000
101011000010010010011011100100011010110111111010111010010111
010101100001010010100001101100001101110110010100010011110110
000010000011001100011111011100000011011110100100010010101100
