111100111011000000111101011101011100010111011001100010101000101001011110001010000111011111111001101100111010010011010100111101000010111010000111100001011010111110000110101101000000
011000101101100101101010011010010000011110111110010111011000111010100001110110010110011110100001111100010000010011010001011101100101110111001011000001010011001110100111001101010100
010001010010010011011110100101001010011011111110111101111000011101100111100000001000000100011101001101111111100010010001111101111110101001010011011000111110001000001100010100100110
011110011111111111101101110000101010001000000011001001100110110001010100010101101100011100110100110011001101011111101111001111100100101100110001001100010110101111011000000001111000
100000111101010100101010101000100001000010100011110001101000001101110001111011100110001001111111111101111100111011101010011010011110101101011100100001010111100100011100011100100010
001010001011111101001111000111101010001001100011010010011000011100011110011000010111001001001000011010101010000100001110100001001001010110111010001010001110000011001001111000101101
101010001011010011100011111010010001000101100000111111101100101000011001001000000111101010111100000101111001101101100101111001110110101100000000100001000000000101101101100011111101
111010001100011011011100101011000011001100100111010101110010110001100110011111000100111010001001000110111110101110100001011100011101011000111011111001111111100001011100111001000101
111101000101000000100100111110000000110001011101011110000110010010100101001100110111101001010001000001010001101011110000101100100011010011111011110110001011001000100010100000110000
110000101010101110001011001011011100110110010000110110011011001110100010000110100101000010011001010110001010011010000011001111100011100111110111101001011010110111011000101101010010
111111100011011011010101000111000000100111010011100111010011100100100010110000110001110101011010100011010101011110100010011001011000011110101100110001011101101011111001011100000010
010001101111100001111100000001101011011101111110111010101010111010001101110110101001100101001001101111110011100110000110111010011011110101010010000011101110100011110101001000011000
001110011001001100010110001101110101110111000010001110110111001111111011001010100000011100110011111100010100100011111001100001011110111101010111000101010110001001001011010001101001
010100110101101001000000010011100111010000000000001100100101000011111011001110101000011011110100100101110011000101100101110100000000000000110111001011010100110110101010100101001111
101011011111000100010111000101111100100011010001101100100110111001110010110100000000011010111100100110111011000100100010010000111100010110010011011110100010010011111010011100101000
001100001010100101001100101010101010111011101011110000000011001100110111101010000010000100000100010111101101111010101011011100111111010100100101111011100101001001111000011100001111
100111000011011100100010001100111110100001011100110111100000000110001110011110001110000011011110110011000111100011111110110010001011010110011111110000111010011100101111110000011110
111000001000011110100110010111100001110101100100111111101011110110010110110011101111101101010111110000110101110011010000110001111011111111000100101000011111011010101100010111010100
110010111000110110101001100100011111011010111001101010000101011000000101101010101001011001010011111000001100101011010000110011000001100011101011010101100010110001110000001111111011
111100110010011010100000101111111110111001101110110100000010000111010001011111111110101011011110010101111111000111010001001100110011010011000000010110011001010011000111001101101110
001111100110000010011100001000110100111101110010011010010001001010100101001000100100001010101110011100100101100110000110110110110011110100100011100011110001000010101101100110001001
100101101111101110110111111000000001101011111000010101010110110100000010110000110110011000000011111110110000001010110001001100011001001101101010100110101000011011010001110110000101
110000001111001001111000000111100001101100111110110000011101100100000100100011111010000101110001111110010101010110010110111110000011011101011101011110000001010011111110000001101001
011110110001101001101000001000101011011010100100100010101001000010101010101001000111101010010011011001101001101010101111101100111011110101000110000110011000000011111100011100100111
101001010000100101101101100100110100110010100000111100001101110110000000110001110110100110011101110000111100101111111000100000001101001111111101011011111100111100111101000101010110
000010100101000111100111101011000000001100001010111010000101100110111100000101001101111011110001100111100001011100111110101110100000000101110110010010000001101110010001111111011000
001111111100011010010011101001010001001111000111000011011001111101001001111101001101111010110001001000111100110001001010011110100010010011010110111101000101110101010011000010111001
101010000001101101110010000011100011010010010010011010000000001010111001011000111111100010001010111100100011101001111100111010111111000010110010100111111101000101000001010100111000
011010111100011010110011010100110011111011111100010111111000000101010011011000110000000010000110100000111010000110000110100010010010111100101010000110001011010010011011101000100001
111100110001011110101011110010000100010011011001110001001011100111110001101000011110000000000001100010001110010010101011101010101001111011110000000111010010011000100000110011110010
011100100101101110100001001101101110110111001100100000011010011101101100010101011011011001101001101011100000110001010001000010000100000111000010001001110100100011101001100101000011
011001000011100011110011001000110100001110110110001011001101100110110001010001110110010110111100100011000101111101110001111010001110011101100100100101001000100100011011110011101111
110110101101011011100110010101101100011001111010111011011111011110001100110100111101001101001101011000100001111000101101110000000001000101000010101000110001011110100011001011110110
000111111011101010011101100110100001000111000100110100100010100000111111010011001111110111001111100101110101001000110010001010100101111011101110000101000000010111101011010111110010
100001010101111100111110100011010011010100001001111010011111100000110011111110011110000111100011111100000001101101101011011011100100111011101100100111111110111010111001001001011000
011111011001010100101001110100010010000010100100001000000000111011010100110110001110000000101011001101010010001001001010101001010111001110000001001110001000100001000100101010011101
110001110000101101011111001001000100110010010111000011000011100100011001111011110101000010000101100010101100100100111001101100111011100110100010001110011101011001100010010000100100
111010010110010011110010000000101111101001111011010111001100001110110011011011110001111111111110100101101001010000100001010010000110010010101010001001001101110101001001011101100001
011111101101101101101000100000110110001011110110111100111110011010010111010100100111110100100110001010111111001001010100111110000000011101001000100110000101100111100000010011010011
000100111110000110101011110000101010011010010010001101011011011111111111000100010000110111010011010111000100011110001000001100011110001011111010101101110011000011010110110010101011
100011100010010001100011110011111010110101110100010110111100000110110011100100000111111001000110011011110101101111010111100111000111101010000111011000010010100000001111000001010100
101001101000000000000010001111101101110011110000101010101001100100110100101000110110011100110001111110101001110100000110010101011000011110011001000101111001110100100101001111001000
011011110101000011011111011000111100100100011011111011110000110000000000011011000100011001100100110110000101111111100010101011110011011101001001011110111101001100000101110101000011
010001100110011110000100100000110000010001101110010100110000101011001000111010001011000100101011011011001101111011011101100110100100001000111010110011010000110101111011111110001101
000011110111101111001110101101000111110001110000110100101110001011100000111111110101000110101011010000000000011010100100011001111111011111100010001000111011100110000010110010100111
000010111100010000101011011101000110111101101010101111011110111101110101111111111110010011101011101100111000101000110000110001000111110111010110111100010001000110101000100011100110
010000101011000010011100000001000111011101010111100111001001101110001001100001001111111111111100000101001100100101010111001000110110100100111101100011000001010011110110100110100010
010011011011101110101110110100101000111011010111000100100000110011110101011010001111000001100101011011101111101000000100100001111111000110001001001101011000100000110100010111001011
111011001111111010100011001000100100011000110010100010011000011000001111000001001100000101011010101110101110010100101001101101110101000010110010101111110111011101000010011101000010
000010110100100011110111110011011111001011001100111000010101010010111110101010111111011001100100000101000000011000011111011001000110001011100110100111110001101110000011110010101001
100010010010110001011010010001010001101110110010111111000100100100110010000011010011001001011010101010011001000101001110111000010001100010000011000001101010010011110010100111001101
100100011011010111100111101001111010011110111011101000011010010100101001000010001100010101100000001101111100011000010000100110000100010110001001101101010000101010011010000101110000
101010010010011001001000111110000101111000001100010000011111110110000111001010001000111011001110000110000111001100101010110100011111100110011010101001101000101010110011000100001000
011111011100101001001101100010000001100001101010101101101000100111001110001011010111100111111011111011010110110111010000100100011101010011011010101111100000010111110110111111110010
010000001100110111111011101010101001111110000001111011001010100111111000001100110110111101010100100111001101110111101001010011000110000110011011111000111000111101000010101011101010
010111001001010011011101010101001011110001101011001011111000101110011101110110011010001010010111100010100011110100010010110111111011000010101100010110111110001101101111111011000101
001001001100101111001011010001101001011001000000101010101110100010011010001001101100010111000100101000111001110111001011101100011001011011001000011101011001011000001001011010111001
101111011001001000001011001011001111110111011110000011101111011011011000101010111000010100101011011001011110010110110111001010010010011001111100111101101100101000000110110100111011
101001111011001001001111011100000001001111100111101000100100101101010110111101000100010011100010111010001111110110000110111111001000001000000001111001101001111001010010111110100011
001110111100100110011111011111010110111000000001110100011011001000100011101111000001111101111100000010000100101011101001110100101000010010100001010111110000011111101101101111011111
101000100110010110001001010111001111100110110001000100110110010010111010010010111100010111010011100100001101001010100111100010110000101100010011000111011011111001110001011111001001
010110010100100001101101111100000111100110001000000111001100100101000010010010101111111100001100100101111111001001000000100001001111000110001100100111100011010110100000110001000100
001010101110101011111111001100010001111001001010011111001110010010000000100100100111000001101110010011011001111110101100001110100110111010011101100110100110001111001011011011011111
110110100110101101010010010011100011010101111101111001010011011011111110100001101110110101000011011011010000011101100010000110110101010000111000111000101011011101000011111111100011
111111011111011100010111110100110010001100110010100110111010101111011001001010011000000101011001111100011111100110111110011110001000010100011011001100111001000110101000011011011110
111011111010110111000100111110001000110001010101000100000001010110011100011110111011111000111000100110001011000000000000111001110110110101110101011000100101101101111000110010001011
100000010010011010000100001011001010011010111001111001100110000101000101101111110011000011110110011100001001110111000000100110100111011011001110001110101011010101010001010100101000
110110111100010101110111111011111000110100011010101100010101101111011001010111011001000000011100111111111000001010000011011111001111000110000101000000001001100111110101011101111111
011111101110001110101111001100111110100100011001001001010101011010001010011000111100111010110101011000011110101001001100101011011001010010010000100110110111110101011100111001101110
100010101110101010001010101011111111000001011000010011101010000100101011011001010010100101001001111010100101110111111100000110001011000000110101010001001001100101011110111000000000
101011101011101010100100110101110001110100101011110011110011000011010111100111101100110100001100000011111100101000011011101010011111010101101100111111111100101000110110100010110010
101011001011110101011110111011101000010111001111001101001011100000001010001111100011010001011100000011100111100000100111001111000000100110000011100110110111101101001111001101000000
010111011111100011111111011100111100001000110000100110000010111101110101001001100110110011001101011111111111101101100100010101010001111101110100011101010101010111100001001011101111
111011101010001111001011101010101111101010011000110100101011111000110101000010001101001010000101110000000100001100100110110010100110110000111111001010111010001001011110111000111111
101000111001000011101001110011000010101011101111001111000001011000010011101001010010011010111011111110111111000101101100110010001010011011000001101100001110111011010000101011111000
101101110111100010111100010000011010010011011000111011010010000011100001111101000000101111100100010101101101010011110000100010101101010000000101110001111110011001100010111111100001
011010000000000110110011010011010001001111110010011110000110110101101001111100001010110100110111111000011100011101111000001000100111000000100011100100111011110110011110010001000001
101110001000011101111000101110001111101010110110101100100011110000011010001000111011111000010011011001110010011011011010111110011001101100101001000110011110111111011000110101101101
101100010010011011010001001011001000101111000000100100011010010011000001010110010011011010001011110000101101100010010100110001010111100110101111001001000011010011010100110001100001
010011001010101001111101000100100001110011111001110001110111101101001011111110011111011101100101111100110110111111001001010010111110111011001100011010110101000111100000011011011111
001001010011101110000011010111110111001000101101111001110110001011111000011111010001011011000110000110100111110101010001001000010110000011010101011010101111110100001100110011110010
011101101010100110101001010100001010110001010110110000100010010010110011000000000111000101010000111101100111101100101011101011100011010001011000011001101100010000100000010011001011
010100111011110101110101110011010101100011100111111001011100001111100111011011110010001110101100000001001110100010010011100000001111101111011100111110011000010010101110001111100000
101111111010000100101010101001111110000111110010111111101101110100011000011001110111001011001001110000011111110111001111100110111000101001010000100001001011011001010000100100101011
100010110010100101001011001110010011011101001000000000010100011000001011011110000100000100100110011001101101101101100101000010011101101000101110011111100111000110000001110001111010
011000100000100101000010011010100101000000000011001010000100000001101000110100000100111111111000011010001100100000100001010101010101010011010000010101010000000100111010001101001010
011111011100100010111111110010110111001001100101011100000010111010000010010111110011110010010100100111010010010110000011000001010011110101000011110010111110110000110110110110001100
111101000110011101100010101101010110111111100100100000001011001010101011100111101011000000000110101001010100011011100010011000001111110000011100101000110100101110100110000101111101
010000100101011110010000010101101110110010001110001010011110011000000110001101100101011101100111011110000100000110111000110000101011111010111011011111011010111111111100000111110000
101010101011101011011011100000011110000010110010000001110000101010011010101110100111111100111101010010100000110111100100111101010100101100000000001011000000010110100010101011001000
010001111011001100101010101000111000011010110101111101001001001010101111110011000101111101100101101010011100101100000000101100001101000001110000011011100111011000111110100111000010
001010001010111111000101110110001011001011011100011011000000010110000001101101111100000000001110110110110011110010001111101001101011001000011001110101011011000101001111110010111011
000101011101110010101100100000110111111001100011001110000010011001100100011010011001101011101111110001101110111101111110000110000101100110110010101111100111101001100101101111110110
010110010111001101001010011000101111010011001110011010001011000101100000000001111000000010010101011011111101100000101100100111001010011110100011000110010101011010001100011000100111
110011010011010111000001110100111011011111110101000111001110010111101111110000010000100000101100101110010011011111111100000110011110111111010101110011010100000010111010011110011001
010010011010011101101111010101001011000001100111000100111001101001110000111110111110101011000110110111010111111111010001110001100010010000000000110111011010110001100000011101010011
010001101001011000000011000011010011011111001101110111010000101100001000101110000000110111100101110000100111110101110111011011111001011110010000001010010010111000111010100010111110
011000100010100011111000010001010001010111111110010111010000100010111001010110001101010110011100001101101010110011101110010101100011001010111111110010010010001011000101111101111010
111000111110000111101110001011111101010101001111111101101111111101111111011000001011100010100101111000111110001001000111110011101000100101011100110001101111100010011010010011111100
010111111111111110000100110001101101110111101111110001000001000110101101111101000111000011011011100100110101101011101110010101010110101000110010111010000000001101011011000010011110
