000111110110001011111100111111000110010011011001011100100010
000110001100001011101110011010101010101111110110001000011110
000000100100011110010110001100111001110100011101011011110011
110010111010011100101101000101101000000101110101011110111111
101100010000100110001111001011110000101011111110000000110011
000011010111011001011011001010011100101100100011011100010111
011010000010010010010001001100001001001100001010001110110101
010011000111000111000001011110111111101001011100000100110110
111110010100010001011110010111010100000100111011110110001011
101110100100010001111100111100011111100000010100010100101011
110101110010110001001101010111111110101111000001100111001101
110010001101011000110110110101111011100001001011111111011000
001110110001110011000001010110110011010101101100111001010000
111011111111100000110001110100001101110001111110100100110111
000110100001011001100100111010001011000101000011011100100101
100100110010111000100110001000001101111000101111011001001011
010010001010011000000100000010011111001001111111011100001110
110001110110001101111101010001000100000101101101010000100110
001010001000100010000000011110110000011111111010111011000110
000001001111100011111100110110111111111111101000111001011111
011010111110001110011100111111001000110001010100000100111110
101111001000011101111111000110101100000101110110010100001101
110100111010111000100010101110101011110110110000111011001000
001011110111000000011110000100111101000111010100001010101001
100011101011001110110000010010110110011101110010000111000110
011000000111010011110001001101110010111011011010000111111011
001101110001110010101111011010011101110110001100001001110111
111110111110101010101010111010010000111010100110100110010100
011100100101111110101001101110010100011101001100000001100001
011111000100100001100000000110000010001110110101011001110001
110111110001101111010011001111111110111101101111101100100000
101110011100000010100101100011111101010100111110010000100100
001010010111110101000010101010100010010100110111110101011100
110011110111001110101000110011010011100001100010101110111110
010010101000101010100101100010110000000100110110010110001011
101001001101100000110001100001000111111110111100001000000101
000011110010100010000100001011001101001001000111110010101000
110110011101000011000101001001111010111001011000111011011101
000011010100100100100100101001110101011001101111000101000000
011010111110001110110111001110111001100011111110110010011110
