001100011111101000000100111111011011101000100010110110100100
010110100100110011101111110010011100010101001101001011111100
100011010101011011011100000010001001000110110100011110110000
011011110100111101010000110011000111000010001010001110011001
000001011010001001010101010011110110100001101111001010010000
001001001100000001010000110100010011000111000100110010101111
101000011100110100100010010010011000010100000000001110111110
010101101001110011001011000101101001100000101010011000110111
110001000111111010010101011000000001111101001001101100000010
101000111000100010010110001111111000111100011001110011001110
010011101001001010100111001010101110100001110010001000100111
000010110000000100110100100111111001101000011110110011010000
110011111101100011010001111100000101110000010101110110111100
110000010000000001110010110010111010001010000000010100100010
011110111010110000010111001101011100101111101111101010110010
110100011010010101111110010110000011111111101111000100111101
000111111001000000110011001100101001101101100001111100011100
001001001000111011101100101101100001100111011111000011010011
011110011110101001101010101100110100010011101110110011111001
101011111101100101110100111111001100111101000110111101001001
111100010011111001110000100010101001110010110111100100001011
000100110010010001110110101010100010010011000101100001011101
000011000100000100100011100110010011111101001100110100011011
001101000000000110010110000010110111111110111100111000011000
101001100001110001001101011010011001111001101011000011010010
100000011001100101011001111011000001110001100100100111100010
001111100100010001101111111011111110010010011111111110000111
000001110111100000111001100000111010010111000010111101010010
110001110101111110100000110011000000110100100011010010101000
001000010011000010110010100001101101101101111000010111010111
100001011110000010111100010000111010111100110010100010010111
101100111100100010111100110000111100111111100110000110111101
101100101011011011001001101110111000011011010001110100001001
111010011101010000110110110000000010100001001110011101111100
000010001001000101110100101111010000001111011010111011111111
011010011011111110011111010011111100111100100000110011000101
100010101111100001001001111000010110001000000110001001100100
010100110110000010110100110100100001101110101010001000100110
010111011110010100111001001010000000011110011011010111010000
010101001001101010000011011100010111000110101000000101010111
