101010001000101000110010110100000000110010001111011101111111
111111000111000001001000010100101100001010111101111001000110
101101000011100001000010001011001001111010000011110000000110
101101111001111000110101000100100110011101101010010010111111
100001001010110010010001010110001001101110111100000100011111
011000111001000001000011101101010010001110001110101111111010
101111101110110110110000000010000101001100001010000110011100
010100011110101101010001111000110000010001101101010000111101
000010001110101011101111011001010001101100001111110100010011
010110100101101111100010011011100101111101111011011000100101
110011000100011001111000001100101111010100111111000101111110
010100000010000000011101101110011010011110010100000100100111
001000001000100001011011100111011001110101111000000010111111
101100001110001010010100000100100110110110110011100110100110
101000101110000111110000100100010010010001000100100011000110
001001100000011010000110011111010111110011101001100000000100
101001010101010011001010000111110110110011000000110110110000
101000000000101011000100000010101101101110111101101100111011
010000010011010110111101010000011011101100010000011011010100
000111110101100011011110011110100010011101011001000101011110
000000000010100011101110101111100001001001100001100010110100
111111100011111110001011001000011100011011110100100110101111
111101000010001111010101111001010011011000010010000010011110
011110110111011111000101111110010001000011001001001110001000
000011010010100101000100100001000000111111001001000001010101
101010001110011101111101100001011101000111001000101000110111
110101111111011011100001110110011011111011011110001110010111
010100110010001010101011111110000011011011011101011100101001
100011010010101110100001001001110111101000101000101011011011
101010110111001110110100000100000000011100001100111010011011
011101001011001111001010101011011011011001001000110111101000
100011111110010000110100000110111111001000010001010010110111
001000011110101001001110101101110110000000011001100001011111
110111101011100001100010010011101100000111000101001001001110
000010101000101001111110111001011100111010100000011100001111
001001010010100010101100110100011010101011000000100101111011
110000011100000001110010101101110100101100101101010110110011
001011000000111100101100101011001000110011000110000001000000
001001111101001010010000011100111110110100000010101001011101
111110110001011001110001011000001010010001000101011100010011
