110001010100011001101010110010001001010010001101000111010000
110011000000001110110110111000000111010011100001001110010000
001100010101010001010110101010011010011011100011100000011110
011111111000000011011101101101010111101100101001111011000001
101001101111101110011101101101000001001000110110111000011111
100110011110111100011011100111011011011010011100111010000111
110111000010010101100100101010101111101001000110101010111001
010111110011101110000011111100000011101000000010110000010111
110111000100001000111111011110100111111011110101100010000110
011100010110010010000000011100111111111101010100001011001010
100111011110100100111001000001101101010011110011011010110110
111000011001110110000110001011000110111111101110000100001110
101001100000101111010010110000111111011011111110011000010010
111101011000111001111011111000011000110010001011100111101000
111111000100110101111011011101111101011100111100111001111010
010110011000100101001001001001011110001111000000001111000011
000100110110111110111110011011010110010010011011101001111010
111101000001111100100101010011011010111000011110100111101000
001011000111001001101000110010111101101100011001100110111001
111110111110101100011001011110011010001110110000000110011111
001010011110111111010111011010110110111000000001001010111100
000011100010110101000011110001000010000000111000001001100010
100101100101100000011000101100111000010011100100100000110001
101101001000011010101100101100100100000001101100101111001100
000111100001111000001000000011011010001011000000001001101110
010001101101011000100011101000111111110100010000000111001011
110000000011000000111010000110011000111111001010001100001101
101001010010111001011000001000011000100110010010111010000011
111010011001010111101100010101100100000100011101111010101110
010110101101011001011101110111000001111100101101111100101101
101101000101110001001111100111001000101010101111110101000111
101011110010111110100110001001000001111011011111100001011111
011011010000110010010111001100111001010110110110010101001100
010101011000111010111111111100101000000011101010001000011111
010011010110011010100111000101001000001100000000101111100110
111101011001000101010000000111111110010110001111111111111000
001011010001100011101100000110101001010000001111011101100000
110011111110011000101011111000111110011101001010011111111110
000100011110100111010101110111110111000001000100000000100011
001101100001100100000010111101110110100101001101010001101110
