000010111001110110100010000100111100000001101110100001101100
110000111000110000001000100100001011111101110010010001010011
110111011100000011111110100111000110110000000010010010011101
010010100011001100000011001010000000001000101001100000100010
100110001000011010000101101101010110111011101001000101000011
111010000111111001011111011111010101101110111000010000011101
010000110111001101000111011111010101110001110100000111011110
011000110100011010010110011110010110100010010000111011000100
010111110001000100111001101011001111100110001000011101001101
101011101000001110010100011101001111100000001100101101101100
000001100111101101101001000111101101100001111000010101010010
000010101001110011111110111010110100110110010011111101001101
010111110111100011100100100000000010111011011011001100101010
010110001100001101111011001100110100000110100110000110111001
010111011110001101011110101110000111100100111011110101010001
000111100111011001110100001111100010010110010111111100000101
011010111001110110111001001111010011000011111011010011100011
111010010101001100110001011011100111111000110110010011010101
001011011001011001100000111100111101110010011101011101100001
101101101010100010101100011010010110111101101101011111001011
110001101001000001001100110111110011001011101011101010011100
001100000100100001100110000000001101011100010111101110000101
110110110101001111001000101111110101100111110001000101100111
010111011100011000110000010101001000110010011110110111101001
110111111010000111111110011100101111111001101110010010101011
110001010110000000101001011010011010000001010011011011100111
000110111011010101100011111010101100000001001100100100111001
001110000001010001101011011100010001111000100101010101101101
011111101100010011010100011101101000110010000001010011001111
111101101101001111001100100001010100111011110111101011100111
101100111001011000110100010110000101100001010110001100000001
111100111101100101110111100011001111101001101111111011100010
110100110111111011111001101110011000010000110100010011110101
100010001110101001001100111110111100011010110100010110001100
101101001010111111000011000100010001010001111101110101010011
010010011100001101000011001100001000011000010111011001101111
000101011011111000010010101011000010010010000010011011100100
111100111111101001111011000100110010101111110100110100010100
100011100010111010111110100100010001101000011110010000000100
011000100001011111101110110011000101010101010100010010110001
