101111001111001011111010001000101001110000110101001011110011
101000100010101110100011101110100110011000110001111111100011
010111001001001001111000111001100010111111010011000100100001
010010000011111010001000010011001101010111010111001000100000
111001101100001110010111111010011100010101101011011011010000
011100100000000110101011101001111111001111100001100001011000
010111111010101110110010010101011001001110010110111010011111
110101111011001000010000010010111001110101110010110111101111
100110000001010001001010101111101111000101011010101101010100
101010101011100011111100001010101000110011011110000001110110
001111101011101100000111011000110101111000010111110011011101
001001101100100111001000001101111100100100011001100001111101
010110001101000010001010000111111011001001110101110100000000
111011110110101010111000110001010010001000000011010010100011
101011111000100101100011001010100100010101000011111110010110
101100100101111010000111110111101110000111101100000010110100
001101000101101100001000010100101110001111001001111110101110
111011100100111000111001000011101100011000111100011110000001
111001101010000100000110100110011111001101001111010101100111
110101011101110111110011011111001100111110100001010110100001
100001111010001000111110111011110001000011101110111101100101
101001011101111001001011011010000001111111100010001101001100
110010110010101001011110001100110010001000111000010111101100
010001010111100000110001011101111101001101001011110010111100
111011011001000100100100101101100010101111111000011100100100
001010111111010110010110101001111100010100100000001001110100
110011001001111110001100110101010010101100011011000100001101
100001011001101011011011101011101001100111111101011010010100
100011001111101011101010110010100111100110010100110001100101
100111111000000001001010111011110001010010111110011101110110
010110101101000101010101111101011001010011101110101111111101
101101100000000100111010111111011010100101100110001100100010
000010100011110101000001101111111111111001110011001010000100
110001011111000011011101111010110010011010110011001110000000
011001011011110111101010111111010111111111010001001100110000
000000001101011110010001100000101110001101000100111100011101
110110100111011001010100101101001101000110000101111011110011
101101111100001111010100010010000000011011111100111000011100
101010000100111101111110110110101000101110001000011110101100
111110111001000001000000101110101000011001011100001110101000
