011011011000111110101101100110011010101011001001111110110000
001000110110011011010111001100010101110110110111001001111001
000111001100110100000000011110010100101101010011111111000011
001011010000101011001010111000001101010010110000100001000011
100010001111100101001001101010000101101000001101010110011111
110011000100001000011001000000011000001001001010100110000010
111111101000110010001101010010011011111011000010101001110110
111010000011010000011011011111111110101100110101111001100010
011111110110000110101011100111011011000101000011000010011010
010101000011010001000111001011101100000001001010100011001011
101000010000100000000110000011111111110010001111010011110101
111100001000100100001010101111011101000000001001000010010000
111111110000001010001111100100010001000101000101000000000011
000100000000100010111011001111010100111101110010111110000000
111010010100100100110010110000011000101011000011011110100111
110100010000011111001101101011000110011101100010011001111000
011001010000101010001100110011010110001010011010101101110101
011001101010111001100111001011001110111001000011011100001010
000001011110111000010001100010000100010100000101011001011101
010110101001101000110001001000100011101010100111010000111100
111111000101110000000000011011000100011100011010001101011011
001001111111110111001010101111011001001000000101101100111100
000110010001010000010110100110111010101011101111101101011111
101001010001100011001101011111001000100110101001110100010011
110001001001011000010101111101101011100100000100010100111111
001111101011101110010010010110001001001000101001001110000001
010101010110011011001000000001000001111001011010111001111111
011010111000110011010111110101110111100011011001011110101001
010000001010010101001011001111110100011011110110000111010101
101011000111110001111011101100010111111100101011011111010010
101011001000101011111111011000101011011000110100100000011010
101010110001010010000001001000111100110110101101001001010011
010101110001001000110000101000010001010010110110011010010110
001001011001011001001101100000110101000010111000101110100111
001101011111101000010011000111011101110111100010111011101110
101001101011100100001111110100111001000001011101000001001110
100010011101111101111101100111011010000111010001010011101001
110100001001010110100011010100000110100000111010100101100000
000011111100100111010001000100101001101010111010101010100101
100100111101110111110011110111111101111011110111101100100000
