111001111111111111111011100111110000100111101111010111111100
111110011000111000011000100010110110000110010100110111000110
111100000010101110100111100100110001111100101001001101000000
001010100001100001001000010111000110000001111001000000100001
110101110011111111010101100010000100100000001011001001011111
000000101011101001111101101000110000011111110100000100101011
001001111001110010010011011010111110000101100011000100101110
100001010000110111001110111111100111110100011010011010010110
001111010010001000100011011010100001011100100001001111100111
111011111011101100011001100101011100001001111100111001000001
111010101011101101110110111010010111010010011011111111100100
000010100000100110010110101011111010000010110000101100101010
000111010001000110001110011100011010001000011001011101011001
001101101100110110100001001101101010111010111101001100101110
000110010110101011101011111011110011010100101010110110110001
111110000010001110110100010011110011111110001001001100011100
111101000110001011110000111010011010101100011010001101100000
000101011001101100000100010111111001011101100110110110000010
111001011000011101101001001101110110101001100101101100010111
001001000110110110110000100100101001101111111010110101011010
100011011111100001111101000010011001100111110100001000010101
101100101010010110110000010011011000001100001101011001111010
001110011010011100010011100100100101111001101110111000100111
011011010100101010100001111101000010011000110000001010010110
110110100000010010011101010101010001001011101101010000100010
110101010110111001111010010100111111000110001001111001111010
001101001110110111000011011001101110101000101000001100101000
000000101110110100110110101101101001000110000110101111000011
011011001010011000100001100110000001111000011011001000010111
110000100110011010110010001011110111111011000000011110100010
001001001101101101110011101110011011010011101011101000010000
011110010010100101110001011111101110011101111110010101011110
001110010000111011000011000100110001001101110011010100110100
000000101100101101001000100101101100001101101111100110001010
000100001010001110010110001101000101100101011101001101101001
111110001100101010101011010010010110000011001110110000000010
010001001110110000110001101001110101011010011100101011010101
101101011110111111010010000100000111100000111100010010011100
100011010000101110110011011111001101000001000010011111111110
000100010000110110101010011010111111001001011010000000001001
