010001100010101000100010011000010010010111100001011100110111
010011101011110111000111011001011000001010101001010100011010
100100010000001001101111001101001111000101001111000111100010
010001011001101011111111010001100001101011110110100001100010
100110100011111010111101010101000000010011101101001001010111
110011100100011110101101010110100101101111110011100100100101
010101001110000000111010111001010000100100001110111111010011
100101100101110001100110110111010111100110100010100100100010
011101101110100110011100111001000100011000000011001100101100
111110011101111011100111100010110011101110110111101011000111
001000111010100000100010110101100000000110000100000111111011
100110100110111111001101110111100011101110110010001011101101
111010101100100000101111011101111000110010100100011111011110
001110011010100111000110011101110101010001000011010001001010
011110000111000100111001001111011101000111110100111111001010
101000000011010100111111111000110001100010001100111100001100
000011110001000011011011101011101011110001010111110010010101
001011010000111000110010100010101100100110000101111010011101
001101101001110111111101110011110000011111001111011011000011
110100100110010111001111010100101011010101111111011001000111
101011111101001100100000011001001110000111000010101100111100
110101110011101011011000001100111101101101111011001111110111
111101010010000100010110101111011111110001011100001101111100
100010111110011101110010111001010010000100011001100010111101
010110000101100110111011001100000010111000100010010011100111
101101111101111100101010101101110010011011101000100000011010
001100101100011000101000111010010101001110111011111001001110
101101010110111110010000010000111000101011111000110101010000
010000110000010111001110001010111110000000011100010001100110
001010011101111110010111010000111100010100000100110010011111
010101011110111111111100011000010111011010110110011001010100
001011011010110000011100011000001000001101010110010000111000
010111100010000101110100011001110000110011010011000010100011
010110010001010011110100001111101100011010101010000100011000
110010100000110110101101111100010111011111000011001101111101
011011011110110110101101100001110101111000011010011000001010
111000110000000100110110111111010101100010101001001101100001
100100011110110010101110110010000100101101100000100011011111
000101110010011110000010011111000101101111011001110101011010
000110100100000001001011000100000001100110100100101010001010
