101000011011100101100010110010101111111001010110110010001011
101101110101100010011011001011001101011111011101101011100110
110011010000100100000011001101101101000110000101001010001001
101101010111010000011011111101110100011100110100110001010011
100000101010110000101110000011111011101100010000110000111110
000110010111110000010000000001001010000111000000010100100110
000010010000110011011001011001110100101110100001000101101101
000100001100110001000101100110000111011010010100100101010001
110100111001111001011010001000110101010100110110101000100000
011111010010000011100010100110111100000010011001001000110010
101011011111011011110110000001100001111010111010111101100000
110101111000011101101000111011000111010100000110111100111100
100101100000010101100101111110111110111110001000101001011110
010010110010010011011010001101111010010000001110011001000111
110011010110001001100100100001100111111100000110001010011111
011101000010011111101101011101111110001010100100011100000010
000110111100001100111010100010001011110011011000010101000010
001101001100010111101100110101000010101110110110101010101110
000001010011010101110011101110100111000111111110101101010101
111001110010000100010111101100101100001000110101100001010101
101111100101101100101001100011100101110000000100100011011110
111010001110110110110100100000000101000010010110010000110000
011101111010010011101111000011001001101101001111000000010011
000000000111010011100011011010110100001010001110001100101100
101000011111001010010101011100000000100111100011011101001001
001010101011111110010100110011101001001011100110100011010110
110010111010010101000100011110001111001001000110110101100100
100010000111110010011111000011101011011011010010011011111001
010000001110001001100000100110010110011111111110010101011111
001101001100011010010110011001001101000100111110100100011101
000110001100101110000111111111000111000000011111000001101011
111100110100100001100010110001011011001101111011010000010100
110000111101001011011000010101111111011010110001011011000000
110110001000010101011110000111010010011011110111001101011100
100110101110110101001010001100000001111001001011001000100011
101000011110010110100111010000010100010111100001011101001110
100100011101011001000001000101001101110000000111111110101101
110101100001001111110110111001000110010110001000100011010010
001001110110101110110110110000110101111011101111111101000010
001000111111001010111100101100011110100111100110010000110110
