100111100110010110110000011000001111000000011101010101011010
110101010100011010100010011110000010100111110110111010110111
100100110001001000010101110101010010101101100010000000001011
100010100101000011001010110000101001101111010011100000101111
010010110101010010010111000001010001100001011101100000100110
101111111010110011100110101001010111101110001011111110110011
011101101110101100101001010110111011011001101001011110100100
110110001100011011110101011111111111110011010011000111101110
101010010110111111110001111010111001000011101010100101000001
100110100100000100010101110110001100001110011000001001100101
111011110000001100111011001010001001000010010000111100010001
101011000111100011111100100011001111111011100101011010010101
111111111001000000100011001011100101011101000001111000110100
010101011111101001110010000011111000000100010110111011101001
110111001011111111111001111000101101000010001110000110011001
101111100111111101001101000000001100010101010100010100001011
011111001011100011010101111000100000011111111111111110110101
000001111111010100101011101110010001111101000101100011000000
010011111100101010100111001101001101101000110101110101111101
011110101000000010111110000111000100011001001101111010000110
100100101000100100011111110110110000000111000111001000000110
011001110000110011001000000000001110100000011000001001110001
000101111110101001010000101111111101100101011100110001011111
100010111010001110001111011010010000010101010111000001011110
100110101100000011100000001000011110011001110010011100111110
001100110100110010000100000001010100111100110011001100111101
110110110110101101111101100011101111011010001011111000000010
111111101100011100111100000001001111001100000101010100011101
001110100110001000100001001011100111101001111111001011110000
101010001001000111110001100110111110001101110101110000000100
000000010010010101000000100100101110010101001010100101100110
110010000110101000111110101000101010101011110011011100000010
100001111111011000011010110010010101000111110011101000010011
111010011010110111111000111100010001111110010100000100010010
010111101000000011011111111001111101011110100011111101010101
111101100110001010101100011001010000110000010111010110000011
100101100011001010100010001011001100011000001011110010010110
100010010011011010000100010100111000100001100111100101101100
001010011111001100011110011011100100011010101110111110000000
100010110010111110000011110010001010111110010001010010111100
