010111011010010011110110000100011111010010010111001010011110
100100110010000110101110011100100110100011111111011111101001
101011011000111101110100011111001000101001001010110101011000
110001001111010000010011000011010111011011110100000111011000
110011110111010101100000010000011111101010110100011111011111
110101010000010001111010110000010110100001100010001110100000
001011001101001001001010100001100110110110110000101001001111
011011101101111001000001110100111111011110110001111011111010
000101110101011100011111101001100100101101001110110010100011
100010000010011100101000101011010011100011101001010101001011
111011101011100010000101110011110001010011010011011011100001
010011110111110001000101100110111100100001110010001100001001
101110101101100000101000100010001010111000111000100101011101
001010000111100100110010110001100001100101101100000001001010
100101001100111101111001010011011100110110110000010011100100
010001111011010000001000110110001000001010000101000011110011
111101010101101011001111111110001100101010010110111001010001
101000011101010111100100000100000101010100110101111111110101
111001001011111110110100101100111110110110000110001001011000
011011000011111101000100111011011010000101010010010010011111
101011001101001100011011110101111101010100011100111011100100
010001100010011001011100111001100100111010010111000111010100
001100000100101101110111100001000011101000010010110010000101
111000001010101011101011011011011101000110111100011011000111
010000110111110010100001011110110000001001100100001100100101
001110011010100100101101100000100101101100110111001101010011
111110111100111111010010000101100101100001101111111101101000
100001011101101000001000100110001001110110010101100111000000
101111000000010100001110011110011010001010001100000011011101
100001110111010001000011111111000011100110100101100100111001
000001110101100111000101000010001010001111001100100000110100
110010001001110110011100110101110100011011100011111010000110
000011001011111100101110001110010110100000010000000101010011
110111000111010101111000011110101100100101000111111001011011
011100110101001110001001111100011000100110111111000001010110
100100101110111000000011110011011101100111111011101111010011
111100011000000111101111010111110000101101010000110111000001
001110111111110101101100000110001001110100010011110100111100
100110000110111110000111000110000000011100100010001101011100
111101111000010100110010010110001000011111100000000010011101
