111100001111101101000001100010000001110010111010000000110110
100001001110000001010000100001111011011101011001000000001111
001001101011100100101010000100011010000001000001101100000101
001001011111001111000111000011010000100000100010010010101010
010010001100000001110011111100000100010000011110000001011100
001001101001110100000101110100111011000100011100110101010010
000100111000110100010001100111001011000000010100011010100001
001001110100111100000000011100010010000100100101111110001111
011100011011100010010011110000000000010010010011000101110101
001110111000011001100011001101111010010101101110100001011100
000010110101110100001100111000010100011101010001101010100101
100010100110001101110101000010111001011011110101010001011100
110001100100000111110010010111011000100010000111110011011010
111000011111000001101001000110101011000100110101010001001101
110011000010110010010110100010010000100011001101110111000011
000101010011011001101111000101101111101001110000100001010111
100110110111111111100110010000001100110110100001011100011000
111000101110101101101000010011100101100010010100010001111111
101010010101001001111001001101111001001101100010100110010010
110100101100001101010101111100010011001010100010110011010001
110110100111100001100101010000110110000000110010111000010101
011010011110110111101110111010110100111101101110010010010100
011001111101001011011100010111111010010011010010101010011011
000100011001100111010000111011101011100011011100000101011001
001010010111000110101001100000011001010100100110000100101001
101001111110011000111111111101110001101100001101000000110111
100111011100100001000100010001000100010111111010010111101001
001111100110011011101000101101111000001101111111111101001011
001001110001011010110111010001111001101010001000101111100001
110000100011101011101000100100101111101110101100101101011010
000010110010111111010001000011011010010000000111001111000111
001000110111010100111011110100111101101100100000101011011011
011001010111100000100100100001000010110110111100101011000001
011001101010101010100010010001010010001111110000001001110011
011001111000110101000010111001101111101100011100101001010100
100100101110110111110010111110110101010111111100000100110011
100101000101101010100001100011101010000101001110001011001011
001111110111110011010100111100101101101010010010110010010100
101101101010111010000001110010011110000111111010011000100111
010100011011001011110101100110010101010000000100111010100110
