100101110011110010011101001000001110101010101100010110101011
010001001100110010011100100001110101111100101011110111001100
100101001111000100101101011111110010100000011110110010001001
101111111110001000011001000010111000100010101111110001011110
110010001110000011111011101011110111110101100010111100001101
101000100010101110011001000101101000010011011100000000000001
001011001101011110001110001011110000101101010111110010111010
011100010011101111001101110010100101110110100110101000000100
000111000001101000000010110001001010000101010011110101000110
001101010110111010011000110111010110101011001111011000010110
011110011100101000101010000111101000100011001010101010111000
011011000010110010111110001101100000111001000001011011010011
011011010101000011010001101111001001010101011010101110101010
011100000110010110111110111000011110001010001100001101001011
001110101001000011110010110001000001101100110001100111101010
010000001111110111101010101011000000101010110010101010100011
110010100001100100001100011100101100000110001101100010010001
011001000101010111010110000011000000110001001001101001100001
100101001010011111001010010100101111000100110011011111000001
101001000100010100101100101010010100011000111010101111000000
011111000100000100110011101110100110001001110110111001011111
011000101000011001100111100001000101010100111111011111101110
001110011001001000010000110110101111110001000101101000001010
000111101011010000100110100111100111010000000111000010100010
101001101101010001101110010111111001111101111111000010001000
100000110110001111101110011110100010010111000101001001001000
100111011100100000011101001010100011101001111111000000111001
110000101010111000111101010101100110001011010010000000100100
000111100011100010101101001011010001101111001000101101101100
011010110001001110100110111011001101111001001011110000001011
011011000010010101010000001110011101100000100110110000011101
001110011001110101000010010001111100101010011110011010011110
011000011010001110110110011011011110101111110001001101011111
011101111111001001010000000011001110010100011101000001100110
001111011101001111111011100100110010100110011110110101011101
001011110101010010101101010111110000101001000111101010000101
111000111111000010111111111110100100010100111010001011111100
000000001110110100010010010000010000001000011010110100111000
001011000101101101100100000111111111011100000000011010101001
001110100111010110110001011001111001111101001001100111110010
