001010101001110011100100001111010110000011111011111110110000
110000100010000000100110000010101000111001010100000110010101
111010000000101000101011110000110001000101000011010000010111
000010101010111010100000111000000001110100101111100010001011
111001001001110110010011100100110000010000010000011011101010
101001010111000000000111100000010001010000000001000000000100
011010001110111011111011111100111000000001111100011001100110
010011000010001011010110010111000111101011001110101010100001
100101010101010101001101011011010000101001100000011010100100
111000100000101010011101010101011100110101111100010011101010
100111101100001100010000101001100010110011111011110000000001
110101101100110101110011000101111111011101110110110101110000
000010100110111111010101100011000111011100100100100111100110
100000110011001110000011000000110101100000111011110111110011
110011110111011111010011010111000100101000000110010010101010
110010001001010101000010111000110100101101010010100101011000
111110111100000111001001100010110110110111001110000111110101
001100110000101000111001100010110101010000010101100001000001
010000101000000000010010101000100001101001110100110111100011
111011000000101001010111110101010111100010110000011100110011
101001101000011000100111110110010000010011011001110001010010
000011000111110100011110100111101001100000101000000100011001
110011001000001110000100110011011110111010110000110101000100
111110101010010000110101101110011011010100010010100000110010
101100101110010111001011100110111011010011110111011101110101
000101100001011010110110110001101011101001011111011101001111
110001110111100100001110101100000101111100101111101000100101
100100000011010011100111000010010100000100011001000110110010
010100101001111101010110000101110001110110101100101110001101
010111000101101001000000100100101101110000100010100000001100
100101100100110101000010010000101101000111110011001100101001
010101011001111001000101100001000001111011110001110011101111
001001101101100000101011010001110101101011001111001011101110
000000001011110101110111110011101000110100101100010000010001
100101101010001101110111111110111010110010111100111011110100
111011110110010100001110001001011000111111100001011001100100
000101110011111100010110111000001110100100101010010111011000
000011101101111010010010001101111011111111001010001010011000
010101010110100100000010101101101100010010011101110100001000
001001101010000010000011100100111111110000010101100111100101
