111001000110110100011000011011111110110100000001101101111000
111111011111101000110001101011010010000001000111100001001111
000111001110100100000010100100000100110111100000100100100110
011000101101111110011100101100110111111000001110100000110110
000100111110100010100100100000101111110101111011001100100100
101001000011010110001010101111000010010101011001001100100101
000100010011000100011001000111101000110001001100001111011011
011010000011100010101111110110101100001001100101111101000000
000000000001101010101101010110110000100110111001000010001110
110001011101011111000111010001111010011110111001110011101010
001010110111100100101110101111001000100001100001101010001110
110000000011010100111100101100000011010111010100011110110010
100000101110101000111111011100100011111011010010001111111011
010111000000000000101100011010001111000100100101100001100101
111101011111100001010100000101100101101101000010010000000101
110100100110101110011110101001001010010000111111001110111000
011101111011100101011010101011100111010100110000001011101111
010101011111011101111111101100001011010101111101101011010100
011110010011000101100001010101111010000110110101101101011111
101100000110011000101110101010000011010010111000111010000010
101110111101001011010111000001111100000100100101101101001111
101110101011000011010101111010011001100111010001111001110111
001001101101101100011000010001001011010010101111001100100101
010111101111101001001100110001110100110000101100101110111100
001111010000110011111011011011110011100101011011011011100111
110100010011011110101100111101010110100101101001100011111010
111000011010000010011110100111010011000101010011110001001011
100110011100111000001111111011001111100010010101100111000000
000011000110101100001001111100010100101001111111100011100011
001100010100001101110100110110110101010000101100101111111110
100100101001000000001100011010101110011010100100010110111001
000000101000010000101110000011001000001101000011111100110001
111110110000101100011000011000000110000111010001100100001000
011001010100111001010010011110010111011101110011011111000010
110011011010011100011100101100110011101001011100101100111001
111100011100000010010001010011101101010011000110100010111010
000011011110100011100111101110101110010111100110111111111001
000000101101011100100001111111110000001000111101101011100010
101110000001100101101100001011111100101101101001100101010010
110010111111110010011010110101000110101111101101110010011001
