010011000000110111011010110001100010111001111101101001011101
111001010101001001100010110101010111001111101011100000100010
111101000100010010100000000111100111000010001010101100010110
010010100111111000111001001111100111111101001000110110001111
101110110110011011000111011001101010001110001010011110111110
111000010000000010111000010101111101110100011010010101110001
101101101001010101011110000010001100011111110101010101100010
101100111101101001010111010110010101011101110010100111000011
110011011010101111011100110010111101110100001011101000100001
100001011110000111110101100011010001000011000000000000100011
100110010111000100100101011000110011000101011111111110000110
101101011111111011010111000010100001101101100000101000101011
000100101110111110000010111011011110011101011011101010011000
110111100111010000101010011100000011101100110000111111010000
011100100000010110100010100011000011111111011101100101100011
101110101011010100001001110101000111011101011111000101000010
100000010100100000101111110000110011110001110110110011111110
101110001111111110101110001010101001011000000111110011011010
111101101011010000110111101001000101110111000110010001110010
101001000111110010100011011101110011110000010111111111100011
111101100111110111011001011101011100101101000110101011010011
111111101100000000000001001000111011011101100011001001100010
001011101000000001111110001000011101001100001000010010000101
011100100101110001010111001011010001000111111100011000011111
101010000111010101000010011001111101101010100100000100100100
110010110001110011111011111000011000111110000110000110110011
101111010000110000010011110110111110011111011101010110111011
010000110000110011110100110101010110100011011110101010111111
111101001011111011101010001101111001111100011011111110100000
111101100111110110011110011101111001111111001011010011110001
010011110110011000000110110101011011101110101100110110010000
110111011000110111101000111101010100000011000001110110000111
100010000100111101101010001010111001101111000101100001101010
010011000011010110111011100011001011011010010110101101111010
000111110000010110100110000110110100101110011001100001111110
000110001100110101010100100111110001111011000111100110100011
001010100111110100011110001101011010001110111000011111110010
001100010001100011101110101100110110100010111001111101000000
001111100111010010111001101011011110010100101010011001000101
001110000011001011110111000010111100010100110000111100111110
