0111011110110010010101011100001110110111010101010100110110000110100111000100000001101011001110100110
0001101001001010111011100111101000100111111100000000001001110001001110001101011001101101000100010101
0010011101100000001001111011010000000011011101101001010001100110100110110101101110010111100001101101
0111001101110010101110000011010110101010000111010101011001101011000110100111000010000101110110101010
1000100001010000000000001011101111000001010110001111110100100000001111100101010001111111101010101010
0100000101110110010100110100011101110000010111000101010111011011000010111001011100001110101111111011
0000000001110110110001110100001001000101100001101110110100101000010010010111111000111000101010100111
0001100100100101110101011000000011110000111001011101110111001011101110101011101100001110001010011001
1111010101011000110100000101011111111010010000101111111111001100010111110110000011100010101011110101
0110111010101110010010000000000000110110000011111101000101011001011110001110111101111010011111001100
1100111101001101000101000000111010111010100000011000000001110001000000100000000110100011111111011111
1100011011110110001010101011011010011111010011101111000101001101111001010000000001000110010000100100
1010001101011111001000001111011010101110000011100000111100001100101110110001111111100010011000101111
0110111110010011011110011010111100010011000010010011000101111010111010011111011111101110011000101101
1010010110010110011010011100010000000000000110010101000010100111111010000000111111000100001111111010
1110110011010011011001101001101100000100010000010000011101011010101100100010000110101111110100100110
1101111110000111101110110011011100010001011001110001011011000110110100011111010110001010001010101110
1101110000011111110001000100001100010010110100101100001100100111000000010111000110011000101000010101
0011101000001001101001001100000000000010100011011100110100111011001000000000001010001110000100101011
0100000000010011000110111111001011011110010110011101100110101010110001001011110001000001000001011000
0101101110101001101001110001101000110010100111101001000110001010000110011110000000110010101110010101
1001000001111000001001000110111010010010100010001000011100011101010111111111010010001001010101000111
1010010011000001000011100110000000101101000101010011101010110001100111001110010010011011011110011110
1010000110011001110100110111011001111011000111100111101100111101111000100001010000110000000111111000
0110110100000011000011000110000001100001010111111101001111100000001100000000010010100010000001000110
1000010100001110100011001100111001101010101101011000101010111000110001100100011100110101101001001011
0100000010011101011111010101001000010111110100010101010010010000011101010111110011100011010001000110
1101100110001010110000001010100110111101111101011100000011001000011110010110011000101000101100110000
0010010100110111110111111011101000011111111011100001000110101010011100110011010011001010101101110010
1111011111010111010010100010110001100101011111111001010101001110011001001101100001001011000001000001
0101110010101100001110011111111001010001110000010001010001101010101110011110000101001010101110100001
1110111001111011010011001000110100110000010101101101100111001100000000111100111000101011000000101001
1010100000100100111010011011110010010011111100000011011010100101000100101100100100001101111001011111
0111011000100010011011001011110111011111100100011011001111010010100101100010110110110011101010110010
1101101100100011010001010000100011100100100100001000011111111000101011010110011111100000000011000100
1101111100110001101010100010110011001010101011000111101111011011011111111011011011110001101000110011
1110011110100011000010001011010100101100010110001111111100111101011011111000100000111100111000100011
0001101000010101011000100110010000010000000000001100011110000010100011111100000111011111000001101001
0100110001000100010111100100011010100100100100001010000101110000010001000101000101000011101000001011
1001011000001010011100011011101110110100011100000001001010100001100010100111011111100001001010011100
1000100000110101101110101101111110010010101110000100010100111100001100000011110010101001110001101001
1100010010000010110010101001101001111100111100001000000001001001000001001110110011010011110100001110
1100011100001110011111001000000101100011110000000101010000111110010010010111000011011111010001101111
0000110111000101101010101010000111101011100000010101000111000110101101000001001000111011111010010100
0011101101000000100000100110010100011011100101000000111110111010011111000111110111001100000010100111
0010000100110011110101100110111101111101111010011010000011000000010011001001101010101100000010100111
1101010000011000010010100100100011001100110100001101111001011001101011101111010011101011111100011101
1100011001011011010100110001010101110110000001001110101110100001100011011100101110111011011110110111
1001010010011101110011010010000101011101011010010001010101100011111011001010000101010101000111110100
0100010101101001110000011101010011010010101101110000100110000101001110101111001010001001100100111000
