110011100000011100110010110110110111000101110010100000110100
000001000100000100011110011011111001011100100100100110001110
100110010100000011011100000111010101011000011110000010010100
110011110010101110111101100011100000011101010000100100011010
101010110100101111010100010101110001000010010101110011101100
110011001110001011100111000011111101101111001110110100110000
010101110000101111000010000010110000111011100110101001111111
011111010101101010011011001110001111001110110010100011110101
011111101011101101001001111001011001101001110001111101111111
100001110100101001000010010000101001111101110010011011100101
011001001110001100010101101100010111100001001000001101001100
111000101010101100100001000111001111011111110100100000001000
011010001100101110100010001111001010101111001011101100101101
010011000011000000010111011110011011101010000011010001000101
110001101100100011101110101010010011010110000000001011010110
110111001111001110000000111000000001100011000011101100010110
111010000011010101011011100010100110011001011001001001011010
100010110001111110011010001011011101001010110111111000111011
111011010000000011011111000001000011100111100010100010101100
000001110001000001111101000000101111000111011011000011111101
001101000110011000010011111100110100101001011111100100110001
100110011100101101010110110110000001000011101010101100001010
101100111011110011000111010100011110011101001111101101010011
000000100111010111100000000001010001111111000010101111100111
010011100110101111101001101011001110001010110110100010010101
000001111110100101111011010000010110000111110110011011001010
011110100101111110111000000000110010111001000001010110001101
101011011111100011100111111010000011011111001000100100101011
010110001110111001011100111110000101001010100101000000111011
010101011101001001101111001011001011011101010110001010000000
011111001001110000111111010010110101110111101001010100100111
100110001111011110101100100110111000000101000010001011111101
010010111010010010111010001101101100011000100001110010100110
010011010100011101101100101000100101001001111010110111011010
100010010000110000101010011011100110100011111110010111110001
000010011100010000010111000011111010011111011101000100010111
101000110001110111000001010011001101001100100011010101001100
000100111101010010101011100100111111000000101110011110100111
000001101101101100101100111110010101010100111100110111100101
001000111110010001001111100111101111010001000111001111100001
