110001001001100110011011100111001011000001011111110010110101
111110000101001010001100000001000111110011001000111101101001
010110010001011010101100010000010101001000011111101111011010
111000111011111001111010100101101001010110101010000110111010
011010100111111011100000000111011010100100111100000011110011
011010010011100111111001111000100101010110000100010000111110
101000000000100101111010010011011100001110001010101110101110
110100101101111101110100000000011000101110100100001011010110
010001000101001111101001011100001001010101101000001001000100
101101011000001111000110111001010011100100011000010001011000
001011110001010011111111101100011000001110000000100001010111
111101000010000000101001011000010000001100001111001010101001
001100011110111010010111000110010101101111110011001101001011
001000011011101010101100100010000101101111000110011100000110
101010101101000011100001001111110111011111101100111010001101
111010001010101011110100011000101111111101101010100110111000
111110101000010001011011111000101101011111101010111110001100
001111000000111011110010110101010111110010000000101111010001
100000110010111100100110100110100001111100111110111001110010
010101000110000100000100101100011101001001111111000100011011
110111111010101111110110011011110101100001110010111111111101
101011110000100110011011001110001101110111011001100001100110
011111001111111101101101101101110000001100010011001110110011
100001010010100111100000001011011000011011001111010000001011
111100010011001111100001100010001101111011010000000100110011
100001101010010100001101111100010001010000100010001001110111
111001110110110111011111110011100001010010111111001111010111
011111111100101011100001010111100011111101110000111100110001
001010110110111100001100110011000011010100010100100111111110
100101101100010000011100011010000011101000011001011011100110
011000001001101010010000110010111111010001110011110101000101
010101001110000001101100100010000001011111110011100111001100
100000101110000110001011011111000110101110001110111110000001
110100111101010111011010111101001011110000111011001001010011
100010100111100010101110010011001111011110001101010010110010
010101111100101111110110011011010000010010111110100110111110
000100011101111100010001101111000111100110110010101101010001
101001100000011010110010110010100101101111111110110110011101
100110110110100000101011100111011010110110110101111011100010
011110110101110001111011001000111000100011000100101010010111
