110111001011111001001110110010101011110100010100011111010000
000100011100010011010011100100010011001100100100111100011101
010100001111000011000100100100110010110010100110011010010000
111010101010011000111111100011101000111010100000001100111001
010010001011111001110010011101110011111011000101111001000111
101010111111000111000111111101111100001110101010011110010000
000001010010001110110011111001010100100111101110100011011110
011110111110000000001100111111001000001111000100111110000101
100000011000101100101110000000011111111100101011010110101110
100010111110000101100010000100101111100101101000101011011001
000001111101100010100111110010001100010010011000010101000000
000101000101100010001100000110100010001101111100110000001010
110011011110011010101111110001101110101110111111110000101000
110011111100101000001010010100010011001001001110011000110110
001011110001111000010001010010011010110010101110101110110101
100100001111111110110000101000110101000010001010100000101101
110001000101110100011010001011000110011100000000000011011011
101010000100000110001101011101001101111100100111101010000111
000110001000100000100110010000101001101110101111110110010001
001000010010100111111111010110011101001000011011110000110110
111111010001001100100110010100100100000101001010001001111111
110110001101111101100010010011011000000010011000100010110010
010111001000000011101101011111000010001000111101010000111000
100000010110010100110100101010011101010101001011110101000101
101011000010110000001000010001101100000110000001001111010100
001111001011000100111100001010010110010110000110011001100111
011100110101101000111011011100010110011101100000011111001010
010100110111110111001110111100010001111100110111010110110011
101011110010100110011111011111010101111111101101110011010101
000000111000000100110100101010000111101111100000110101001011
011001101000100111111110011001111110000110100100001000010001
111011011011011101111000111100000101111101011111110000111100
111010111010010101101100010001101010001101100001001100101000
101111000111111000101100000001001011100110110001010011111000
101011010010010001101000111101000110011111100110001011001100
111100000010000000010000000100111001001101000100001010111010
001110000100011000000111010111111101100100101111110101001111
010000011101001101100101010110111101100110001011101110010110
011001011000100101011010000111100001111100011110011110011011
110100111110010000001010011000100111011111011111010101101011
