100101000111111110100100001100000101000000101110100010001110
110111110011100011000011110000100111000101010111000110101011
101010110001101110100000010100101011111000000001100000010100
110010101101010010110000000100101011010101111101011001000111
010101111011000111000000011110001001010011100000110010100010
100100000001110010111010111001100011111100100001011111100101
011000011110001100100011001111001101010000000101011011010001
111101010000111111100111010111110010111111010000000000000101
100111110011101010100001101110110001000011000110100111110000
100101111001011110111111100101001100010000011100000110111000
110111110011100000001101111110111110101111001001000001110001
011101110101011110110100110101110111110010000010111000001011
111101001110011100010011000101111001100101011001101010101101
111101000010001000011011011100111100001000110111100000111100
100010100111111010011001001001000100000110001010011000111111
101011101110011100001010101000001110010011100110111000011011
010100100011100101110010000010011100110011100101000101101001
011010101010011011101010010011100000010110100100011111000000
011100011100010100001110010111110010110001101001101011010001
000110101111110100001100000101111011001100000111010100010000
001110110000100111100010011011101100011110000110000111111101
111101010010100000001001110010011111001110101000100011011000
001011000000000100011101100010001101011101011011100110001111
100000101110010010011010100000011101101110101110011000101111
111110011010111110000110000000111111101110111000011001000010
100110010110100000110000000111001101100101001011000001100000
000111100011011110001100111001011001011101100100011110100011
000101100101110101010001010001000010111000001101011001011000
111100001010000101000101100001000001001000001000011001110010
000001000011100000110101111000000100110001011000001111100101
001000110010100010010110001111010010110010110111001100100000
001011010011110101110101001101100011100001111101000010000111
111001010001100110110001101101101001101001101110000000110011
011111101100011110100100000001100100010100000010100111010101
001010011110001011101111100111011000011011111000111010110101
111101101001100011111101111111101010011011011100111110100000
010001000111010100000111000000001010000111110110000110001110
001110110000000010011011110010110000010111110101111011001100
010110001011011011010001110110110001011010001111111010101011
000111001110011100010001000101001111111001010001011111001001
