011000000101011001011111000110110101101011100001000101000111
000000011010011000001110010010011111001011110101100111000001
000010100000001101001010011001101100100101000110001101110110
011001111010100010010010001111110000011101001111101001010001
111010101111000011111101101000011001110010000111010001001101
100101110100010000001011010001000010010010100001100001101110
011101111000001000011011100011111110110110011101011000001110
101011001011111111010001000001101011010110011001110010001111
001111111000011101010011101111111110100011110001110001001110
010011100100100100000010111100100010100100000101100001001110
111110101110010011001001111010101101110100011101000010000111
100111011100000101111000110000001011000100101011001010100000
010100000111101101001111111000101101111000010010011001110010
010001101010000111100101001001001010001101000111011111001111
000010010010010001111001001000101000010111010100001000000110
101101100110001101011001001011101000111010101110100101011110
101001110110001001001001110010111100010110111001010100100101
100100011110110011000001110010100010010010010100010111000000
100110111001001100111000100001110011111110100110011101111101
000000111001111101111011101110000101000101001101011001011011
110100010011111101001111101001010110010011010001101111011011
110000100000100010010110011011001000100110010111001011010011
000101110001100101000111111000000010001010010011000110010011
010110000000100011100100101111000010110110101100011011100100
010110110101010000111000001011000011111000101010110001010110
011010110110000001110000011111100100101111000101111001111001
111101110110001110011001000000000110011000010110001001001100
110001101101010111110100011010011010011100000000010011001010
000010000010100011000110010000010101011110110000001101000001
111101010100110001100110001001011000011011010101100001000110
011110111000110101110110001011101100011011111000000011111000
010000010100000010110011100010111101011000100101000110101101
001100110101010011100010110000011100010110011111100000100001
010100010011111101011101100000111110110110100100000110010000
001011111101011011100011111101111001011100111101110010100101
100111110010100000010010101100000011000110100001000101001010
111010000001111011001010110010100011111101001001000001010001
010100111011000100111011110011011110001110011010100110010100
110101100111111001011100101000111011000111011010000001100001
111101101001000111011110011100111101001010110111000110111011
