001101100111101001010111111011110001111101111011101010000011
100000111000111101101010001011001100110000111010101111010011
001111100101111111011000010111110111110101001000010001101011
110011010111000111011001111110101100010011001111111110010010
001110110111101001011110000000101101101000001011110011001111
110101001001000110000110001001110001100010110110000000100101
001010100001111010110001100000100100000111011001001100100100
010111011001011101111000101001000100000110100011001000011000
100101001100111110000111100001101110001011001100110000000100
000000101011100011100010011010001100010111110010100010101110
111111101000000101010110001100000000010101011010111010111100
010001101001010010011101111010101001010101000111110001000000
010101011101100110000010011101011101000000100111010101100010
011010010011111010001111101101010010001100110110011000000111
111101110111100000001011101001111101011011111100000110001110
100111101010111101101011000010110110000011001100110111010010
001111111110011100001110101111110001001001101000100110111000
011001000010111111110001001010111101001110110100111100100100
001111101110000000101011001111010010110010100010010000111100
100111011100011100100101101110001010011010110011011000110101
000111100000010101010101010011011100101101001000101000100101
101111100011011101101110101010000010010111111011010110011110
110000100001101001111011011101111000011110101101011011111000
111011101010010000111101110111111000110101100011010110011101
111110011101011100000000111111101000001111110001100000110001
000011010001000101011000111001011001111001001001010000011010
111100001100111101011101010000100001111110101111101110001001
010010001001011110101100010100000000001110100010110110100011
001011001010011001000100110000100011011000111001101110101110
000000110000110000101111101110111101001101000000011110101000
010101110011100010000000010001010010000111000101010011101100
111010010100010001000000001100000001011000100011000100110011
011001011101011010110111000000001011000100000001001100100010
000111111110001110011100101111001101100001000111011010001101
011100000001011000001101110000111101101110100000110111110110
101000111011111111110000101010110001010010111110110111110100
001000100111101000100001110000011101000011100100100000000001
010000111000011010101100100110111000000010010011100011001000
100100101010001010000111110000010011101110001011000100110101
110001100101001110011101001100101110111010011000110000001100
