000010010001110111101001101111101111111010111101001010101001
110101100010110000010110010100010011011111000111010100110010
000100001010110100101100011101101000010011110011101101100110
010001100110111010111100010011000001110001110100111010110011
101011010011001100001101001110100110000101011000010110101110
011010100101111100101110110000101011100011110111000101001111
001011100000100110001000010011101011110011011010001011101011
001011010100110001011011111001111111001010101011111100011111
000000011001011000111110111011000100111010000010001001110100
110011011111001100010101111101010101000100001001011010101001
010011100111110101100110110110001010001100001101011011001011
011000111101100101010000010110111111101011010111010001101110
100101101110011010100111001001000111011000011010000001011011
001001101010010000110110100011001000011111000010001100110111
101011110000011100001001011011111011110101010011010000000001
111110100000001011010111111111111000000111100010011100010010
110110011101011100110100011110011110111100111000100101001001
010000100111011010111000100000011011000011101011101011001111
010111100011011011111101010000110100111010100111100111101101
010100000111101100011000000001011011011001110101111000101000
110010111111011110111011010000100001111010000000011011111111
000100001011100110010101110110000010001010110011011101111111
011100110001100010101011110000010011010101111110011010100010
001111110100101100001011110010100000100110100101101111101100
100110011000111101011001111000100001010000111010110000011101
110001101010010011000110100011011100100001100010001110011100
000110100111011001110100000011111110111101110100101001011101
000111011110100011100100001110111011001011110101100011000010
010101101011110110111000011000001100000000101110110101001100
100001110011110001000100101111000111001010111100011011011110
000111100111001100110000011101000000111011000010010111101110
000000101000000011110111110010110100111101011111100100001011
010000111011110111000101011001010110001011110111101110011100
001010010010011000000001010111011011111000000100111001011111
000101001011111110111110010000110001011001101011000000111101
100100000110010010010010100101000001110100010111110100000001
111010011111101101101010011100110001000110000000101000011100
110111010101001101011011010001000101000010100011111001010100
110100100100010000001110111000110101010000010010110010111111
001000111101100001110011011001110111001010110111101011001001
