101110100010111110000110101000001001001000000101101111110100
010010100001010000110011010000011101010101100011010100001001
000001010001111111000010000001101001111010001111010100000000
010111011110100110111001101000110001101110011101101010001110
111111101110111110101110011010000010001001101010001110001101
001001000101010001101010001100011011001100000111011111011110
001100101010110000101001001100011110110101110001101011101010
110101010101000011000001001000010011011000110110111010000010
011100100101110010011111111001110100110111010000110110001001
001100100111000110011001010110000101010010011110100000011100
110000000111110101000110011111011100011100110001000000001001
010001010010010101100110111100100011001010010010100011110110
111010100101101010011110110011010001100100011101011100010010
010010000010000111101110101100101110101100111111101110111100
011001111110010001001000110110001001001110101101010110100011
111010000111011011010000001111000001101100001100010101110000
000101000010101000000000011011111010101110101101001000011001
110111001111000111100011001100011001001110011111010010001110
000111011011111101000100011101001111001111001111011000111000
100010010001000011011100100011101011110001010000011000111001
001001010111101111100011011111001011010111101010001111000101
001011011101110000100110010000100011111110011111001001111010
000011001100110000110010001100100101000101111010101000011101
110001100011010000001011000000001011111100100101110001001111
101010100110001010010011100000111111011101111000010110010011
111111110001011011001011110011111010011111010111001001101110
010110010011101010011101100001011101110001101011100101110110
100000001001100110101100101110011010101010010100100011011111
101010110111101011001110001000000011101011000111101101010001
010011101110011110000110001111110100010001001001101000100001
000100010101101000011000110100110110101010000110011010010111
100011101110000011100001100111000010001101000010010110000101
011011111110001001011011011101000111001100101110011111111100
000011100100000010000111001011111011011100110000001010011100
100111010101111000001101000101111110111101110000111010010111
101101001100000101101011011110001110110001111011001001111000
011111000101110010001000001111111000110111110001001110110000
010010110001100001100011101101111101000010001110110101111001
010110011100000111101101111111001000110110100100001000100100
110111001110000000110111001101101110011011100000101110000110
