100011100001111100011000101000110010000010100010010100111100
010010100100110111000001000100100110111111000100101100100010
111111101001000000100011011000001101001011110110001100111110
101001011001111001101011110011111001100110011110101001110100
000001000111111100101010100111110111011010011101111011111001
101000110001011110010011011110011101110001111011111100110000
111100101101100100101011111111000001010111101101110101001110
000011000101101001101010111100101000001010111111001111011110
111011010010011000011010100101001011100000001101100111101110
100011100001110010101000100001110010100011011011111010010010
000011010101010110011000101000010000001011010000111011011000
011011011010000110010101011101111101000010010000110011110001
010011000011000111101111101101111111011111001001011010111011
110101001110101011000101001010010010000100010001100001011101
001101101110011111101100000000111010010100010110111100011011
101001110000101110111011011011010101010001001101011011001010
101000011100001000101110010010100100110110001100101100010110
101000111111000101101111011001011100110111001111000001111110
010101011001100001010000010100111011100110011101010110101000
011111101001011010100101000101111100011101101100011101101000
010000001010000010101010000111101101001100110100110111110001
110100101110010110001000000110000001101110000100101110000101
000001010111000001011001101010100000101101010101100101010100
110000100000000101101011100010011100110001101001101000111101
100001111101110111101011011110001101111111100010000011101110
110001111010001100100001101111000101101011110111110111011101
111110100110001000000011111010110110111011010101100000011110
110000000010010010011100011110101000011001100101010000010100
000010001110110001100111100110001000110001101010000101000101
111110101010111100000111011101100000011011110001000011011011
111101001100110111011101101010110000111111010001111010001011
110010111011001011001011101011011111001100101101111101111011
000011010011000001100010100100011010100101110101010011111101
011111111011101011000011111001110110000100011001001110100010
100111100100011001011000011110111100101110010000100111010011
000111010011001111111100101011010110110110010001101111100110
000011011111010010110110001110001111101111111101111010010011
001110100000111000110101000110101110001101110010011101011110
011100110011011111000011011101010111110001011101011111000101
000100101000111110011111110001001111001000010101100110101100
