100100001011010000001001101111101011010110100000001000101001
000101110011101101111100111011101010101111001100000100100101
111000011011110001001000001000110110011000000011111110101001
001010101111100011010011100111010100011000110011110001001101
101110011110111011010001111001101101000111101100101111100101
110011110011111101101000111011101001111001001100010100011010
001000010010100110101001101000100011111111111010101100110111
100010010100100001110110001101000111100001111000100010001001
101001101010101111011010101110100010100010101010000101010100
110011000101001101010000011010101011011110000110000010110011
111011011110010010100101110101000101011010001101010001110000
010000000011111111111010011010000000101110011011100111100101
100110001010011000110101111111011010001000101010000010100001
101111010110010001100111011001001100100101011101111010101100
110000000001100011110111011110110010110101101001100001010011
011000011111111111101110101001110101111010110111101110111011
010100000011110011101011110001110000000110110001101010000011
010010001101010001001111001110100110010100110101101001100011
010100001001100100101000011011000110101100110000001110110111
101000011100111111001010111010101000001000001110010000111101
111011111010101101000000101011000000111111001010101101111110
011010011100110000000011000001011110000110010010110011011000
010110001110111001110011100001100101111001011010011101101111
111010110000111011100100000101110101110010001101000110001101
101001110101000111110111001011001000110001111111001101010001
001001100110011111001011100100011000011111010101000101011100
001000110111011001100010110011100000100001011001001100110110
100011000010010011001101011110111110110000111100111000001000
010001110100001001000101100001110101111001001011011010100100
111101001000111110001101001101000010011011001100100110110111
110100100010110110001100101110100100001010011011011000100011
001010011101001000011110010000111010001100100100000110101001
100101101011011100001010000100101001100101010110001101001111
000101000110000001000011010100110000011100111110000111100100
101001101110110011101010111000010011011010101110110110000110
000011010101001000000000111111100001001011111100010111010111
111001011101101011101011010100100010110000101000111100001111
000100100101010000110111110011100101001001001000001001100100
101111001011010100010101010000011100010111100110101111111100
011000001101000111100010111111111000101000110110011001010000
