100011000010110001000111011011101001111110001000000011100110
111111001110110001000001110010110010110110101010111001011010
000011111001011101101111110011111011110001000110001111111100
100011110000010010110110101000000001101100100011010000010101
001100001111111111000110001000010111110111000101010011101100
111100101101100111011101111000010000110110011110100010010001
001010110110100110010111000001111100110111100010010010010111
111101011111101011101111100011111011001111100010100111101000
111011101011100001000100110100111001101101100001001100010011
001010000000101010001100011010011000101001011100011110001001
111110100110110001000101110011111100011001010001111101101000
110100010100111010001110111011110101000111011011010001101000
100110010110000011011001111001000001011110010100101110010111
100111101100000011111101101110010010101100001001011101110100
010100111100001111011101101010111100010001110011010101110001
111011101111001101010001010010010000111100110101011100011110
111010111100001110100010010010110100100000001001110110111010
001110000011010001111100001000010111100010010010010111010111
110111100001101011011100101111010100101100110100011110101100
010001101111011000100101000110110101000110101010001100111011
010101100101110001000001000110001000000010000010011010100100
000011011010010011111110001000010111000001000011110011101011
111100110001000111000110000011000011000100010000101100111111
100010011011111110011011011000111011101100001100101110011001
100110011001001100110110111010100100111111010001011100100111
111100111101010000001100100110010101110110101000000111111010
100000011100010101111111100010010000000110100001101100011010
100111101101011111011011010000000101100001011111001011101000
111000000001110001011000111001011001011100001011101000101100
101111111110111100010000010110001101000110111001010010100101
111110010101101110111110001101001010011100010011000000011000
110010010001110111010111111011111111011001110100010000101001
100110111110001010110011100010110101110011010000101011101100
101010111100010001110110110110111010110010010111101111110111
100000110101101110111000011000101110111011110101110010110011
100110001001011110110111010100100110101110110110010111010001
100101010100011111111101110000011111101010101001001100101001
000010001010101011011110000001111110110100011001010110111011
010101101010111010011100110101010011101110111010100001101101
010010001001011010010110000010101100011101110111100011101011
