101111011010000011001111110000100110010001000111110010010111110110111110101111011000101000100110101011000000110111111011000100010011000101111010010010010011101000001111010001011000
001011010111000010001001011100010111011110101110111011100100000100100010100101110110001110100100110110100001100010111011101100010100100100010110000101110100100110100111111110010000
001011110111011010110111011010011100101011001100001000001100111001000110110010111001110100000101001010110010010111101010111010110010100100110000101011101010001101110110100001101010
101010100100000101011100101010011010101110100100100100010010010101010100000011110100000001000001000011010000100111010111111101001001100010110111110001100001100111111000010011001010
000000010001111101111010000010111111011000100101101011011010010001010110000110000001010000111001011100000010110011000010111001100001111111110001111101111110011100011000110010101100
100111010101100111110110010010001100110010010110000001101110110001001101011001100000000010000000000100101000011001001101010001001100000100001001101000110011110001010110001001100001
101110010010100110100110011010101101001100011000100011110100010101111011010001110111100100111100110111111101010110001100100001010010101010111110101001010110001110111110100001101000
000010101001011010010011101011000101010000011010010111011010111010110110110001100010001011111001101010110011000011000010000000001100000111111011110101001100100101000101111110100100
011110110111111000110011001010011100010110000001001111101000111001000010010000001100110100101001100001000110000110111101011100101011000101101110011101011101100111101011011001011000
000111010001010101111011010011100000001011000011101111000010010011111111100011111101000011100101100101101110000101101000010101011111011110010100001010101101100010110110011110110011
000001010010011000000101011111100000110011101111110110010011111000000110110001001011000100000011100000011011111100011001011100100100101101101011100011110101000010011010000111011100
011001001000111010000100011101101010010110110011110100011100111100100110111001010001011000001101001011110110111001001010110001010111011100101100011111011011010010100000100100100101
110011100010011010001101101100101000000100110100000100001001101010111011011001101100001110001100000010000101001111001001011010011010111000001000110010101000111000010000011010010001
100111011100000000110011100011000000100101100000101110000111100000001101101111111110101110000110100011110010011001001110101000101011100001010110011101010100111110010000001111010111
000011011100111000100111001001110000011001101110100100111100101000101010101001001000101011110101100111010010100110100000011111001111101001001101111101011010110100111000111001001110
100000111110011010100100011100011000101111110000110001001000111010101001100110010111101100110010011101111101010001100000001001111011011110100001010110111010100110100111001110100111
010111101011011010100001011111000010110100101101010111111100101000101000110100010010001101100101110110010100001110111110111000001001000010011000110010001010000000110111011000001110
000111101111000111000001000011000101000001001100111001001100110101000001001100111111011101110010011011011101110010010001101110010001100110010110110010100101011100111010110111110111
000001001101110010110010001101110011110111111101000011100010101101011000011111110111111100100111010110011001111111000110000101101001110100111001011001001101110011100111011110000110
100010111011110110000111111010110001111110110000101111011000111000001011001101000100110111000110101010001111001110000011101011100000101010010010000001011111110110110110010000001110
000010110011100111100001110011001111001000100011001001101010101101101010000100111100010110011101100100110000011100100111101011111111100001100000011100010100011000100011100100001001
010101011110011011111000001011110011001001011110000001000000000001000001011010000000010111010101001110111110011100001011001100111011111100001010000110011001101000110000011011100100
000111001100010001011001110001000000001001101111001001000111110001101001001000100001001000000000100111001000011100100011000111100100010001011001110101011100110111001100010101001011
111001011101000000101011011101010111111010111101011110101010111000111010001010000000010100001000111011001001111100000000100010001010111110111000010001111111001000001001000001011100
010101101011000111010010000110010110100111001000101001010111011111101001110011111100000111111111111111010011111011111101101000000111111011011101010001100010110110011000100000101010
011010110110010011000001100100101100001010101110000001110101101111101011001000110111110010101101111100001100101100010010100111001100001101010101000110011100101010011101100011100110
010001010111111010001011001000110000010001111010010001000010011100001101010110111111001110000010001100111001010100100111111111100000100110001100110000011000100000010101001101001111
100101110110001011010000110010111100000011110110000000010111110001001000010110001111101110000101000110111111101100100010011110100100111100100001100001000010010001010001111011100011
011110100111000111111100110011110100000000100011111110001101101110100011010011001111101000110110100010110100010001001100110011001011110110001110010000001111010010100110000100001011
001101010011100110000111010100100101110011010111010100100011011101011001011101010010001101000001011100010010101101011000101000000000101101101110010111010111000001010110101101001111
111010011010010111100001001100110001111100001011100100110010100110100000000010011000111010101101011110111011010000110010001110100000000110000001011100100101000101011101000000001110
011010101101111100100011110001100000010100111011001000001001011100000011100000010000110101101111011010110101000110000111111100110010011110101101011011011001001001101001111011110101
011101011110100011011111101011101101010000011010100100111000111111101000100111010101010110101010000101000010000001000101110100100110011101011010011100010001100111100011011000110000
100110101111001100110001001111100010101001011011110001000101100011110100010111101000101001000101101000110000111000010011101100001001011011011111101011101010101000100001100001001001
100000010101000001101100000011111110001110000111101101010011000011010011110011010101101001111000101101010100100100110001101011110101110001011001011101100101001100000101011010101010
010101011111110000011000100101110100100100111101000010001110110101001011101101000111110011011010111111110011011110000101110001111110100000001101001110110111000010001110100111011110
011110010011001010111110000101111111110011101011001000001001111001000001101000001110011000011111110111110000011100101100100000100110011110111000011000001101110000010011100000111000
111101000110010000001011111110010000100100110111111010100100000010011001101011110001110011110010100110000001100010100111100000111101011001001001001011111000001111010101010111111000
000100000111001011101110001100111100111110000101001101101101010101100110010000000111101001000011001111111111011111111111001001110000101100011111101001001001001000101100111100110111
110010110100000100101101111011010110010000011111010000101000010001111001010010000111011011111011110010001111111001011110111100110010001111010100110000010110110111011100101111111010
011101100000001010011011001000101111000010101000001010110010000001000011001111100000000011001000000111000100101000111010010111100001101100101001101011100101110100001111110100000011
110010111001000111011100111000001100001010100111100000110000001001011001110000011011001011100011010001001100111011000011101000101101110011010100111010101111010001111010011111000001
100010100110001000111010101111100011000110010001001100111010101100111101000000100111111010001111010011111111011000001111111010001100010111111011000001110100101001000001010001011011
110111010110101011111011101001111001000001101110101001101000101001111100111111001010101100001000111110010001011001111111011100011111111100000111101110010111011101110100000001101001
100010111010011000110101011110111000110001000000001000100100011110000010000101011000101110111100000110000111010111011111011101100110110101110101010011110101111110101001101010110000
101010110011101111011100010011101101100111100110011110111010010010010010001111111111101101001111001110100101001000011000110011010010010101011001010100111011101000001001001000010111
011101110111010010110011000101111100000001110010011011100100011100000010100011010111111010001100110001110111100101000000001111011111000010010100001001011101011100010110100011011001
111100101011100101010001000000000011101011110010101100001100110001010111101010110111111001100110011100111110000100111101110101110101011100000111001111001100010110011100000010000011
111000101010010010000110011100101000101100011100110011101001000111000110101000001001011011101101101010010110100010010000100110001111101001000111110111100100110101100101101000011101
010100111011111100111001000011011111011100010001001111110101011000010110101111110110010011011001101111101001000010001010010101001010010010010101010111010011110110110101001100011101
100001110111000011100101011011111111110001100101110111101010111110100101101100101011101111100110110100111011110011010111010000100011101111110010010000111110110011000110011000110111
100000010100001001101011111111000000000011110010101001111110110101001111001111001100010101100101111001111100000101101100101011101001110001001010101100001100110011011100010111011110
101011110011111001001010110100011010010111111000001101110111011001001110101110101100011100011111100000010101100011011100001010101111110010001010011011100110001000010010000010101001
101001111001011101101111011011000011000001111100110000010111010111110000000000100101111101100100111001000111000010111001101010110001011110001001010111000100011110011101101100010110
010000000011111011000100011111011001001110100111111000101010100111100111110111001010001011100100001010110100110100000011011100110101011011101001000110001101100001010111110110001111
010000110110111101000101100001100001010001011111010100010110110000100000000101110101100111110011011100110001111100001000101100001010011011111001010111000100111111111111010100000001
101010110001110001110011001100101101110010111110001000010111110011110001010001001001000101101110001011011110101000000000101100001110010010101000011100011100101000000111010111101010
001011011011100000011100011010011100101010011001100001100101100110011011101101000010111100000011101101101110010000100011000100011001011000010101001100001011011001110000111111000101
010101000010110100010010111111101101001111100011001001001011001111100100000111010110010001100011111010011010001100100101111010010000000101110100000010010111000111100011100010011011
010100011101001111111001111001100010101001011111111111011100000101010011011110010001101110111100000000111010011011111110100101111110010111100111101101100110110010110101011110011010
010111011011001011011100101110111011001111001110100010100100010011100011111111000111101011110110101101001111000110110000010111000101011110011101101011100101111100100101010011110000
001100000011001011001100000000011011001010111000010101111000110101000100110011110111000101101000111101000010010110111101101111110110011101111101001010101111100101000011001010010001
100001010000010111011011000011010000001101001011001101010011100100001110001100111101000100111011100010000000100011101111011000100000001101010100100011011101000000000110001100110100
110001111110110011000101000010101000101111000101100100001010001010001100101110111010100110110001111000001001111100000111100000110101110101111010111010100001001101101101010011010111
100110101011010101100010001010100001010010100110111010010101010001111011000011111000011110010111110110011101110111101100010010101100000110010010010010010011011111000010101101001000
010010100010110110101110010101001111110000111101110110110010101100101100001000011110010111000011100010000000001001000111001110100101011110100100011011111100010000001011001010100010
110001100111000000001100000010110101000110100000000100100110110000111010111110010001100001110011001100000101010000111000111101111010000000010110010001010011100011100100100011111101
100100001011001100010100100101001101011101010001010001010100101101110110001000100101100101100000000000000000100111011100110001111111011000100000000101100111110001000100110000000010
111001001010101110010110111100111000001001101110001110111101001101110110110000001001111011111000110101010100010011010110011101100000010110000111101010100010100011010010011100100110
100100000100110001001100100010101000010001101101010111010000001111011010111100011110111111011100111111010110100100101110001001111111011110110101101010110100100010010011011000111111
111010001111001100101011110010011111001000111101111000100111010111001100111111001011110000011000011110001011001111111010010110101010100111000010110011000000100010111011000110011100
111110001101011111111010111100100010010111000111011001110001101100010011111100111011010111100110000001010010011101101111111101110000110011010101011010011111010100000001011010001001
000001111101010100111000000110010100010000010010101011001001010001000101110100000100111011011110000101101101000011110110100001100110111100000110001101000010101100101110001100111111
110100100011101100111010100110110101110011100010101101011111100000000101101111010001110110100000010000010010011111100100010001110110100010000110111110010100000001001111011111010010
010110110111001111101101101111010111011100101010111111101101001001111001101010010111011011111110011000100001010101111001000011111111111100101101001001010100111101001011100001001011
110110000100001111100001101110011111101011010011111111110110001011110111000001011000101111110010111010110111011111100101110000100010100101111100111111101001000000101101010011011110
010110010011101001011001000010100101000001000000111010000011111000101000101111001100111011000000110000001000011001101100111100011101010111001001110100010001011001101011001101100110
110010110000001001101000010111010001010110100001100101111011100000111001100101100111001110010011011010011000111111101111111101000110110101011010010000110011000011010011000000111100
101001100001100000111000000000010110000101110111100000101000101110001011110011110001111101111001011111111011111111011101011111011000010101000110100111100000001010010001101110011111
001011010100101100111000010101011010111011101100001001100000001111111101001011000010111001000010001100110010011010100111111011111010100011011011111101001010101011101001001000010000
110000110101110011101110010100001000011111010111010000000011100100000010010110101010001001111110000010100110101101001101110011011001111101101011110001001001110001011011110011101101
100110100011100000110011000110000100001110001010010010111110100011111101111000100010111011011100111000110010101011001111011000101100100011110010000011001111001000000001110100110111
010111101001011000001100111101000110110010100101110100100110011101001001110010111100010110010011011100101000101101101101100110010000000101100000110011011100111010111101011001101101
011101110000011111111110111110100100111000010110010111000101100111000011100011000001010100001011010000110010000010000001111100100110000010011010110010100111101010010101110111001010
001101110011011010000101111010101011101101010011111101000110101000010100101100001110000100110111101100000010011101001110010000001000000000110110101011010101110010001000110010111011
010101101010111101111011101101011100010011100000111011001001010110111001100001110001000101011011100110100010001110100011000100101101010010011010010000100100010010001110010010110001
010110000100110001011000110010000010111111100011011101011111100111010111100110111100010110011111010001010110001011110110011000110111111010110011000101110101010111101101101011011100
011000000000110111011111101100110001110001100011110111011001001001101111100111101001111000111001011101100100100110111100000001111110001000011000110100011110011100110101011110001000
001010111001000000100100011110001001001001010000001110101010010110110000000101000000110010110100010100000000011000100001000101101100011101001111100011100010011110111100001010010110
000110011010011100101111001110000111100100001100011100011000001000100010011100101000110001100101001011010110001110011001100000100000011101001100000101101001101011110110011111100001
100011000110111100010001001101001101100000101110111011101110110100110110111100101110101111110111111001111010110110001011110110000101111011001001010101000110010011101011011110100000
001001010011001100000001001100000100001000010111010011101111111101010000011101111110111110011010100011000111101000000101000001100101110111101010111111101001010101000010111101000101
000101110001010100100100010101110100001010101001000101001011010110101000100011000001111111000110011000111111011101011010110010100011100011010001001001000000010101011010101001110001
101100011111101000100011011000101000001000011010100010001000011101110101101101000101100001010110000100001111000000110110011110000101111001101101100111000000111101001101101001010010
011110001100011101000100011000000011010001101101111100011000011011101100110110000110010111111010011001001000000110011011110011100101110001011101010110101101001101111101101100101110
110001111100111111000010000101100111001011110111001011010001000100011001111100000111110011010010010100100111001000001011000000101111101111011100101011100011100001011100011000101101
100110110100000001000011010101101101001110000001011001110110011100011100101001010010101100100011001110111110001010111111010001100101001010100101110111111110011000110011111111000000
101000011000010101000000001110101111110011100011010100101111011010011011001101001011100011111101000100100000101101000111011110111111101001110111000011000001110011100110011011110000
101000011001101101110110100100010010001110010111100100100100100110110111111100011110011001100111100001000001110011011101100011101010101000111000000111011111111111110001011101101000
000101000110010101101011010010111111101010011011101000000010011010111011010011100010100011101100110001000011000110101100110101011111101111000001100010010010111110100011100100100001
