010100001011001110001100011010010010011100100100100101010110
011110101011101000010011101000001111000011001101100011011110
011011001101101001111111000001111001110111011100000011000110
111111101000001100100010011111100000111100001010000100010000
101000100010001011010110111000001110100101110111101000101100
000000010001010001110111001010011110101011000000011001010010
101101011111111001010011111010100001011101010001010000010111
011100010100110100110101100001011001011010001011010011100100
000001111010000101100110100101011010011101001001001000000110
011111000000100100010100001000110111001100011010101101111111
001000101001010001111100000110101010100010100010011111010100
101000001101000010011011011001001010111010110100111111011001
011111010110101110000101111010000000111010100010010010010100
100101001011101101110100101101101101010100010000101110100010
010010010100111111011010111011010110110111000111100010000010
000001101001001100001101001011000001100001110000101001010111
101100000010101000100101011111110011010001101111110011001010
010001011100100100010111101100010001001011000011110000110000
010000000011101111010100010110100100010000011110011101000101
100001100011110000010011101000011000000111000001110111010101
000110111100001001101111101000100001011100011110001011011111
001000001000000101010010100011011001100101011000011001011010
101111001001000011110010000010111101001011001000101110000001
011111100101110110010101110100101000011000100101011001110001
001100101001010101010000101110011011110111110000011010110111
101100001110010011111101001010111010110010001011011111110111
110110000001010000011110111000101100010111011100110110101101
000011101001000110011101101011110111000000011111100011110111
001011110000010111101011010010001101100100011011100110100110
101011010000110110001011011101011110000010000101111101111111
010110010111000100001001001110100110110000001110110000010110
000011001101101111101100001001110010000000011110111010111011
000101010011101000010011110011110010110101011001010011111000
101010100111001001110000001100000000111000100110010010101111
101111000001110100001101011101111110100010010010001011001000
001110010110001011010000010100100101111110011111000100010110
110001110000010001011111101111110000110001001101000110110100
100111010001010101000101111000001111111110101000001001110000
001010000011011001111101100010000010000111011101010101000000
100010011111000000101111101101100100110010101000111010011100
