011111100100110000011100110101101100001010011000000011110000
010101111100111110011001011001001101001101000111110110000100
110010111100001001000111101100111001101111011000011000000111
010110111100001010011011111100010111010001111100001110100000
101110001111010011111100110001001100111001101011011010000111
010001101100100010101101011101111000111010001001110101000110
110010011010011110010111111010000001111101101011101110110011
011011100011000100100011110001111010010111111111110100000101
100011110100000101110010010011111000101010111110000011101101
101100001100000010000101101011100000000100001111111100100000
111011000111001100111011101001111110001110010011010110110111
111011110110111110001111100010100001001111110000010000100110
000100100000000000100100111101010110110101110101101110101101
010101001000011001101011110111110001000000011010111110001100
100100100000101000011001110100011110110011011101000011011111
110110111101001001111011000101110010010111111011101110001000
110110111111010010111100111010011100100001011001111100000110
011111010100010011001111101011000000011010100101110110001000
001010001011000000101111110001010111100000010000110111111111
000001100100101111010000001010001101110010011111101100011011
011110111010001111110011011100010010110100000001010111100001
101010001000101001001100100110010101111000110001111100111101
001101100110010101000010001110110101010110110111100111111100
111011110011101001100001011011111001110010101000100001110101
011111001100111100010110010111000100001111011001010110010101
100010110000100100110111010010011110000110010101101011010001
000111101100101110101001011010100011011111101011011101100011
000111100101011100101110110010100001111111010100010101010011
110011001100010100101101010110100101010101010111101100010111
111010111110010000111011101000100111011101001010001101000010
111100011101001000101110101101010110101000000010000111110000
111110111101111100010010110000011101001001010111011110000110
000111101011110010010110100000110011000011001010111100000011
100010011111111001111010000001110010001100111000110111000010
100111010111001000011100110101011111100111001100100000110001
000001110001010100111100110101001101111010001101101000010011
001100101101111111010111111010000000101011111101110011110111
001010100111101000010101100001010100001011000111010000000000
011100110011101010100010010000111100001110010100010111101010
000001100111110000000100100001000000101100111100010111100101
