011110111111001001000000011011011000110110001101110111110001
001011110000111110101111101101001111011011101010111010000100
010100001010000011111010000111110011011110000110101011011100
100001010001011000110001000010010100100000000110010100010100
100110010000010011010101010000001001011000010110111010111111
011111101000001000110100110101011001010100011101001010100100
000001010100001001111111101001001100110100100011111010100110
011011001001100100100000100000000010010001001001011000101011
100000110111010000011100001110110010001001111110001000100101
011111111000111000100011100111001000101100110110000011011100
010011111111111110010101100100011111000011111000101001011111
100100111100110010001111111111101101000000010111010110010111
100000101001011010111100011100111101111011011100101000010011
101001110000000100111100110000000100111100100011011000001101
100111011001110100011010100010110111010001011000101001111001
110111101010010011001111110011010010111101000001101010010111
010010101001010010101100011010011011100010111001111111111001
111100011111100100110101011000100011100000101010110110000100
001101010000000001001111101011010000101010101111101101010100
000011100010010101110110111100110111110111101010100010011000
001110001110010110010000001110011110010101110111110111010010
000011111111111110101011100001011011111001001100111101010100
010010111100010111100000000110010111000101011110101010000101
100011000100001111101111001010100110110000110100000100010011
000010011001001101000011011111101100000000010001000000101000
100010101101101000101010011000111010110010010111001100100101
011001011100010001111101110000001010111111001111110000101111
011011110111101011001001000110111001101010111000100111000110
001111100011011000011001100010010000110100101010111011001110
000110110000011000001001100100110110100100010111001111100111
111010110001100101000101110011100011000101001001101101110111
110100001100101010000001100111001100111011011000101000111111
000101111101110111100000001111111110110001110111000011100111
000011100100011011110100001101010110111101011001011000001010
001001100010000011000101010100001110010111110101101101011111
000000100110001110110101101001011111011011111010100001111000
101101111010110011111011110100100010101000001001010111111011
101001011101010010001011100000100110110010101010000000000110
100000100110011101111101100000000101100010000010101100000100
101111001111001011001100100010011111011000111100000110100011
