011101110101111110011100011000001000010110111100000111110101
011110010000011111000000010001001001111000100111000011001001
000111111101011011001101111001111010111011100101000101010101
011001011001101011101001000101011011110101000101011111111010
001101000000000001110001101111111010000111010000010111100111
001001101101011000111111001101010110111111000111100011100101
110100011010100100110000010111110100111101101110100001110011
100101111011001000100000110001100110101001011000010100100010
001011101001110110111000110011100101110101010011111001001101
000110111110001000101111110001010001001000101001111000101110
100010101110000111100000001100101010001000001011110000101101
011001111110011101110110100110101111100100011101101110000001
101100100000101101000000110001010101100001011000101100000010
111011001111010100111101000000100111101000001111111000110010
111100100111111011011010011000111001011010011011010010010010
000001111100100001010100110011010111001100110000111001100100
100000100000011101010001000001100011110110100100001110000010
111111000010010110101001111110100001001100111001001101001000
011100101011000111011100001101100011110001011010111011001001
101000011101010100100111010011001110111000010000000011001001
001001010111000011110011110000010101001101101011001101100000
101000011010001110100001111110111111110000010001001110011100
011001100001001100100100110010001001110000011110100110101111
100101001001110001110000101101111000101111001110000000110010
100000111101010000000000010100000101011111111111101100010001
000100000101100111001110010010101110011001100011100111001100
100011010110101011110110011111110100111011010111111100101010
111110000100100000011001111111011100100011111111000000101000
011010111110111100011001110000000010100000010111110010111001
010110001101000101110110110111001101010101100100110111101111
111001111001111011100011110111011110001011011111101101101100
011101011101110000101100101001101010101011111001000111111000
001111100011000111001101011011001001010000000111100000010100
011010111101110000100001101000111110101110111101010100101110
110001000101111101101000010101000110100101100110001111110000
110000110011011010010011001011101001000111111100001011000001
100001010101101011011011110100111100010101001100100000110101
110010011111010111010001000100011100110101010010011001010010
011010001101010010011000111001101011001001100101110000101000
011010110011011111100010111001100010100101000001111100001100
