000011001100001001001101000011000111101100110000010110100101
100010001110111010111101010001001101011010011001010101111011
111011110101011101111101000010111110110000101010100010111011
111000000100001011110110000010011101100111011100111101110001
000100001011101000011110110111000011110101110101110001001110
001111000100011001001100000100000000000101011100100001110001
101100000010110100001001100001000110011000011110110101100110
000001010100000011111101000000101000001111001001011101111100
101101100010001000110101111011001111101111011010111101010100
110101010101000011110010110101110110111010110100010101010000
100110101000110111011100110111011001001011101000000101000101
100010110111111011001000011111000110010111111011101000101011
110111111100110001000000110010110011001101010110000110100100
001101011011000110011100001111101001100000101010001100010101
101111101010011101001001000000110010000001000101100101011110
110000011101010010010110001011010100000010000110100110010001
100101100000011111100110110101101111001011111100101011110010
001000000001000110001010011010110111110110000011001111100011
001011001000110101100011010001100110001111011111100100101000
100011001010001011000000101010001100000110011000110111000111
001011001101111100001011110100011100110010001011010101110110
001000010011110111100011110101110100100000111111010000010101
010000000010100010011000111101111010101100011011000000110110
010011001110101110000100011001110010011110001100111100111011
100101010001110101111111101011101101000111010111010110010101
000001010111011110100101001110010111110000111000110110111100
011110110010011110001010011110100011110111100000111111101111
010000101110110101111001011110110111110001010101001011100011
101000001011001000111000011101111111011011000110100100110100
100111010101101111111110001111011100111011010011101111111110
000001001001110010100010111100101001010111000000101100111101
000101001011011011000101001011100000111100101011110010000100
000100110010000000011001011010000000010011111110010101111101
010000110100010100010010101011110010001011110001111011000001
101101111110100010110000000000000000001100101000001110100000
000011110100111001001111010011010110101011111110100011010001
011101010110000110101100000110111010011100111000110111110011
110101100110101000011001111110010111000001000010000111011001
101111111100011100011100101001100100111000110010101110111001
101000001000011111100000100101100100101100100011101001100001
