001100111000100101000011001111100111000101001000001001000100
101101000000111100101110001111010100110101011011111101010110
111111101110010000100010100111111110001000100100000100101101
010000011110101001001001011100000010001111100011011111101100
101100101010000100111011111000000010101101000000111110100100
111010000111100011010010110010001001101011101110100100101110
011010010100010100011000010111111000110100000111110101001010
010001010011000101001000110011111010111101101111010111001000
001111111001000111000101101011011111010111011101111011111000
110100010010000100111101110110000000001010011110010100000110
000110111000010011110100101010110101000101000111111101010011
100101101000001110100100111101001000110010001100110001111111
011110000111011111110110110000011010011110100111101101110011
111011011101010000110011100110000010011100111111100010110100
000010001010001111110110010101011010111010101000011010100000
001100000110010001000010100001010110000001001111101001000101
100011010100011010001101101010001111001011011000110101011111
111110001111000011001000001100110000011001010111010100100100
010001000100000010111101111010111000111110101100110010011000
100100000101110111001111001001010101011011010011000101010010
110011100011010101011111100101110111000010001010101100001001
110000111011110100111111011101001001001010101100000111100010
011000110011101011000000000100011010101111001011110111001101
100101011111111100111001000001011001000011101000101010100001
100110110011101111010101011001111100100111001101001101110111
100011001010010101000001111010001010000100111110000010100010
100001111001110111011111111101101101101111001110111100100110
001011001111111100101000111110011010001101010010011100100000
000101000001001111101111110000010100110111110100000100011101
100000010011000001011010111110011111101001010001010000100101
111010001001010000111111000111000001111010000001001000000001
110100000100101011010001010011010101000100111100000000010101
111101011110100111000100110000001011001011111110111011111110
010011011111110010111101010101110000010110011001000011000101
110000100111000000011111011011110111000000100011011001110000
110111010001011000000100001110110011011010100000011011111010
100000001111110001101110011001100110110000110001110100010001
001001011000011110110100100001101000110001101011001010011100
101011100001011110010100110100010001001010100101001110111000
101100001010100011101010010011100001001110100010111101001100
