001101000001111111111001000100010100100100111000000101111010
011100010101111001011010100111110110010001100010011011010011
001111101010011101100111100001100100011001000101100000000011
111110100010001101111010011101000001000100001101000011101111
111011101000001101011110001010100101100111101111100111010111
001001101000000101000011010010010001001110101101000110100110
001100001111111011011100101010100101111000100011011010101101
110101101000110110000110010110101111111101000011011001110000
001111101000111010101000111001100101000101101010110101001100
010001110110110101001100010111011111000101001001100111011101
010110011001011111011000110101010001010100001110100100110000
111110000010100011100001100010100000111111111000111010010100
001101001000010000110001100111111100001000000100011110010000
010001000001010011111101010111010010000001100100110001001111
110100100010000001111111100001010110001001010000011110001101
101101100000011011111100001110010111101111101110100011001001
001110111010011001100010010001101001010000111010100100011111
101000100001011101111101001100000010001000011101001100011000
010110001011100111111100010100000101010001010000100001001001
110110000001100110001110000000111010101101000110101110000111
010110001100010110010100100000101011011010000101111111000111
000011010010110011110000101101011011011011011100111001001011
000001110100011101111101011000000000001010011001010011000001
001110110111100101111010011110001001110111110001101101110010
101100000111101011100011010100010100101011110001000000100111
010001100011110000011111001100110110101100101110011001011011
100101101100110001101111111110100000110011010110111111101111
111110000010101111010110111001001101010011010000010110010101
010011101100100011110000100101110011001011001011111101100000
000010011110011011101000100100100011000101110001011101010011
100011001100110101100110100000101110010001010101101101110111
100101010110100101110010000100010110101111010101001100100101
100011111101100101100111111000011110111000110010100001111101
010111001101111100110001111101010010001010000110110001101110
100101101110000111011111010010001111010011110001100100000000
001010101101100010100011110110011001011001111001100011001000
001111010101001110101100100001111001111101111111111100100100
010110110001001101110001111101001110001110110110001010100101
111101101001010101011110011100111000001011001101100011000101
001001101011011100111010010000000111110101111000000100101000
