110100101111010000011000110000010010100001111100010011010111
000001111101110100101011110000011100110000101010010111110001
111111010001110001110111001111011000011111010010010100110000
010011111100110010111010100011111110000001110000101101011001
100100010011101010000010010100101101010110010111110011010000
110011010100110001111010001101101010110000010001111000110000
101101001111001100011110010010110110100011010010111101100111
111111001010000011010111111100110000000111001010110100011000
101110011000101001110100010011010111111010000011010100000010
100101100101011101101110110110110001100010000100000101111100
111010111111010000010101001100111010101011101010010100010100
100000110001110001001111101000001001011000101010111000111111
001110011100100010110111100001000001101001000000000111011011
000000100101111001111000110101111001011110011010101110111001
101011010100010011111110011110111100101110001001000000000000
101110101001101100010001011100010111010000010110001110100101
011110100000101000101010100000010000100110101010011101110100
011001110011000011111101000110001011110111010010110000000101
101000001101111011100000001111001101011110000000010100111010
000100110010011111010101001011100100111101110100111100001000
100101000111001001111111110111110010101110011011101001100100
101110000110101110000110110101000001110110010001000000111011
001100010111010011000101000001000010010011111010000110100111
110011111010000101011000010010101001100101001101000111110100
110001110100001101100100011111011100011111001000011010010001
101000001011100001101001100010110000110011111010100010100000
001110010100001101111110011010010111010000110101100100000111
101011001101001100101111111000110111100000110100110001111110
110111110010001111010111001001110101100011110110011101011101
111011100110100000111000100011010010100010100101011101100011
110011100111011000110011111010001101010001000010000111011001
001100100111110000110100010001000000100110010101011000010000
111001001000110010011111010111001110110101000011100001010101
000000111101101011100110000110001010110011101010111000101100
101000000100001100100110111001111111111011100000110011100001
110010100000110011100000010110011100000100000001111000000111
010000101000011110101101111010111000011011100010101000101101
011111001010010111110000011101010101000110101011011001010011
011110101001111001100011010101010010011010101010001001101101
010001000011011101110011111011100011010100100011000110110001
