001011110110101111111110100110111000010011000110111100011110
100000100011010101000101111010101100001111101111011010011111
111101010100010111110011101001000100111101100101100110110100
000110100001110101110000001110110101000000110010000011101110
010001000010100101111011100000101010011001101110001110001111
001110010110011101100111101001001111010100110001011011010110
100000100100110011000100111001010101010000000001101100110100
100001101110110110001000111010011101111101000111100100100010
100011100000010111100100111001011101011011110010010111111111
111101000000010111101001101100010011010000000100011000000011
000000010010010110001011100001010000000010110000000011011010
011011111011001001111011010101010010011011110001001111110110
000111100101001100111110000001011101010111101000010101001101
100001011001011111011111000000000110011000000011000001000011
111101110101000111001110010001010001000010011000100111000000
011100010110110001010000101100100000100001011001111100110101
001011010110101110100111100101010011110000111001110000111011
110001001011011011110011111011000111001001111001111101100100
111111000000000111111101000001010010001111111111010110101000
011010011110010011101110010100111100100010011100000011110100
011001111010001101100100000010110000110110110100001010101110
100001010000000101111010110011000011101001001101010110011011
111011111110000110010000101110001111100000101010110101001111
010000110101001100001100001010001000011010011100011100011000
111110001101101000111010010111100101110000111000010101001101
011110011100000011101100100100100110110011001000011000001000
110100001010010000011000100010011101101101101111011001100011
110110001000010000011110000100011001011010001100111100101010
001010101000011100000101010100010100101010000101101100101110
101011111010101010011110010100110100011000111110010101110000
001011100010011111011001100011001100000011010110111011000100
011110000110000010110000000100100101110000111110111011010010
010000011101011100110000011110100010000000101101010010001000
100100010101010010001000001011011010011000110001000101010111
110110101101010010101110000001001001011101110110110110011110
101000101111011110010000111100101101110001111100101100001100
000010000000101001001100000100101110001001100110110011111001
110110011100000110011101111110101000000000100010111010110011
010101101000110101000111011010001010100001010110100110000011
111101101100000110001101101110000100100001100010001010010100
