010111011101010110101010000111110010000111110110101011111011
010010011101111010001110001111101111100101011011010111110100
101101111111111100010110100011110011100000101111010010001001
011100101111011010010110011111000100101001101111110110111010
100110111011110010110011101100111100000111110111100111100000
111111000001000010000011111110010100011011110010101110110010
000010101011001111100101100111000011001111100100000011110000
100010100110001111111110101110011100001001000001111101111001
110010001110111110101000010111101001110010111000001111111111
000111110100011110010001101000111001110011000100101001000101
101100101001010001110010001110111011100001110110011010100001
111111101011101101111001110110011000010011001000111111101101
010001000100000101110110010111111101000010100111000100110010
011110001111011111011011000111001101010111100100101001100100
000000110100111101100011001010100110010101010111111101101001
010001000101010111101000011010000000001011000110011000000000
101110001111110000100101001111010101000010010111111100001111
001001111010000100010011110101011110000001110101000110101010
100101101110111100101000100010001100000000111001000001100001
101100100101100111001111011000010001011110011000010101100100
100100000100100110011100111101110011100001001001011110111100
110011110111100001011101111010110001011110001000101011000100
001111111110011100000010010100100101111000010001000100011101
001110100111100011100111101101011001111000110000000001101100
010100001110111000000000110110010000001111000001100010100100
110101010011111100000110111100000110000010010000001110010001
000110111110110001110001000101110011100010001101000000100111
111001110100101001001001011111101010000111001100101010100111
011110010000110100000111101111001110111000110110001000110101
111111000010011000000001101010110110000011100001100000000111
111110001001000011011011111110001111101010001010100110010110
111011010011001110000001110000011000010111110011011010010110
001110000101011111100101110100101100010101011101111010011010
100010000001010110111010001011001000011110101011110101000110
011010111111110001110111011111011111010001010110110110011110
100011101111101111111110001000010011101011110110110111100001
100111000101101110101001001000011110010100101011001101110111
011011110011110001010111010110111000010111111101101011001101
011011000101011101100110101110101100110010010100110001010110
100001011111011010000011001111000000011011011111000100101010
