010000011111100100000010101100010110110010100101010001001111
011100001001101111001011000111101000101111001110101011101101
011111010011000110010001111111110110110101010100001001010111
110010101011111011100001100101010000000001111101101100101000
111010001100111110010000010100011101000010100100010101001111
000101100101010111101110111110010000101000010101001001100111
011111010011111011011010100001111101010000001100001001111000
110111111111011111100110011000000110010110110110111110101001
010100011001000101111101100101010011100101111100101111011111
010001000011110000011011000000011000100011100011101011000110
010110001000010100000000011101100111110000111001010010001111
000101111110001110110111000100000010100111000000101101010110
101011100100111011100000011111100011100000010001000101110101
101111111011010000100010001101101011000001110111001010010110
011100010111100010000100111101011101110011110010111111100001
001011110101100100001110010011111101100000011111010110111100
110001000101100010110011111111101111000010011001100010110101
100111101010010100110100011001111000011010110010011110110110
001111111000110010101000010001000100001100011110100110010011
111110100011101011101101111001101001100010101010001000001110
101000001000010000001000101000001010010011001111011011010101
101101000010011000110010101111001001011100100100001100111110
110011011001111010000110100001100101000000001101000110100110
100111000110111010111000110011111011000000111101111010110000
111100100110011100100101110110011010100110011111110111100010
010111011011011000101100111000110011101100110000111001101111
100100000100010000011100000001100010101010101111111101100101
101000101001111100100001011011010111010001011001110010010010
110110111001100011100100000001111000000110111110001111111101
011111001011111011110111010001001011001011000101010101001001
010010000100001101000110110000010110010100111110000000000001
110111000110111110000111110101011011010001011000100001000100
011111000110111011011110011010110011110110110001110100111011
000110010110001001110110000001100111010000011001011110111011
100110011000111111111100111000101100000111000010011000000110
000001110010100001100101011010000001000011010001000001010001
011010110100101011010000110101110011001111100100010001000001
011010011100011001010011010010110110011001111010001100011001
111010111111100110011000111000111110100100010100100110011000
010100010110100001111010001100010110000110010110000001111011
