001110111001111110000100000000110001101010110111010101111110
101000101100010101100111010011001111110101101010101111001011
110100111111011000100111001101111100101101010111010100110010
011111000001010000111010101101011100010001001100100011010111
010100101111000010111001101011011110010111110011101011011111
011101111001001011101010001101000110100100101011011100011110
010001010111010101000100010100011000001101101000101100001000
100101001000011111001010100101100011000000101110000111001010
100110001010010101100101100000101101000100111111111000001101
100011110101000000010001010111100100001011001110101101011011
000110110110000010111000000111000100010111000111010101011000
001100000010101111100111000101000101101111110011101001000111
001011000000101011001000010101110111110000101001101111000000
100111000100111000101000001101011101011000111011001001111000
000101011111011100110111010010110101000111110111110101001000
000010000111110010011100001110111110111100110101010010111110
100001000011000110010110111111110011001000110011101010001001
011100101101011000111011011000011010001100111100100111111011
101010001001000010010100000110111010001111010101100110011110
001101011110000010101000110011000111001100100001100101010110
110101011010000111000011010101000000011111001111110101101111
110111110101110111011101010101111010101001101101001001000111
011110010010001110101110110010100101100101100011101001100011
010011010010010010101011000011110111110011000101001111100101
011001111000101101101011100101101000100010110001101010010011
101011100000101011111010100101111101011001000000100100000111
010110010000100101011000101100000011100100011111001100010011
100101110010101001001110011110101110110111001011110111000100
111111110101011001010111100110001111100101111111100110110000
101001001010001010011010010011101010110010110000010101010011
001000111100110011101010011010001111001100100100001100111101
101000000110011110001101110010000011010010010001010100000000
111110110111110110111011110011001111001100001001101001101000
001011110110010001011111010010111001111000101110011001100010
110100000000101111000100001001011101001011100111001100010011
111001001001001001000001110010111001110111010011000001001110
010100001101110101101010100101110101000000110000101001111100
011001000101011000001011000000110111111110100111110011111100
111110010000001101100001111100110000010110111111100010000111
111001110101010111101001010110001101111100111011101110000101
