110111100011010011100010001100100110000111100011110011011000
001101100101101000100111011110011011111010110100001011110011
100110100001000110011110100111111010001101110001111100101101
000111011110111110110101001000101011011101110100001001100001
000110011000011101111001001110111011000110100001111010110100
010100110010110010100111101100100100011011010010010110010110
011100101101110011100111010110010111001111111110000111101000
110111101001010100100110000001110110000001100101100111111001
100110000110011110110101101101000100001001010110100001011111
010010100101000111110110110010101111100100000100010100100011
001100111010111110001110001100111100001100101100010101001011
110111010011001001010110101001000011001111111000100010110001
001100010110110101100101110011011101101100001011011001000101
011110011000101111001110000000101011101000110101100110100100
000001011010011011100100110010000011111101101110101010100011
001110101001101101010110101110110101100000101110101100000100
001010000000101010100000011111111111001110110001101101111010
100100001111100000000111101101001010000000100001000100101101
000010100001001011001011111000000010100001100010001110100100
101101100010101001110000101100111110011110100111110000101010
010110110000100000011011111010111101011111011000001111010101
011011101111001110111001001011111111101001011100100100011111
110100111010110111100011100001001010111111000100011100111001
010101101100111000111001010000001110001100010101101010100100
111110001000100101001011101010001011011001011010111011011111
001010010100001010011111011000000001110000110001001100000111
111001101101010100000100000000110101000010111010011001010100
000100100010011111011001111110111111101100101111101000100111
011101000011010101100010011110100001101101000101101100001101
011000010101001001111110110111001000011100001010001110100111
010101110101000011101110101100011101000010110110000111010100
101111001100011110000110000011011110000001001000010000010110
100001001000010100100000111011011011010100110011101001010001
100100001110001111101101001001111101011100000000001011001101
000110011111110110100011110111100011000101011011000011110101
001110110000001010101000101100010111011010001111111010010110
111010100000000100001110000011001110111110111001101010010100
101100000100111000001111100000010001000110010100100000111001
000100011100001010100011111000000000101111111010001001001000
001010000100110001001010011001111011110000111110101011010100
