001001110101100011111011000110001001101011001111100010011010
110100110110000110110111110010110010010011010101110011110101
000010010010000011100111100011000110111011100010011101110101
100101010111011110100111001100000010110010110011001100011001
011100101010111101100110010111000000111010001111001110001100
101111110101100001100001000110011101010111010001010001101101
010000110000111000110011110101100100111010100001100100001101
111110000010010110100000010111101001011001110100110011111111
100101010000110000101010011000111000110101010001011011010100
110100011000100011011110101100101101100010010000001111001101
111000110000011100110100011110001001100100101101010100101010
100110110010110100111001000000111001110110110000000001111111
111010011001111001111010010101010001101000111001000100010000
011110000011010000011100100001110100110111100110001001000011
000100100100010111000010101101001010111011101101101111001110
101111100110101100010111001011000111000101100100010000000100
101100111010010100010111101110111110010101100111101000111100
110100110010001000011010110111101100011100110101001000101100
000100011011100011010101000001000110011011011111101010111011
011100000000011100000011110010010101101101101110110001101000
101111010111011101101100010101101000111010011101010111101001
110110111011101110101000010001010110000001100110000010010100
011110100000001010100110111010011010010110100010001001101110
110101101001010001001111111100011000001110110000100010110011
101101001101101011011100010001001110001001010001011010010111
010110100000101101111011111101111110100001011111111000001000
011110101111011000101100101011100011100011000011111010001010
000001001001100110011111101011011100011001110101101000011100
001011101101001001100110101111101010110001110111101000101100
011111111101111010111101001000111011001111101110011100010001
011111011111111001001011000111101101010110010101111110000001
110010000111000110000100010111100001010100001000110001100011
110011011011111111000001101100000001010001101000001110011010
111010000111010110001101001010000100001101001110010001110100
011110010111110101110010101100101101000010110110000110001011
001011000101110111010000011101010100000011010110101110110100
101100010010101100000101100101000010010100110011100001000111
101111100001000011100111010011001110000110000101001000110100
101001111000010000001000110010011111000100101000101000100111
110010001111110110101001011010111100110110001110000000011101
