001011011000110010110111101111000001101101000001111111001011
000101010100011010001100010000110011100100110110101111010011
110011001011001011001001101011100011101010011111001111010010
000001011011101010111001000101100111100110111011010010100000
111011100011100000011111110001111100010001100011100011010101
010111111011010000100001011110010100011001000001101000100001
010011101101000100001010111110111011000100000011101010011110
010011111010001100001011010000010000111001110111000000011011
000010001111110110001010111100100110011010000011000010010010
100111011110000010010001011101001100110101011101011011001100
111111000101110100011100000000010000000110101101000000011110
100110110001000000111100010011111110101101000110011100100111
011110111101011000000001110111001010011110100001100111101111
000001100011101000001001111000001000001010010101101010111100
101110101101001011100010111010100000000110001101101001011100
111010111100010101010101110100110101001000100011100001101010
001011100100011000100001101001100000100101010111001100110110
000100010110000110101001010001011000111111100100001101100001
111000111100001001111111100110110000100111001100010001000100
101001110110010110010110100000001111111100001101011010100001
110000110101011001010011000110000011001101000010010001100001
010011011010111110000100001101101100011010011001101011100111
001010100110111011101100001101111110011100111110111100001111
000100000110001011001110101011111100101111000101110110101100
111100110101011000111110010011001010111100010000101111010111
101110100110100110010001111111111100011001010010000010111010
011001010111110100111100111000111000100111111011111110011100
101000000001001111010001000110011100110001000100000011101100
110011001110000011001101110010101100101101000110100010111000
101100001111010101100101000101011010011000100010101100010101
100100000011100000101100001010001111100101000100011100000001
011110101010100010111111001100101010010011110011101101001000
100101100101001111100111000111011011000111111110100100000000
101010100111011011100011000011110000110100100010000110110110
000111001010110010010110100000110101101010110101110101110000
010001110011001010111010011110101011011101001000010101000010
100001001011100101000101010011010010010111001111100111010100
010101111100010011000101111011101110100111110011011110010001
111101011010011010111011011110111111000001111100111100100110
110011110100001001111110000011111111101110101111111101100011
