101010011011001001000001110000100101100001000110100111001101
111000000000101010001111010000100100000010111100100110010011
011101011110100010001111001001110000100100011111100010000101
000011101101000110100010101110000100110100100011101101110111
101000001011010001010001010100101010110110010110100100110101
100011111000011010000110000010111111010011010101110111110110
100101000100001000100000011111111101100000100001111010100011
001011100000001101010111111111100011110101111100100010101001
110100001100010000000001100101000011111010100101101010000110
001100100100001001101011001001000100011100001011100100111110
000010100101011001111110000111101111000110101111010100111101
000110100101111101001101100011100111110010000010011011001100
001011101001011000010010011101011110110111110001001010011000
110101101101010100111100110100110101011110110000110011001101
010100100000110111100000111000010110100000100100001111110000
100101000110100010110110100000111110110001110110010100111110
111011010100110111001001010111010011010100000011101011100001
011100100011100100001111101100111110100101111101011110011111
000110110110111111111000011101111011101010001010111000100101
000110111110000001111011111010001101100011100001111000011000
001101000001101110011000101100011011100110111111010010111110
011100000000111001001010010010111010110001110101100010100110
111101100011010000101010111101100000111011100011101001001001
111001111011101100000011101110011001110111101010010101011001
111111011110000011010010000111000100110110000110111011010011
110011110011000001001001000111100010001000010000110101000110
100101010110011001000001110111010110100111101001110110001100
001100101000010100100010010110010001111101010000001011100100
001110110001011100000100111011000100111010101110110000110111
000110110011010101101010011100101000101100111111010010110111
010110110110111000000001001110100110100101101110101100001111
101011011110101011101000000011111110000000111000010000010100
110101110100000001011001100101111011010010110111101111001000
000000000100000101111111010001101101011010111011101011001100
111001001011110101001000110110001110011001101101101011011001
100001011001101010110000100100101011100011001101010101101010
010000011100100111010111110111100110101111000100101100001111
101001100100010011100110000101001100110110100111111100010010
011011100101001110111010100011101001000111001110101010100100
100010010111101011001101010010110101100101110011011101011010
