010101000110100101010001000000101100111101111101100111111110
010111111011010011110001101001100100000100010111110011101011
101010101001110011001110111101011010110100010000001011100001
100101001110101011001101110001001101001010111111001100001110
111000101000111011000111010000010111011100100011101011111110
101000010111010101111100100010111011110001000001110000111011
100001010001001010110111010100111111010010111001010011110100
010100010111101111000100011110010010000010100000011011101001
001001001000101101111101001100101111100001111111101111011111
100111011101100010111100011111110100101101100101101100100010
011011110100010110110111110101011101000001011000101001111111
100111001100101011001011100111011001111011000110000010111010
010001010110000001100101011100111011001000110110100001011101
000011011111100010110100011011011011101100011111000101011000
000111110011110010100101010001110111001000111011001110001011
010001001110101101010100101100001001010011111011000100001111
001101000001001001011001010001001101100111000110000101011111
101111110011010111010110110010001110100100001000011100111000
011111101100111101001110000111010110110100110001000000011011
011010000000110011000001000001011011101100010011000001011110
010110110001011000001110110000111010100010010011011000100000
000101010101000011110101100000111110001111100100110100010101
100110100010111110001110011001111110010100111110000010111010
110110101110000001001111110101100000111111010101110110100110
101101111111010100110100001001010000011101000011001100001110
111011100011101101110110101111001101110100011111001100110111
111101110110000101100110101010001101010000010111100010100010
010111001100001000001101100110111011101100111000011110010111
111001101011101010111000001110001101111111011111101101000010
110010100110100100111101111011001101100001111000110001100101
110101110101000111011011001100010000010010000100011111101111
100011010001011111010011100101101100011001000111000000100011
001010001101011010100000111100101010110001101111111110000111
110000010101010100011000101010010110001100000100011110101011
011100001010111001111101010111101000110010010000001010110100
101101101010100010001110010110101000010101001100001111010011
000110101101111010001001001101011100000001111000011100111110
110010000101100111001001110011000110010010101000001010000000
011100001010100001101100110010110101100000111100011010110001
001110100101010100110011110011000100101111100100110001110110
