010010000000010101100110100101011000101100100111111000111101
110100111010001110000011100011010010001011111101011110110101
111110100110001010101101001100101001011011011011111110011011
100011000101100101010110111000100101001111101011101100100001
011000100100110000101000111000110110000000100111000000000001
111100010111101011110010001000110110010010101010011111011010
010111110100101011000001001111010110100110001001011000000111
000011100111110001001010011011000111101111000101101111010111
111100001001011010101010101101001100000100011000000000100101
110100001000100010000101100101101101100100110110111001111111
001101100111011110110010011010101011010000101101010101100000
110100001001100010010101110011100101001010010100011101111101
001011111110001001010001000010111111111011111100110100101010
001000011011101011010001100110100111111101000111100100011110
001101111001010100010010000101001001000011101010110110110101
010011000110011110101111110101010010010001011110111011011010
100001101101011100001101111111101111000101100011110000000011
001001101111101001110001111001011010010111000100111101010101
101010010101000101110000110101100111001001010101011001001101
101001001010101101011111111101100001000000111101001111001110
111101011101010100101100000101000000000001000101100110100000
010110101101101111100000011000100011101010111101111110110101
101110011010110011000110011110011110001011101010110001110100
101111101011100010011101101011101110000000010001001110101101
010011100100010010001110100101100111100111001010011111011010
000100111100111011011011100001110001001110011011100100110101
100101000001111000000010010011011001101110101000111110110000
100110111010000001111111010000100010011010110011101001000010
100100111100001110001101101000010010111101100001000100100100
101100001000000101011011000111101100011011011010011001101000
100100100101010100110010011110010000111101000111111101110100
100011010001001001000011101011111100001101111001010001111001
001010101100010000111110000001111101111101010111110111111011
000110000101001011001001101011010000111010000111011010110111
010101110101010110100111001001100011011011001000011000111010
001010110101101000111001101111000011110000010011010000111110
010010010101010010111110101100111111111101000101110110010110
101100111110010111010100010011011111111001101011110011110010
111110010011111000100000001001011010101101010111101011001100
001101101100000010110001001111001000101001110100101100100001
