101011000000011110101101011110011011110011111010111111100111
100110010000000101111010110100110110010110010001100111010010
001001100111101000101000111101111101111000111101011011010111
111111011010111011000000010011011111010110001010111100111010
010001011111101010001000110000010110000010111011110101001011
011010111000100010001101001001000011100000101111100110110001
101101001100000101110010011011110011110100000011010111001100
111010001010010101001100011111010111010000110010111010100010
011010100101111001011000011011100000110011100001000010110100
100001000000111000110100001011000110000100111110100111011000
110110101001111001011101110100000110100111001101111101100000
101100110111010110001001011010110111010111100000010011100100
000100010010110111010111101011101000110010000000111010100111
001110111101100011101100001101110011110111010001001111111100
011011011010000100000000111110010111010001110110100110000100
110010011011011101011101001101100011110010101110100001001000
110001101010111010010100101111110110001101101110101101101101
101110000001010000001100000100000000011101100001101001110101
001001100010001001010011100000011000000111111011001111101011
000011110000011101100011011001010101011011110011101111101100
111011100101101010101000100100101111010000110001101101010111
100111100110101001111101001110111001100111001000010011110100
110011011101111101110100101100110111101111000100001111011110
001100100101101100000011110010100101101111011011101000111101
110000001110101010010010011110010010001100101011111101000001
001101110100110001010110110011010100011101101101001111010101
001010100100001110100111110111000110100111001110011100010010
001100001110100111011000101111001100010111001010100011011011
011101000001100100111011110000000100110001111110100110110111
001001010100101110000111010000110011110110111010110101000000
110001010101111001110011110101100010001011111100000110101101
111110100000000001010100000111111000000011110110100011101101
100010100111001110100110100010100110111010001101110111110000
011011110001001001001100110001100110000011110111100101001111
011101111011110110100000110111010101110101010100000101101111
100001111000011110110000011101001010111101110010111001101101
010010101110000100111001000000000001011100110111001001100111
000000010100001100011010101111100001110110100011101111010110
111100001001111100000010001101101011111101011011000001010100
110101011000011011001110001001100110101001111011101111001111
