001100000000011110011110111001010110110111000100101100101100
000101111111010111010001001110100011101010111110001100100101
100000111101110100001111110000010011100101011010001110000010
110001000101010000101101101100000001101011011001111111110110
001001010011100000000100001010010110011011001001011110001111
011111000001111010101001111000101101000110011011100011001001
111001001000111011101100010110100011110011111001101110110000
101001100101001101110101110110111110101100111010110111001110
110101101110100111001110001001111011000010110001010011110100
001001100110110010010100011111000111000011110000110100100000
001111100111010010000001100100010011110001011110010010101111
010110011000000101101100100011001100110100101010010101010010
111010001001001010000100111011010010100001011000110001010111
101000100111100011101111010101010000000011110001101000101010
101110100100100111011011010010000001010100100100001011100001
100110100110110100101111101101000110100101000111001010011111
101101010101001101010110111000010111000100100110101001000010
110111101001111100011100101001001001010110100010010111011101
001000111110010101010110010000000000100001001100100010110100
001001111111000010101110001101001100111010000001111111010110
111100001111010101011000001011001001010000111010111110011001
111011000011111001010010101001111010100000001000110111001111
011110100011000010100101110110101110011101101001101001111000
010111100001101011000100010010101001110100111111010011010000
001110001111110100010100000111101000110110111001011011101000
000000101001110100110101111101001010111100111100001011000000
001000010001101001111000101110100000011000101110111011000011
101000100100011001111000000001011000110110110111000000101100
011001111001110101001011001100111001100000000001001001000001
111001011110101101110111110101010100110011000111110001110011
000011001000110000010100011000010110010001011111111001000101
101010101101011000000001100000001001110011110110011001110011
001100100000000000111110001111100110111000011011110011101000
010010000011000101011100001010001110100000101111101010111010
001000110110110000110100000010000101011101001100010100010001
000000011001110100101010010101100100100101110000101001100011
011110000001111001100010100100111010100100000110101111100101
011101011111001000110100110011011000001001110111100110111010
000101010100100000011011011010101000110110001010101001101111
011100000000011000111011110100101011111111100100101100010100
