101111000000101101000100000101100111001011000101011110100110
111111110001001110101000110100100010010101011000010101000001
110001111111111010100000101111010010111001011100100010101110
001010000101010011100100000011100001001001011001100000000000
011100000111000111000110000010100001011001010110001000101110
111100011110100110110011011000101000000011011011001111000010
010100011000000101010111101101000111011101100001011100100101
011010001011010101001111101110101101101100100010010110011000
110111100111111011100111001101101111111011100001000101101110
010100110001010110010000001101000101110001001100100011110111
101001110011001000001100100001110110001010001010101101101001
101001100110110100101110010011111011001000110010011110010101
001011001101010001110000000100101101101011110000100001100111
011000000110011011101110111110100101100010011110000000110101
101011001110110000010101010101010001101100001011000011000101
101100000010001011000100101001111101100111101010000100111111
011100100001000101010000000011111000101110101100010000010101
010110010111000011110100001011111100011100001000001111101011
000000000000111100110010010011001010010001110101100111101111
001101000001000110101110101011011100010001000011001000001000
100010101110001011001010111111111101010011000110011101001010
011000001100111101000011111100011010000100001110011101001011
110100001000011110100000010111111010000001011011011001000001
010010011110101001011011111001111001101000000001000111011000
001110000100000000110100011101001011000010001101010010101110
101111000101011110100111010000000101000001101001010010101111
010011011011111000110110110100101011000001100111110110110010
011110110111101011100011001010110001010000000010100001111010
001110100001010110101001000100001000110011111100000111110101
011010001010000110110110001010100000000111010101101000111100
100001100000011010101111110001001001111010101100111111111011
001000011111010110010010110001001111100001110010111000000000
100111110011101110110110010011001011100110000111000011101111
010010111110101000001000010000111010110101100001000111101011
110010000100010100001001111001000011001010011000111000101100
110001111111101001100110110011000001100001110010001001011101
010011111100000001010111000000001001010000100100001000001101
111001110100010100110000110010000001111001001110111111100001
010110011011110010010010111100111100000010100001110010110011
111010001110011100111110011011111001111011110000000000101100
