101010001010101011010110010100001101111110111010010001001100
101101100100111001100100101101010001010011011011010110101100
011000110010000011000111100000101010111111100100110000101101
001101000111110010111001100000001000000101000010110100001111
010010011100010111011001101000011011101011110001010011110010
011110101001100011110011111110101011010000000000011010010011
001011010101011111010011010100011011101101101000001000010111
110001001001001011011100110100110100000000011100011100101110
001111000000010101101001000011110011110010110011001100011011
001000110001011001100111011111101011000011011111100100000111
110011011010011110001011001111100101110001001011111000011010
101010100101010010101000010011010010010011101100101111101101
000111001001100011110110100101111010000000101101011101011000
111111000100000000110100010011111110011001000111000101101011
110111001000110001010000011101101100100001000010111011110111
011110101001100011000110001010101101001011100001000110001101
000000001100010000011011110110011000101011111111000010010010
000010110001100110100101010000100000101110001111010010101101
100100001000010101110010100001101110000111110101101111010111
111101111000001001111011101000010111100010011100001100011011
101111110101100001100111010000101110110111010001100100101001
111010110101000100111000001101011000100111111011001111110110
110111101011111101000101011011011010010100100000000111110010
010000110011111001010100011110010000111011001111011100001101
010110101111111100010010001111001011101111010000101111100101
011011111101100000011001101011101001001111010010100000101100
101001101001110011100111110000001111000010010100110000110010
001111001110001100110101101000011111111001111010010011001110
011000000000011010011111101110000100110010110100010110011011
010000100111011100111000010110111011011001010101100001110110
101100010111010010100100110111010110010001010100000111001011
001101111100000100010100101110110010111101010101010100111101
111010110110001010100110110100000000100001010001000101110010
011000110100100111100001111101110000000000000110011100111010
011101010000100000110010011000000110100110000110011011010011
010011111000110100101111001110001101100011101010110011000001
100101110100001110111101001000110101100010010101101111111101
000010110011001100101100011101011110111100111111000101101101
111010001110101011100110101101000000001111111011011100000001
100000110010000001011000000010110000101011001010011001001010
