000110101111101010111001100111000001011010001010000001011011
010110100110101111010010001110101011000011000111111100011110
001100000110010011001110001001001011000110010111010000011011
100010000001110101101101001100101100000101101100001010000000
100010111001011001010011100101100100101001111011010010010101
001011001001010110100110011001101100010111011001000000110100
000100001011011011111101110110101110111001010100010110010111
000111110110000110001001001110111000100010011001010110101001
010011010110101101110111100001011000011001001100001010011110
010110101011001010110110110100001010111111111101001001010001
100000110101100100001010101111100001010100100001011010100110
100001100001111001010110101110001010100000101011110011111101
011000000111111010100010111110010000011011010101011001000100
010000010010010100001100010100101110101111000010110110010100
111101001000100010100011111010100111010010101101111110110000
101101100101100000001010100001101001100101001000001101111000
111011110010110011001110000011100000100100101100111011011100
010101100101100100111010001101010111000011011010111001100010
000111011000001001001001110001100110101000110000100001010001
101011110101010000100010101011111011010001000011001000010001
100000100111011010110011000110110001011011110001101001000001
100001100010011000011000011010000100011011001000100100001010
000100101111110011111111100110111001111110110001000111101010
110110000001001100001111110111111101110110100111001111000010
011011001010001100010100000011001000000101011010110000110110
110001000111101111100100100100000001010100110010010101110110
100101110001001101011010110010111000111001110100000011110011
101111010100000011000001100110000001101100111000010011101110
110101100101000110111001000001000010110001010000010110001101
111000110000111110101101010010011001100000100111100101001100
111001100010100000000111101010101010101011001100001100000111
001100001011011010000101100011010110001010110010111011010111
011000100110000011001000011110100100010001110000101100010101
010101011100110110101001010101011000110101001101011011100100
100000111001110110111001101111111100101111111000110010101001
000101111110110000000001001111010010100101011010010101010100
111101010010011111110111010111011110010111010000010011100000
110101000110000011001010000010010101101100011111000100011010
011110101100100011111100010011111100000100101010100000110110
111000111101101011110110101011110010100011001011011011100111
