001100000011111001001010000011000000110110010100110011010001
100101111100100000010101101010110000101100110001111000111101
011000100010110011111101010010100000010110000001010100111111
101000101011111100110011101111011111001011010101000110000100
110101011101001101101011101110101111000001101100100111111011
010111110010101110010111111101111010010100000100100111000101
001111001010110101110000110101100011100000110000000001000010
001010100101110001101101111100100100100111010001010010110010
001110101110011101111111110010001001111011011110001010000011
101101101010011101111111100000110101000001001100111101000101
100100110010111111100001110010000110010001100000101100010001
111100000111111001001111000100101010001000100001000100111110
110100101100000101010100100110101000010011001100001011111010
110000111100100011110101010101101110011011001001111111010100
101100000001001101011000001001010011001110000010010111010000
100011110010111110101011010001100001101111001000111001100000
111101010001001011101010000000101101101011011010100010110000
110101011000010000000110010001010111001101101100100110011010
110001011101010011100001100100000110010000001111010000011100
101010010001011001010011111011011011000011011011010100001111
000001110000101011000011100110100100001010100110010001101000
000100000011110110001010111011001111111000001000110100000101
010100100111100010100001001001001101011000001101100001010001
010000010010111000001001111010100011000111101111111001100010
100111101100010100100101110000001010111100011001111000101011
010101101110010111011011110010000101010000110100100011010001
010001110011000101101110010000110000101101010000100010000110
010110010000000000010011001001110000010011010101111110001101
111000110101010010101111111111100111111011001000010110001100
011011100110110111101001100010101101100101001010011000011101
110110011110110111110001001010111111111100110100110010100000
111000110010110101101010010110100011111111101000011010111101
011001001001101010001010010110001001000110110101100110111010
010100111001010110110111100000101110011011101001001001011010
011110111100010001101110111101101011011000111111100101101010
100000011001001111011001101100101000110111100000110101011000
101101100110110001000011110001001001101111101000100100010000
010001111100111101010100001110011100000101001100000111100111
101101101000010010110000010100111101011001110101001111000001
101110001000101001111111110110011100111101111100100000100100
