101010110101100100110110010110111110111110111011001100110011
111010100000001010000000100111000011001000111111011110101010
110000001110101011011100110000010000010010111011111010110100
011001010110111100110001010000000000010111110100101101011100
011000100101101001000111001101001100000000001110011011001110
000010010000010000001111011000100001010111100010011011101011
000110101001001101010001100010111011000111101001011101001011
000100111101110011100010010100100110011101111010111110111100
011101011101101101100101101100011010100010011100110001010111
100110001010010011010001000011000010110010000100111101010001
100100000011111010111001100010010001110010101101100110111101
110011010001111010001011101000101111100101110000111110111001
000111101000011110011001101011111001100000000000100001110011
011011001100001011110010110010000011001111111101111010001001
110010010101010110001010010010001001100000110110001011001001
000000011100001101000000111101111001100111001100111001000111
000010111000110110000100100111000110011100011001101111000010
011101011110001001001000101001100110001010001000111111100011
100100000001001000001111010110111011000101010000010101110000
001100000011001100010001000000010001001011100111011010011111
110010000111111001000100011011000100100010001111110101000101
001100111001110100000011110101011011101010010001000101110001
010011011011111000001110011001011011010101010010111110010011
110110011101111101011010000000100101101011111110101000010101
111100011001100011110111000010100011100100100101100000101100
101010010001100101011001110000101110111100101111100110010111
001010100000010000000110100010100111111011001010000101111000
001111100100000101000000001111000100100011111010100010101111
110110101011001000100000010101010101000011110010111000100001
000000100010111001000100111100111001011100001001100011101111
100101110001001111011110101100000011000111100010011011010110
100010100101010100000010010101000111100001010111111001010010
000100101111000000111100110110010110111101101000111110100110
100011100000110001011011111111101110011001101111000111010010
101101001010001100101100011100011001110010110000000101111110
101111000011000001110001111100011001011010010011111000101101
110111001011100111110011100100110000101000110101110011010100
101011011111101000010000111010101110110101101001001001111001
000001110111111010110100010011000110001110100100100110010110
101101111110100000001100101001001111011000101001011000000111
