100100100000111011001001011101001000001000001000101001110010
001000111100000110101100101110111010001010100111001101001001
001110001000100111100111001100110101000010000111110110101011
101010101111010101010001011101110110001010111001111101000111
010110110011001011000111101011010110000101010011101011100110
000111110011110011001100001111100010110011011111010100001101
100010101101100001111001001101110110000101110011111100010100
011000000101110010001000010110101000111010101111101101101010
000100011001101101110110010001101110111010000000000100010001
010101001110101111001100111111111110000010100000110111001011
010010100101000101101000001110110100001000110110001111110011
100100010111101100001000101110010010101100000010111100011111
100111111111010110111010001011100010010101100111101110011001
110001001101111000101000010110001010011000100011111101110110
001010110110001001100011100011010001001100111011110101101001
011101110101101101001111000001011010110010001111010010001001
000100010100011001111011100001101000101110011011001011000111
110110000101111110100101000011100101100011000100111000001100
010011101011010001100101101100001111111100011100101010111111
000101011101110110111011110110000101110110001111010010100100
101000101110000100111010000001000101010010111100001100000011
011010111010101101101101010011100001000100111101111110100011
101000110010011111100110101011101010011011010000100101100111
010000101110011100110100000010100010011101111100111010111000
010101111010000001001000110101101001101011010001111111011001
010100001001111110011101111010101101000100110001011001110101
000011011101001111110110100001110001001001101100100100111100
011101001100010100100100110000110000000101111101110111001000
010010010110001110011110000000011100100111001111011100111101
110011001011001011011000111111100100101101000011011101110110
100010100011000010110101010100101100000111101101100111011010
000110100010110101100001110100001010000110001101100001110100
110011010000111101001110101101010101111000100100101101000101
011101111001011101001100111000000011010001001011100001000100
000000110100010110010101101100101010011110011001100001010101
011010000100100010110011110001000001000101001001100010011101
100000001101111110110001000111111110110100010011101010000000
011111101011000000100100010010011100010011000111110110100100
110001100101100101101001000111000011110101011000000011000110
101100001100000011101000000011110011010000000011110011001101
