111111010010001000100101001100001010101100000010100001100111
100110101010111001111011100101011110111100111001000111100011
110011101101100000111001000101010100111100000000010010100001
000111111000000111000010100001101111101111100111001011110000
101101011001010000101000011000010101010000010001000000110001
101001101001111111010001101110111110100011100110101111010101
111000010110111100011100110011011001010010100111011011101000
100001111010101001110010101100100011100111011100111000101101
010110001101100001111010100101010111110000110001110111111001
101001010001101000100110100010110101011001000100101001010011
001000111100001001000000000100101100110100100101001011001011
100010110001111011100010100101001010010100001010101001111011
011101011001001000110100011010000101010001110001100011010101
001101111100000010011111010011110110010100100010010110000111
010000011110101110100010100001110100110110000010000111001100
100000001001111001010000010001101100010110101100011111101001
001010110101011011001111001100100010000011010110001010000010
000001001110100001110001100101001110111011100000101001011111
000000101111101011011010101100000010111000110110000000001000
010100001100001101001011000001101011101010101111100100000001
100101011011011101101101011011001100100011010110000001011011
010010011000001001000100011000001011101000111111111001011100
011111101101011110011111100000110001001010111000110100000011
100011101000011110010101100111001001101001110010011001000110
011111110000110001101111010101110101001011011110000000001100
000111010011011001010100000000010100100000110100100111100001
000101111010010000000010011001100010100010101011100000000101
010010111110111111000100101100000101001001010101010000110100
110011001101000001111111110001111000111101010000110100001110
101100011001101101101110101010011101010101010010100010101110
101010010101000100000001010100010010111000000010100101010111
000100010010010011000001100110011101010100100011111100011111
100011000010001101110011111100000011011011100010110011000111
001111100000001001100001111000010101001000010100000100110001
011110000010000111101010101011100000000100110000010110000010
100111011110001111000000100001000000011110010011111001110000
100000010011110010010110101101111000111011001010011111111001
110100011101000111100000101100001101000000100100010011111101
101111101000001010110001100101010101000001101001100100100110
011010100110100000011111001001011010011011001100010000101101
