111101011010101100111001100011010101111111000100010000100110
110001100000101010101111110111101001001001100001001011110101
011011111110000100011001010010011011001011011010001100111011
000001111010011011110000111011000101011110000010010010010111
010111101110001111100001010110100010110011100111001011011100
000110111100010110001101000010100101101110100111101000100000
100000001110000100001101000100100001010001101000010101000001
000111100100111111110011010110000100000011110011001000111010
011101101001010000101000010000101110111101010100111110101100
101000010000011100011001010000100000110100000111000010011111
101110101011010111100010011001101000001111110100111100001001
011000001110001000110010100000101111110111110001111000100010
010000111011000111010111101000110101001110101110111111001101
001001100110100011100110011001111000010101010000000101101100
110000010011001011101100010011000111000111101100001111111000
010100000001010101000011111011110110111100111111110110001011
000111110001110010100110010101100101011001101011001110010111
000001101100011101011000110011010010111110110101011000010100
011100100000110110101100010110010100100001101000101010010011
100100111000111100100000001110110101010000110101010101011001
001011010111110110111010101100000111110010110011000101100101
110011010100100111000111011010111100111111101011001001000101
010001101111100110101100010100010101101010010011101010110100
111111001110101001010110011000000110111101000011111010010110
101001010001001100111100011111101111000101001001001100011100
100101010111000100011100101101111111010010011101101111001111
110001000110010011110010011001000101001011111000011000111111
010110110001001111001101100111110100011001111011101000001010
011110000000101110011010100101000010011001110100110011110101
100100000011110010010001000110000010101001110100110100010110
000011010000011000110011000010011101010000100000110100100111
011111001011111010001001111001000101100001001010010000101111
110011100011010011001011101110100111011001010101100000101111
011100011011110000110101101011101101111101011011001110001101
111011110111110011101101100100001001110000110110110111111110
110100001001100111100110011000110101001011111000010110001100
010011111011010101101110110000110101110101110010011111010111
100011111011011100100001101010100110110101101000111111111100
000011010011000111100011010010100110110010000001011101100111
101100010111111001011101001101110111100110110101011111110110
