111100001101000001110000111110000101011110011111010010100101
101001011110110001011100001100110111011111000011000111111011
000111011010000110111101110110111000010101000100110011111011
101001111011110100111110110101100110110110100100001000110000
001110101011010100000111110011000110100001100010010111111010
100010101110010100001001000100000001111101001010110010111001
011001000011000111010010010011100011111001101000011011101100
011111101011000100000010100111011100011000011110010100111000
110111011101011010011110010101101101111000101101111011010000
000101010110001011111001110110001011111100000110010000001101
000110010000100101111010101111000111010010100011110011011101
000110101111001000011001111101100001011110010111110000110001
111111101010101001101100010010110100010111010111000011011001
011010011110111111110000011000110011010010110111111001010110
001101011100000011000100111111111101100000111101100001111100
001101101000001110111011101101111101010110001110100111010010
001111111000101110011011010110110100000011101101110010001110
010001000100011101000100010100001001100100000101000111010010
101000010010011100100111000110110000010010110110010110001001
111001101100001000101101010000011101010111101111000101101001
011100100001110100100111101001101100110100011100011010100010
001110001110101101001101000100000101100001110000010000011110
111001001000011100111101111100101111001010000000110101001110
100110000100010001010010111110111111000011101011100110111010
001000101000010011010110111110011011000111011100001111001100
110111110010011111100101111100111100001111111111011101000001
010010101011100011010110010001001010001011110010011000010001
100110000010010001111010101010001010101011011000110101100000
011100000000101111001010010100001011011010001111111001001000
110000011001011101001000100110011110010111010010011100101101
101111010000010110000110101110011110111111001101010111001111
110111101010011110100011000110011001110001100101001001110010
101000000000001000000101010001010000001010001001101000011011
101010001111011101100100100010110010000011000101001101110111
001110001100010000001011101110111101101110110010011000111111
111101000011110110010100111110101001101110000100000010010001
101100111100000011101011000111001001100010001010101111111000
110111100110110001110011011000000110111110011001111011000001
010101010011111001110100010101000011101110111111100001001011
001110001110110000101001011111101111011100000010110101001010
