000010111000000110011011111110011101011111011010001110111100
110100101101001101011010010000011010111001010010110100111101
110011001100000000100011110001101110111010011111110100110111
011110101001001111111111101011000011011000010100101110111010
100001110010001001110001000000000000111101101011100010011110
110000111110010010111001110101000100111010001001100001000010
001011100011101110110000010000101101000001000000000100110010
001111001010100001010110101000001010010101101000111111100010
110001001001000010010100011010111111100100011000011001011011
111000100101000000100110100011100000100101001100011011011011
000010110101011000001111010110011101010111010110110010100100
100011100111110101000110111001011011100100110110010101011111
100110110111011110101111000100001100111101101110101100100011
110100001010111000101100101001100010010001110000101010000111
001011101111000101011011110110100001001101010110000101000101
101000010011010001011100010110100101000011111011011100010110
101001111100111110101110110001110111100110111111011011001011
011001000011100010100101001110001010000000111011110111011100
001100001110100011110011011110100100110100111101010000111110
110100101000000000011100101000011010001000110111011110110010
001110110110101001101001001101001101010011111011011100111100
001110111101000011000110100000110100101100110111100010000100
011100001110110111101000101011110101110101011101100010100100
101000100111110001100000000010010000110001110010111001111100
011101000100011100001001000101011110110111000110000010101110
000100110101110101001100000010010000101000001110100011001110
100001110011110101100001100111111110001111111101100001011111
100000001110100000101001010001010001111000100111110101100010
011110000110011110001111011000011100100000101001100011001001
010001111001100101101011000110010001010011110100101000010101
001100001110000110101010110010001110110001111100111011110110
100001111110111110111111100010010000000111111111010010111100
001101111010110110001011111101101111111011000100101110100101
100000011110010111000101000000011011001000000001110100100110
011011100110010000010111001001100000001011001010010110011100
110001101101101110101010011000001000011101100010011100100110
101101100010011011110011011010100110010110010110010110101100
100101011110001110000000110000111110001011000111000001000101
001001110101000101100101101111110111011010001000001111111100
100010011101001001010101100110010100001000101101011010111111
