001111010110011101100111000110000000101000001011010100110101
111100000111111110111110010110110101001110001000101000011111
010010110011110010110000111001011101100011101110001010101011
000001011011001001110100011000001000100110111011100101011000
011101010010001111110111010001111110010111110111001010101001
001000101111001010100111110011101111010000101010111010001001
010000101110111001100001101001100011011000100110000010100011
100101110000101111110001011101110000001011110011111101100111
001110100100000010101010110000001101100100111101010010000111
000001110110011110111011101011010101011100110001101001100110
001001001001001110011100011110011001001111010111000011010100
010010101000010101000110000101011111111011011000101101001111
101111001111011010001110011001011010011010000101001011110101
111110011100011100110011010100101001110110101111001010011010
101100110111001100000000100100000101001001100010011001101101
110010111011001000000011011010100010001000111001011001001110
101011110011111110001001101000000000010001001010111101000110
011011100101010100011000011101001110111101011010111001000111
110001000101110011101110100011100110100010110110001001000000
110101111001001000010010011010100011010110100100011011101100
010000010000111011011110100110101110111001110101101101100000
010111000000010001011000010100011111001010000010011111110001
010011110101010111101100000100101110001000110010100000100110
001101100100010110110001100001001111101110001001110010111110
010010011111111101111000111100000110000111111001011010111010
100111111111100000100111101111011100101010001101000110110111
010111110100101110101111111000111100010010100100001100001011
011010000111010011110110110011001101000011100111111111001001
111100101010110111111110001110110100010000110001111001111011
011101110111011110111001010101011000100111101101111100001110
110010101111001010001110010101001100111111101000101101110011
101111111111000011000110101101010011101100010010111001000011
111111000001101100111001001010000001101101011011000000100010
010100000001001111000011110110000010001101101101011011101011
111011100110001111010110111111010000110001011010001011110011
100100000001101111110000100000011100100001010010110111101001
011001000101111001001111001110100010000100010100011010111110
111001000001011011111001100010000000011001000111011101100001
000100100011111100100000001001011100100010110001010111101001
100001010100101011101000100110100011001101100001111010111001
