100110111001110111011011100111101110000100110000111001111010
111011001111001101100000110010111000011001001100110000011000
101011110010010100001111011011001101010100010110111100111000
100111000011000101100011111110011101011111111100000011111010
110110111001010011110010111110010000010101111101110100101010
110011110100100110100010000011010101110101001101001111000011
000100111010100001111101100100011001001010000011000011101011
000011101101000100100000100110100001111100001010111100111100
101001111111011010001111000001110100011010011111110111111110
101010100001110110101100111001000000111001001010010010011010
010110001001001011101110010110000000011001110001111111110111
010111111111101001010000111000010111011111100010100011000101
010010010010100000111100011000101000001011111110101100100101
000000001011111010101001001100011110110101100110010001000011
010110101100110100001000001101011010111111110010010101011000
010100110001111110111100101110110110100111111000001010011001
000100110001100110011111100111100101001110000101110101001110
111101100010010100000001001110010000010001001110011011000001
100110001010111000000111101000000000101101111000010010101011
000010110001101010100000010101011000000101010101010001011000
100110111110010111010111111111010000111011101100011100111110
000110010100101111111110011001101100011000001110011000011111
110101001101010010010100111101111010000011000001001110010010
001011001011000000010100010110100011000000111110110011011011
110101110111001111011110111010010010101000000100110110110001
011000111101101000001011111100100001010000101110111011000100
100100100100010100011000100111101010010111000110100011000110
101001110101000100000011110010111100100110110111101111010011
011100011111010111100110000111001100011111010110111101010010
000001001010010010110111101001011101001000101100101001111100
000101011110010100011001111101111011101111011000101100001101
101000111100100010110101101110110011010100011000000000010000
010001111001000010011001011110111101101000001001110110101101
010010011111111011101001101101111101011001011010100110000111
011111110100101000100100100010110100111010001010010001011111
001010001111100100000111001100000101001011000010010111001010
111011000111011001100101101100001111000111111010001111010001
110110110100000110101110001100110110101111000101011101010010
110100011111110111010001010010000100111011010101110110110110
001010100110001011111011010011111111011001110001011101110101
