011100110011111110001110110000001000000010101011001111111100
110100001100111011001111010010101111111001100011001000110111
000100111011000110101111111110100110100110100011101110010101
010010010101111000100000000100010011011110101011101101001111
101000100100001100110010100001011010100010010000100101111111
011011001101111100011010000011110000010111111111000111011010
101011111110011101110101001011010111011100010111011100010101
101000011100001110011000111111000001101100001011111001101111
101011000110111101000110100100111101111000100101110011010110
101010000010010001011011110101000000100001101011010000011100
010111001010100101011101011011011101001101000100111100001010
000101010000000011111000101000100100110110001110100011001001
001111001100101011110011100111001111100001000111111111100101
111111110011111110010001001000100010001001011000011101011111
010101110000110100000011110111001100110001001111110110010101
001111101011000110100100010100100001000110000010100001110001
110000101001011110100111011001111010000011100001010001000100
000011010101000010111100100111011110001010000011001010000000
100010100100101000010010010001110010010110000101111101111001
001100011000101000101110110101010011100111010000111101101110
110010001011011001110001001000100010001111110110110100100111
110011111000100110100100110010110101111010000001011011110001
001100010111001011110110010001101010011011100111011011100101
001111010110010011100110101100101010001100111101101000110001
010111010001111011111111111010001101000001000101011111111011
011101110000101000111111010100001011010110001110001101010010
101001110100111001101110011001101101111000011101001111110111
011011011111011010110110100011100111111111101011011011110000
101010001011101101010110110011011101011110100111000100101101
001011000101001100111001000000001111100101101101000010111000
100010001010011101110111111001101101101000010010011011011010
100000101101101010111110011010010111000001100100101011101010
011001111011100001111101100000101011111011001101100111000110
001111011100000100011110000110011110010101000100111001101010
011100001011111000001111110011011010011100100000101000100110
100010101100100100111111111100111001000100111110011000000111
101111111100011100010101011001101010111001100001100000101111
000100011100100010000111101000010010011111011101101111000111
000001100100010100101111110011010101001101010000001101000010
011011110010000101110111011100110010011100011001000101100001
