011100011011000101011101111100111110001111001111111101010010
110100101100111111001101101001110100001111010111100010001111
011100011010101000010000010010110001001101001000110011110101
111010001100111111101111001011001001111111110010001000111011
001001000110010111110000100011111001010000101011000011001100
011101101100101100010110010011011000101111101010101110101110
010001000011000000010000111111100000100001111111011010011000
010100011000110100100110001100100011011111111000111110010111
010011001010100000001001100011010001110111101110101001111010
010101011110010001011110101011000101011010000001001010011111
011110001000000001011110000110110111010011000010001001101111
011000101110101001111111100100000110111111010000110000010110
011111100010011100101001111100001100101101011110110101001111
101100011100101101010001010011000001111110001111000111110011
110111010000110111111110111110111000000000111100000100000010
100001000000111110011100111111001011111010010111001110011000
011110111011100000001010111101101001101011010101100001110100
010001110100000000010011110110100000001111000100111011100100
001001101001101100111100100101010111111001011011010001011111
011010111001000110011001111011010110001110001111101011110001
101001000010000010101011111000110000000010100111100011000000
100110100110110000110010000111000101101000100001000100100101
011010010100111100111001000101000111011100111111000011111101
111010110110000101110110100100010100011011101110100110000111
001001000011111101101001000111101010010010110110011110001101
011111000101001001100010111011000101110101001100000111000000
010010001001101001000100110111110101100111011001110011010000
001111000010101010110011011010100010000010010010001011000110
011111010111111010011111111001000000011000010000110110010011
011100010111110000000010001010101000101100010001111011111001
111110010001110101001101111110001001000111101100001001101111
010001111010101000010101001100100010110101111000110001101101
011001110010101001010101110001100001101101101010000110110000
000100011001101111010000110011111111110001101111000101111010
010010010001110011100100010010111110100110100011001111111100
110011100001101010010001010011001001101010010010000000100110
001011010110010111110011110011100111101111010110101100000110
111000111100101111100010001100111101010111001011010111010000
111000110000101011100001000101010010011000111010111011011010
010000010000100100011100110111001011001001011110110011100001
