010100100010110111110001000100010100110000110101110010001100
011001101101100011000110001100000111100010100011011001110111
010101100110011011010100000011001001101100101001110110101110
001001100000100100001011001010100011101110000001001101101001
011010000010101011001011110101010011000011100101101011110001
011000010010011000000111111001100000000100100110010010011011
110000011110010100100001100110000001000100001100101000011011
001000011111111000111010111100100101101100101000000101000101
110010111011111111111000101000110111000011011010100100001111
010100110110110001010001010100100110001101001011011010111101
010011100001101001111001101011010110110001010001010100011010
000111101010111101010000011111010101010110001010000111100000
110110001101110000000010100110110011100000101011100011101011
100100001000110110110100110111111100000010010011000001111011
001100000100110100010011110110100001101001011100010100110101
010010000101100000001101001000010101100101111010000111100010
111100100101000001000110011010110101101011011101011101100110
011101010101001010111011110011001010111100111110101100110110
111011011010010100010101000010011001111000100000101111110010
011011111011101010011011111111101100111100110101100101000000
101100011101111101010000100010100000001111010111111000011110
111100101110110101100001011100111110110100111110010001101000
000111110101011011100111000000111000010101011101001110100001
110010100110000101011111100001010001100110101110111010101010
010000010101001001111111110000110010011011011011101000010111
110001000100100111111111011000011001100000110101100011000000
110001100011010010100111111110000000010001010000010111011000
111011000110110001110000110001001101010101001010011101111101
000100011000011011010000111001101011000010011000000100011000
111100101111111111001011010011011001001111100010011011110110
001100111110111100011010100100100100110000011101110011110101
010010000010001010010000101110110101000011110100101100000011
010010010001000111100101000101100011110111011010100111000010
010100000011011110000100101000110100000000111001001101000001
000101010000101001111111000110010101010010000011010000010010
001110111100001011111011001000111111010100011110111110100001
011001111101110111100101101011000100001110100000110111011100
110100111010111011101110110111110101001000010000000010111111
111111110011111000001001110010111101100101000011111011010010
000000101000111110011001010100101110100010000100011101000010
