100001101001100100000101011101010011011101110110110000011010
000101000011100111101001001101011111000001101101111100100000
000011000101110010000010111010001011000000101101011010111011
100000011100100111110011011001100101010111101100110111101100
001011100101011110111101010110000000010011101111110110111100
101101110111001101101010010110111110111110111110101111101010
111111101001001101110001011100011011110000010001011010110000
001101001001101001101000111010000111111101001010100000110101
111011011111100101110000111011011110001001101001010010110010
110110110100101110000000110100010111001111101010110000111110
000101000100110010010100011000100111010111000100110110010101
110000001100111000100001001010101000001110001100101011001110
111110101000010000000001001001111000010110111011100110001100
110010011011010100101111010100111001011011011110001001110110
000001101110101000000001110001000011001100011000000001000101
001001100110010010001101000111010011011100100101000111100101
010010111000001110001101101111001010010100101000000111001101
001100010000010100110010000001100001000111110110010010101011
111111011101000001110010011010100000110011010000011001010101
001100111010110101100000000001101110001000001001101110110000
111110011111110100111000010011010000110110101011000000101000
111010110100101000101110001110110110001110111111000010001111
110001110001101100010010011111000101001011001111001100000101
001110110100101110010110010010101011100100010011010110110110
001000100110010000110110000101100101011011111010000001101011
111010000100001000101101111011011110110110110111101100110101
000011100100111010101100111100000110110000000100100111001101
111010000010001011001000001001111101011001000101101111100010
101111110011010010100011010011100101110111110111111001111111
101101110010110011111110011000011110110010010111010110011100
010100011100001110001001011101001001010100110011110001110111
100101100100111011010101101110100001001111100000111011000100
101000011110101100101100100010110101111011010110001000000011
111110010111001111100110110010000111001001010111110000111111
011111111001010010110100011010010000111101001110010010011110
101100100011100001100010111000001111101010011001110100111100
011011001011010011001111001001110010110100001100101100100011
111011000110001110110000001010010000111011010001111110110101
011011001011100101010010100111010001011111101101000011000101
111111011010100011001101101000000100001001100100000101101001
