110111101010000001110001101010001000001011010110011001010000
000000011001111011011110000110001001000010110100000011010111
100111100100000110000000001001111001001100010001011100100110
000111000100001000100100111001101111111001100000000101101000
100000110111001010001100100011010011010011111111000001111111
110001000111111001011001001111111011111111101101100100000000
011100100101011110110111011011110111000011110100101010000000
001000100011001100011001100100100010010010110011000111101100
100110010110011011001011111000111101111101010110001111010101
100100110101000010001110111000111001111001101111011000110101
000100100101010101000000001111000110110010001011011001010010
000110101011101010010001011100000000011000011010101110010010
111010011010010011011011001110000000010010100101101100010111
100010110011001010101101000010100010010001000010010001000001
111110001111001110010010110100001111110010001010111001100011
011101010110111111001011111101010110100001111000110101101001
011110001100000000000111110110111100110101110010010000001001
111000110011110010111101000010000100010010100000100110101000
000110111001000110100011000100111100100011100011000111010000
110101111001111011110001011100011000101000010000000011100010
101100001000001101000010110100001000111111101010001010101011
010111001010110011011010110000100111011110100000111001000001
100000101111001010010101111110110111111011100110011110110000
101000100110010111001000010101000100100001011000100011010101
110000110100001001110011111110101011001111100100100100110100
111111010000101110111010001111110000000011111101100010010101
101000111100011010101101001100111110111000010101111110010001
000110011000010110011010101101100010000010000110001111000010
000100100101100100101010111001010010010100110111000000100101
011000010011011101100001000011111110110010011110100101000011
000000100111110010100011111000100101111100110000101001111000
110110111100010001101001001011000111010011010100101100111001
101001100101101001011001000001110100011010001010100000100100
000100111011001001000101101111010101110111101000010011000010
110010101000011001110101101100000001110101011000101011100100
111011100100001101100101111110111000001110111001101100111101
000010100101000101000010111100000011010111111011101010011010
011101011101110100010111011100001101100010010100111100001101
100111000011110110000110011111100011010001001101101010011011
110110001100110011111011000001111000111000001010000011111011
