000111010000101111100100100010111111001100110000011000010100
101011011111011111010010010111001010000100111101001100000100
101100100000010000110000100101000000111001111100001100100101
110001010111110110101010110010110101001110010111110101000001
111100010001111000010101110011100011000111011011000111001110
000111010110101110111001100011110001100011110111001010110010
000100011111101011100001100011000100100110100111001000001111
101111001010010101110110001011010111010001111000110101111100
111100111101011110100111010101010001010110110001010000111100
101000110011101100110001111110101010101011100011000100101111
000001001101011101010100111011000011010111100101111001101010
001001000011111000000000110111000110101100111001101100111000
111111001111101001010110000100111010110001100000101101000101
000110101100000101111110101111111000110111010010001000011101
001100011101101111100101111011110011011100010000000001010100
111010111100001111000000110110000110000110011101001000110101
000101111010111000000100011001100010010111011100010000101010
101010110101110010111111011001100110110111110111010110100000
001110101011110000110010011111101110000000110000001111000100
111111101111110001011110111010010101111000100000000001101001
100000110100010000010100010100010011001010001111001110011011
000111101101011011001110100101010000100111101011011110110101
011100010001001011001011011010110000001101001010110001110011
111111000111000101110001111010100010000000000001111010101100
101010101110011000001011110011010010110011110010000011111011
111110101101011100100100000100100011011100101111101010001011
111101000000110001000101101000011100101100100001101011111001
110000001111111011000001011000000111011101011000010010001110
111000110100000000011111110000110010111110011011100111000111
010111010100110000110011100001100111000001101111111000000100
100101110011010110011010100100001111011101001001101010010011
010111100001111101110011111000101111001111000111010111110111
011110101110000100011011110011100100011010110001101100101110
101111110001100000101111011001010110011110101101101010100110
011111111010001000101110000000101101101100100100111110001011
110100011111101000111111100101000000110100111111101101000001
010101101100001110001010001110000101010111100110111001111101
101010101011100111000101111010111001110011110000001111100001
100010011100111100100111111100011001010100010100110110000110
110010110110010011101101001101011010001010100110110110001000
