011110001000000011101001011000101011101001010001101011001110001000011110110101110101101000100111101110100110100011100010000000000111000110010010100101111011011100100101000000011111
111011001011001111001110000111101110011010011011001110001111110110010101010100011010101011001110010000111101010110011010000001011011010001101111001011011011100001011110011011010100
101110111001111010110010111001111001100001010110111111001111011101011000011000100100110110001001010011011111111110010111000000101100001110010000010110101111111010011000010011110000
100111110000100001110101110010110101110010001110010001000101000100000011010110111011001110110111111010101100001001101100111011111010100111101111001000010110111010111010001011110111
111000100010111100111110001000000111101100001100001111100010010010100110100011101010000111000000001001011100110001000101011010111100110001101000110100001000101001101011000010100000
110110000100101010011100111001000000111111101101100101010011110110101011000101010111111011000101001110111010000000010011101011011001111001110010010100001110010111010100010111111101
110100110000001101000110001001010011011110101011100001100110000100010111011110111111111100011100110100011100000111101001100111010010110010101001100011111100000001100000110101010000
001011100000011100010011000010110001011000101110001100011000010001011001110101100011000100010111000100000001111101011010111111110011100110111111001001101101111100101100000010010101
101101011101111010010100000111100000101001000011011001011000111111010100101001000010011011101010011100000110000010111010111000110110100011010001001111010110111010001010001001110111
100100100100010111001110100011010010111000111010111110011000010010110010100100001111011010000011101110000111000101000110101010000110110110001111000110001101101010110100111010010101
101011010100000111111010001101010001001011010010011110111111011100001010100100111001110001110101010110111011001000111011001101111000001101010100100001010110001010011111001001100001
010101011111010111001011000001011111110000101110010011100011110100101000100111100110110101100000111111110000010010000011101010110111001100001010000100010111010010010011001110010101
100011001111001101101010101001011110111010011000001010001101110101010001000100010010111001110011010010001010110100101010111101100000011111110110110111111110110010011111010101111000
000010000110001100010100000101101001010111011101100101001001010011101000000110001010110111100111010011101000011101101111101000001010100000110000110010100010101000111101001011100110
100010101000101000101101111110100110110000011111100001011010000001101010111111011100111000100101100011011011101010111111011000100111111011110111111111001101100001001011001101011010
111111010000111110000010111101111110110110000100110111001010011000000000000111110001110110010110000101001110001010111111100110110111011111010011011100010001010001010001001110010110
111111000101011011100010000011010110000011101010100101001101100011111100010011100100100010010100010111011111111100001101101110100001111100000001111000110011101010010001100000110101
011000111101111001011100010011100101111100010011001101101111010011110101110000111110101110010100110111101010001001111100010001011101100001100001001111101111110110111000110110010110
001111101101001011010100100110000010011100000010011010010101111001010010111100111001001011100010011100111010110100101011111010000010010110110111100100010000100000001001111000001001
011111100101100011110111000101110111110010101101000101001111011111100100111100100001000010111111100000100100000100101011000111110000010000111000101000110111000000110101110011111101
100001111110111001111110110000101110010111010101110010000010010100110000001101001101100001110111110010000001111010011001101100011100011001011110101011110011001000101000110011111100
111010101101010100010000110001001101111000001111111100111101010001011101010000011000001110001001110001101110111011010011101101011100001000010000011001111110010111010100000011110100
101100111101010111011001110011110111110011100011010110100110100011001100111000011100101011101101111000111111010001000011101100000100100101100010001011011010010000111000000010001010
111101011001111111110101001010100111111011100111100010110000100001101101100101110100100011010101111110101100110100110011011001001001010000010010111110001100110101000011010011111100
011100010110111111100000001110001110001110110000011011110101010011110011110110011010001010110011010100000111010110000100010111001101010000000100101011011101001011110110000100001001
010110000001000011111011011010010100111000110011100000100011101111110011110010000001011011011010110111100001110111001110100110010000100000100110011011111001001000000000010101101011
010010010010111101111001001101111000100100010111011010111011011011111011010001101100011101010111100111010001110010100001101011101010100101010000010010000100101011110101100011000111
110000100000110110100101000010001001100111100000001100101001010011111100101000010000100001100110000011000001010111011110101101000111100111010110001010110000101100111101101011000110
100001111110001010000001000100010100101011101011010011111001011000110011001010011011101000000100000110100000100000111111011110000000110001011111100000000100110000010010001010101100
111000011011010100100111001000111000000010000010010000101000001000100011010000101111111100000000010101101001000011100100001011011110010001010011001100111001101111011101110001000010
001101010001100100110011101101001011111110101011100011000011000101110110100100010001000011111110000001000110110110001100011111010111001110101010010100110101100111111111011111111111
010001111011100100001100001001011000000011111011100101000110010101111001000010011111001100100011111011100101110001000111101001110010101010100100110100011110111111011110011010100101
110101101001111101100111101000101110010010010100100010110100100010101100010000001001001100001011111110101110011000110010100100101011011111000111111110110100111010011110001010000011
011011010100111110001110101100011111101000010100000000010110110110000101101111010100010011111011111010111010110111101010010101110110111101100000100010101011100001101010101011101000
110100111101000110001010001000001010001111001100100001001010001010010101000100100100110111100111001001111110001101010100100010110001011010010010011011110001001011010010011001011101
101100100011111001010010010000000111000110100111001101000100001000101111101010001010011000111111101010100101011000011000011001101110100111000101101000001110111011000111000111011101
111111100101100010010001001001111001001001111110010001000100000011101110011111011001111110000100001100000000111111101111011100010000101110100101010110100100100011000000000011101010
110001000110110111101000100001001011111101111011000011110110100000100000001011011000110010111000001110110000100011011100000011000101111010101000010010111001100110101011010110100000
010110001010011010111101111110011000100010110001110011010001001100111001101010000111101001011111100000011110011001110010011010000001001011000110110000011100100111011101101010011110
010001011011001110111011110011110100001000110010001011001100100000111011001100111100100000111000100100001010001011000010101010000111111101000010010011101101011000110011010010111100
111100111111000001110011110010111010100110000000100101000101111001111000011001111011000111110110110100110111100001111001100000100111101100001101100011000101100010011101010101100101
011001000100011100101001010100101011101100100011000000010110100000011110001010100000000001111001111111001100001001001101111111100111100010101111010010101110100000000001010101100000
101111111000111010011011000001011110010100010100010001101110010010111010011110010110110011000000010100101100010111000101110110101000011000011011001011000110000010001011101101111001
010010011111001110001100001100011101110000100111101001000010100000101110101000110010101110111001100010000110100111000110011010100000000101101110000000010000011100010000000010010110
101010010111001101111010001010110000110100001000010101010011000100000000101110100100100101100010111011110101101001011101100000101000101001010011000101001010111101000010111001110100
011110110111000110111111100010010111000101110000000010010001011101111100110000101110000100010101111101000000101011010000101001100100010011111011111001100001110111010001110001110100
111011001001110111101000101010111100001011101011001101001011110101001110101101100100011110100000000011010111111110000010010111101011111001111000111000101000001111101001110001101111
111111011110000000011001100101000001001001101100011010101111110111011001001011001110001001011111011011011001011110000011000101100001000010000101011101100000110111111001011110011011
111110110100111001010000011001110010101010001110000111110000100011111010011010011101011111100100100001100100101010000101101011001000011001111000101110100010111001000011111010101111
001111000000101101111010100010100100000010100010101001010100111101100011110111110010111110110110101110001000101100100110011001110111001011010110010000101101011010000110011000010010
010101011110111001110111000111011001100110011100111111011111100001001011101110110010110010000111010111101010001111010000110111011101001101111000101011100100111101110110100111011111
110101011101111011111010110100100110000111100001101000000101111001101110001010110101110100010011110010111101010101001001111101000001001000110110010000100110111100101000100001110101
100011110111110111110101100111000110011111011011011000011111011100110110001011100000010010100011111001111010101011110000000001010110100111011010001110011001101100010001111101010101
111110000100000011110000101110101101111111100100111011010101010001010001000000010000111000000010101111101101010000001100111101011110010011110101100110011001110011001100011011010010
100011011101000101011110011101101000011111100010011110001111101101100000011111101001101100011100101111110111111011111110111010000001001100101001110010011001101100010100000010110011
100100000101001100101001011010010010100101110101011111111111010101111011010011000000001001000010110010101111111111111110111000001011101001110101010001111101000101001000010100100111
100000111100100011000010001000101111011011000001100100110011110011011100111011011000100011101000111001011111010001101110001110000110101011011110101111011111000010000111001111101011
110010000100110001101110110000111001001001010010100011100101010010010101100001110100001101111000100101110101101101100110110001001010101001110000101010101000110011100110100101011110
011110001100001000111010111100001011000101001101111100010111011011000100110100100100111001100010110101011000111101000110101101000001100001110111011010010001010110111110100110100010
111011100111000010101111110010011011011100101010010001001100010010010111010111010101101111000001101001111010101110110110100010011001101000100000111001101010011010001011011000100011
100110000100111101010100100001000000111001110101011000010110011110000111011111001000110101110111011111010100011001011000000110111100001001011110100011101011000110011101100011111001
100101110010110111001110111111100111110001000101101101000001110000000001000001110011101000000100100101100100111001110001010010100111101100100101100110001001010111011011101011010111
101111110000101011100010101011100100011011101111000110001101100101010010011100010000000111010011011010011001100111100101011110101111100101011101101101000011001100001011010101011110
111111000011010011010001101110011100110000000001001000010110011001011011011011001100000010000111001010000000110110100101111010000010101111010001001100100011100010111010011100101110
011101001111001111010001111101110101100101100011100010001000011001001001100101011111101010100001100001111010001001010111000110101001010010001110110111010110000110100100101010101000
100100000100101010101010001010101110011101011011101010010100001101010100100011100011010011110000010101000100000011100100100100010111001001111101100010111100110000011100111011001100
110100000001110110111010111011011000010010100110100011100100010110011111111111111111010011010000101000101111001011110000110110011001110010110110010001111011001011110000010010000011
101010110110000110111101100011000110000101000010000100001100110011101101001110101010101010011001111101000111011000000010110100000110000011100010001111000111000110100110111101110100
111110110010010101101111011011011111000011110110111001011010110100011000000010110101000111110000110010111010001010100101101100111001100010000101101111000000110000101010100101011101
001010110011010010100110100010111100101011100001000111111000110111111100110011000000001101011010001011100101011011011110000010111100101001010000110100001101011001001000011001000110
110001010011010010101100000000000001101000000101110000111100011001000110100000101100100100011010001011100100011001100001100100100101011110101110111101011011101011110100101001100110
101001001101100000000000101101101011000111110101110001100011101000111101011111101110000111101001011110011001000000000010100110101101011010111011001010000111111001011010110010111011
101101111110001101111010100110000010001111101100100000101101010001101000011110111001011110001011100010101010011010101011001010010110001011000011111100010111100000110001100111010000
000101101100001100110101101011010001110000001101111100011111101010001010101110101000101010101010010010110001010011001111111010101000101110001100000011000100101000000001110110111111
101001000111010101101001011101000000100110111010011100101110001000111100111101100101011001000100010001000000001010110110100011110010100111110111101110000000100001110100010100100111
111001101011101101011110110111101011011000110100000000100110110110011111010111101100110011111000010100001001110101010000111010000000000001000010110111000000110000101110001011110111
110011100001100001011001110101010101100011000110001100000111010000001011110010100001111101000011100111111000011000111101100100011100111001101001110010100001100000111110010011111010
111101001001101101011100010101001101000111100011111000110001111100111110001011010110011101010100111110101001111100110000101100001000111010101001000110001011000110001000111001100110
101110000000111001010010110011100110111011101110001011010010000000111110001101111101010111110101100110001010110000111110111000111010000001011000011001110010010001010000000011101111
111110001001000010000100111100111000111011000110100010011000110011010100001111001111100111011000101110110001001100001100111011011011111110101111011111011010010000000010010001110000
111001100101001001000000001001110001011101010111001001101000110010110110001111010001001011101010000110010110100111000001100110011110001010011010010010010010001101000101001011000111
001001111001110110001010100011110110000001000100100001000010000100000010001011111101011000010010011001000110110101111001010111101000101011010110111110010000101001000101011100111110
010111111001100011100100111110000101000101010000101111011011010100001000111100111001111011100001110010110101011101110010110000001110010110001111111001001110011110100000000011001100
010011011100000101111101111101111011001111010011000000110001011110010000010001010001101101010101001110001001011100111001101101101010001000100001011100001000010000000011110101001010
100110011110001000010010000100111010110111010101111010000011101000100110100000100010111110011111011001111011110110010101100010010111110111100011011001001111111100010101111101100010
111011001011010001111111110011011100001001010001100000101001100100110100101010101100011010001010111101101000010101101010010000010010010001101010011000001100011011110111010100001100
010010100010001101100010011101100101111010000011011011110001101110110101001011011000000101110101100011001101110000110000011111010111110001101110111010010101101000101001101010000101
101111010000000110111111111111001001110111100111111000001010010111111011111001111011001010111010101010101100101011010111111100101111001111001000101000011001100100010011010101111111
111011010010010000010110001000110111111110110110110101011110010001010010111101100001111000010110111000100101111101101011001000010101111010011001001010100111111101000011010000101011
111010010100010011010100000010101111110110010101101100101011111111100111111001111011000001000001111011100110100111010111010101010000100110110001101101011001001110001110111011111011
110110010101100110010010001010110011010101001111010100000100110001100111110000011100110100001010110010111101101010110101111011010011101111000101000011000110100010000100111001110111
101001010000110101001011101110011101110100011001001111101100011001000100100100110000000111010010110101110000001011011101011111001101100010001001101101111101001011011101001000001011
000110001000101000000101010110110101100011100010010000001111111101010110000110100001100110111101010101100101010010110001000011001101000000011011100110001001010110100110111010011110
110111010111101110100011000111000011001111011110101011111100110001111111000111111010011000110001111001100111010101100000010001100111001010101011110001001110011010100001010011110100
110010111110000010001010100101110111001010111011101111010010111100000111010011101110011101111100101101101011001110111000000100001010000010001001000001001100111011110011011000110011
100001010111110111000100000000111001000000100001101101000110010111101110010010110010100111101101101000110110010011011001101000100010111100100101011111101101011111010001011011010011
111101110110011100000011110010110111100001111101101111010111100100101000011110000011111100111010100000011011111101100010111010111011110011000010011101000110010001100011100110011000
101011100101001000101011001101000001101111100011111010011101101110010000100110101010001001111011011111011111110101011101001111101000011011111111011011110011101010011011111100000001
111110001010100101001001010111101100110001001000111001000111000010110111010111011011110010011100110000001110000010010100011101011111110011111111010001111001001001100001101001110011
000011100001001001011110110011100001000111111101100100000111100100001010101111010101100110110010100100000000101101000111000111010010110110111011110010110010110100010000110101100000
