110101010010010101100100100110001001111101101000100111000000
101000101100000101011010110001011101100000011000101101100111
001011111100100001110100010001011000000110011111111110010000
111010011101110111001011101000101111101101101100000000001001
100110011010110001100001000010010011100001001001110100011111
101101000011010000110111101101001011101111001110101010110000
010101001111101010011101001110011010000100111001010110001101
001101011101001110000111001011010000101100011010000001000010
010010100000101101011110100101101100111100111010010000010100
000000101100100101101011010100100110101000010001100010010100
010101011000011101001010001101010111100000101100101010000100
000011110001010010110100011001111001001001001100001000010111
010011100010101010100111101100000100000011101100000001101010
010011010000111111010111100001000010110010001100011101010010
100101101001010100111001100010100101001010110101010001110100
011101111100011101101101000100101111111001100100101101001001
110010001001111010011100100111101101010111001100000100111100
101111100001001001101100011011011110010101001011110110010110
110100110100001111010100011110000111001000001101111111111111
100100111101011101101011101110010100110011110110100111001011
010010111101000100001000011010010010010000100010110111100101
111111001101001101110101100110100101001011110010011101101000
011010011011100001100111000111100010011001101001101011010111
100001010101001101110000011101001110001110010011011100101011
010111010010110111111111111010001110110011101000001110010001
000001001011100011100000111010010001001001111100100001111011
001001110111111010101111110000011101100111111010010101001110
100100101000100100001100101111101101010100011101101111000000
111100111111111100000011100010100110001111011110010111101001
011101111111100101010011101000101001110111000100111000111010
111001101101001011001011010010100110110101110100110000111101
010100100100111101010110101011111001101010001011001110001001
110001110111011100111111000001000000100110100011110001011110
000010100111010001100100101100000110110001101101101110000010
000000000001101011010111010100111101100110000111000011101101
010110101011010101011010010010011001100001111101110000010010
011100000110010110001011111010001110101110000101111110111010
010010001001000111101101100111001000111001100011010011011000
100101100110011101100001001000101011000010101010100110111000
111101111110000000110011100111001001110010011110111110100000
