110010111010001000100011011110111001101111111011100011001110
100001001000001000101010011000010101101101001001110000100100
111010111011011011000101010111011110110100110011010000011101
000110111101010011110111011101110100111000001010000001101111
010001111100110011010010001000101010001111100000101100011101
010111011000001111101000111000011110110111001000001101000010
101011100000000111111001001011101011100100100100001011011100
011010001011001101101111111111110010000100010100000100111010
001010110111001110111101100110010110110111000010101011100100
011010011001110111111011110011111111000000111000101100111010
101010001000110110000111000101111100011110011011111010000000
101101000100110011111100000000001010101010001010111011111111
001111100010010111111010011110010101111001110011011011101011
100100100101111100011100110101111010111001110000100001011001
011110011110100110100000010011111111011110110001001001110000
011100100110010100010010000111000010011011011100100000011001
001000010101111000010000101001110111000010111001010101010100
100011101001100010101101001100010111111010100111100000011010
111111101100011000001000100100111111000101101000010100001010
000101101001000110110011100110100101101010000110010010101010
111010100110101010111010110001011001101000011111100101111100
101010101001010000000110110111001111101101010101001101111100
000101010011010111010100110000001110011010011101100011100010
000001100100001011110010100100101100011001110100001011011100
000101010111011001011101110001101110011101010010110110011011
010000001011010101110110001111101000011000010011000001110110
011010011000100000111000100110011110111010111111100010101101
010010000100100111101110001000001011101110000101000011000010
110111000101011001001011001011010100101000110001011001111110
101000011000101100000111111111001110011010011010100010100011
011100000101110010101100110011110111001110010110111011111100
001001010111110000100110110001011100100100111000010110111111
001100000101001000011101000010101010111001010010100110011111
010011100111101010101101001000000110001111110001010101000010
001000100011011110111010110011001000101000111010110111101100
001010000010000101001011101100110011010100110010110110110000
000111100010001010000100010111010001111101001110010001110110
000011100011011101000010111011110010001110110101111110011101
100001101110001100111000000111000110000001011011111101010001
001100101111101100001101011101100010001100010101110101000101
