100110000000011011000101101111111101011000011010011111000011
111010011110111111110000000110010111111000110111110010110001
100001110011111000101001011110010111100011101001011101110000
100110001000000010101000100000101100111101111000111000011010
010001001011010111001110001111100011011101000110000101101100
100010000100010111100011111100100001100111000011000101010000
000101100011100111110100111001111100101011010001001001010100
101111101010011111011000001001101011110011010011001000001010
111111110000110110011110110111111101011110101100111000010001
000100011101011101111011011000100011100000100011001000111101
100101011010110011101000010010010100111101000010110110010111
110011000100101110110100110001011101001011000011010010110101
111001000010110001110111110000101011100000101101100100111011
011110000100101110100001101111110101000001011111111011010110
111010111010001000010110110001101101001011100010000110001100
101100100001100001111001011110101011000101101001000100101111
101101100110101101111011001000100011110100000010100001101000
110100100111010001010101010010011111101110111100101110110010
000101001001010101001010010010000111110011111001001111000100
101001110100011001010110111011001110001110010010011001001001
011101001001100101100100100010100010000010000111100111001100
110001000101101100101101010101000011110001000100101100001010
101110011101001110000010001011101001000001011001101011000100
011011100100100000101000011101101111001001101111001011101100
110100111011101111001001111010000111011110100111011101110001
110000110001101100111111100100001101110111101011010010010110
000010001001010010100100011100111100100111100100110011110100
001100000101110101000111000000011110010001010110101111101111
011011101010110011010001010010010001010100001101001111110011
110100000110001101001111001110001010011011010101010101111111
001110101111101101101010011001011010010000110100001010111111
100110100110111100010110101111101001100101010111010100111100
100011110110010001000111101110101010101110101011101100110000
100010111100001111011111000110000101101100010000101001110010
001000000100111010010111011110000101001101110001100011010000
001110100000110000000101101101010010111001110000000000011111
110011100011100000110111011111100011010011110100001011101110
010010110010011011100101101001010111100011011001001001110011
011110010100100110110000101110010001011011111110001011011100
000111101111000100001000000001010111110000010011010000011101
