110101111000001101011011111001110100110001110001001110000100
101100011010011101001000110110100111111101010101110101001010
001100111001000111110011110101010101101100000000100110010100
100010100100110000000011010000101101101000100010101101011101
110010110001111111100101100101000100010001101101100111011001
110100111111000111011110001111001001000000011001110111100110
011011010100011100001110100111100000100010101111011111000101
011001101010111101001101101000011111000111100111100101111001
101111101011001011110001110111000100111011111111100000100101
011110101011010011000101100101111110111111101111001011011011
000010001111111001001100101010110101100001101101111100110111
101001101011110101100110011000110101111001001010110011110011
111011000100110101101011110000110100001011000100101010001011
110001111000111001110111100100101101011101000010100110110111
110010011010001110110100010011101010001011110110110111110000
011100000011000000100010100011010011011010101011011010101111
100101010011001101111010101011011010110111010111001001011011
010111010100010000011111011101000011000010011101111110100101
101011010100001010110000000000010100011011001000110010011110
110000001101011110011100110111100010000101011100111010010110
000111110101110000100100100110010110111110111000011010111101
010000100110110110011100100100001111000111101011111110011010
010111100101001011001111110111001010100100110110111110110101
001000110101100010010111100000110000100011000111001111111100
011111111111110101111101100010001101101000111101110011011011
001001001011001110110100010001001011100001100000000101100111
101011110101000110010110011011111100010110001011101100000110
011001010000101100100011101100100111001010110100001011000111
011011000010111110001101101011011011011010011111011100111110
011110110001101100000110100100000110101110110000001110001110
011110110011000001101010011101001100010001110000000010101101
100000001110001001111110001010001101001110000100010110010100
010001110110111011000001010110011111110100100001111011110101
100101101100100101101100100101110101100100011100001110001001
010011111001111110111101110100111000100100001101001100000011
111010100111000101101011000000110111011111100000010011100011
111010111011011101011000100111110010111110001001011011110100
110100110001010101010111100110101001011001001001101000101011
101110010011001111010100010110110101011100001010001010000000
011001000010000001001010010110101010100001110100110000110001
