101101001011001010010010001101001011000000011011011101101101
010110111111010110101110010010111001100110100000100011001110
000111011110110100111011110111010011100100111100111110100010
101111011100101011000011101011011101111110111010001101010111
011101010001011111100010001111101011000011011111111111100111
010010111001111000001100111010100110110000101010111000000111
100011001110100100111101001000110001001110010100011101110111
100110011001011101111100101011101011011111000000101110111110
011001111100001001110111011000101111000011101011001101100111
100111001110001111010000011011110101100000111010011111000011
010011100010110110111011010000101011100110001110111111011111
000011100111000010010011010010010000001111111111111101000100
111101100111011000100010100110000111101101100010110100001100
100010100011100001010001111101010000111011100111110100111010
101011111000101011010110101110110100000101001010100111100100
011111101111000101111101000010001010111010100011010101001111
111100000100000111110001101110100001000001101101110110001001
101001011100110001000101110001101000111101010101010101000000
001100110001000100011110011011100011000111101000011010000110
011101010101000110100110100001101101001110011100000001110010
001001010100100100100100111011001110001001010110011110011000
000010110100110100010000101011100011100101000000011111101011
000011110100100001000111000011010001110110010011110000011101
000011001100011100010101110111000101110000001000111000000111
001000011100000100000101010011011001100100010101011101111100
110100110101100000001001000000010010001101000001011100111110
111100100000010101100000101000001000111010011000001110001000
000100101110100100011000111110011100110011001001111000111100
101011100010000111111110100001000100000001001100100010110100
101100000000010000001011010100011011010110101100110110101000
010011101110010100100110100110011100000001100101101101010000
111100010001100010111010001001001011110000001000101001101101
001101110110010000010001001010010111100110011001110101000000
001010011100110001111111111000000101011011011111000001100011
001010111000110110000101001010010011101111111001110010011101
000011011111110010000010001100100100100100000011001001001100
001111000111011001010000110111000111001001011000010001111000
000100100011110000001100101111001111000110011100110111110011
010000110101100011111110000101100101001001100011110000111001
100100000101110100100011001111100111110101001011110011000110
