000001001100001110101011100101010110001100111000000100101101
001001101101001111010100101111010000110001001101011010000100
010001011001110001111100110110010011100001101111000001011001
101010110010010111101001001110111011101001111111110100110000
001101110100100001011001010011111000000000110101100000001101
111000110110001011110101101100010101100110000101110110110110
101110010000100101101101101111011010100110011010110000010111
000101001111110101101101111010110000101110111110000000010101
001010101000111100111001101001100001010110111111101101011110
000011000000100011110100001101101100000001000010111010011001
011111001100111000011000001100011101110010001100000010011111
011000101111101011100001101010111001000100101000010111100110
010111011001000101000000111010000111011001101110111110101110
101011001101100111101001111100010101111110101001101001110001
110001000110100100000000000001110000111000010000010110101001
100000111001001111010001010111000111011100000110010000011111
010101010010010001011000000100010111010001111111111111001100
001100100101110010001110011110011011111010100010011010100111
110111001101011011010011111010001110000100011001010001000011
110101101010000111101101001010110111000010000110000010110010
011111000001100001110100111001101111100111010101001110001011
000110111010111011101010010000101100110000010000010110110001
001000110000110001101101110011110100100111101111101101110000
011111111100111100011111000000010111010011110001111111100000
110110110001011100100001100100101011100111111000110011100001
101010111100011100011101000011010000000010000110011011111101
001010110001100100100101000010001110110110001101011011101111
110101100111110000110010101010001011010101000001101100011001
010110111110110111100000010110101101000100011000100010100001
111110101010011010000011111111000010100100001110110100010001
001111011000000000010101010111110101011101100011010011101110
101110100001101111111111011001100100000100100111100110011000
111101011100110000001101100000101011110101111110001001101110
100111101101010001011011100001001000011111010011011001110010
011000101000110011011110111110011100011010101000010101011010
010000000110101001101000001010110000101110001011111111111111
011001000001111110011000100010100100010010011001010001111010
101100101100001000111110101101101111000100010000111100010110
011011100101001000110011010101001010111010010001011000101101
001010100011001110110111101111101001110101100010111011101011
