111111101000111100011100110000100100010011001000110010111000
110001101101011101000100000111010100110000111110011010100011
111110010110101100101000100000110011000110101100100100011100
010110100010100111000100001011111001010001100001100011100011
100010100001110011001101100101100110101011100101101110110010
011001001001001011111010011111000100001100011000010111001110
110101000001001011101100101010001010101101111011111010100101
010101001001011001100000101111100110110111010101101011101000
101100011110100110000101001010001001101000111001111111011111
011110000111001011000100111011111011010101101001000111111100
100001110101101001101010001010001011110000011010111110110100
110100011001110001001111111100011110100101000001000101001111
010101001101111101000011101101010110110010000010000101000100
100010101001001011101110100001001101111000101110100110111011
001000001110000100000100111010010101001100110011001010100000
100011000011101011111010000111110111011001101110100110110110
100010001000101100100101111001001111010011110001100001001000
001000101110101101111010111001111101100001111101001101001000
111011011111100111101010000000010111100101100010011110010000
011001111100100000011001010100111010111110110010000110110101
111100100001110101011101101100111011111000100111010101100100
000111111101011011001000101010001101010100000110110111110111
111011001100001100001111000101111011001001000011101100011001
101011101001101110011011000110101101001110110110000110001001
110111011100101111101100110101000000000100110011100110101111
001011010101101011000111111111001011101110001111111101100101
010010001101110101111010011101100010001001100011001011001011
000000101101100010001010011000011011110001101011111111111100
100010011001101011100101001100000000000100010010110110111011
010010111111000100110010011001110010100001101101010101010100
000010110011001100100010100110000000011011111011001100111100
000010001001110001110100010011100000011110100001010001110010
100101001100011111101111011101110110011110001101110101101011
001100011000001100100111001101010111101110100000101010011100
010111111001010101011000011010111111101101000110101000110110
100011101100101111100000100111000011111111110000001100011100
101111001010111110001110011010110100000110101011011011111110
011110011111010111000110100010111111011000111010101110001000
001010001010000000001111100100100110011011100001011010110101
111111011110010011101001000000001100100011000010010010011111
