111001110111001111111101000010101001110111000111011100000001
110110111011100001110100001010011111100010010111000001111101
111010001000100101111010000010010001111010100110110010010001
000001111101100110000000111100010000010100100001000100110111
000010010001111000110010110001001011011001110010100101000001
011100001100110110011000010010011001000010000101101010001001
010001001010110101100001001100110000000110101011110011101100
011101010000011101000101011111001100000101101110001011011000
101000111100000110110000100001010011100001110011100110001110
111001000001000101010100000110010011001001100101000100111000
100101010010001110010011000100101100011100101010001010111101
011100011111011001101111111100010000101011101001101001100010
101111100101011100001100011001010101000101100101100110110001
110010010011000000011101010100100101001111101101111110011011
111010101110111111010111110100001010100100111000010110101101
100011011111011010101010010110110111000010001101011110000111
010100001101111101000000101110011110100111111010001101100011
111110001111000111000001001111011111010011010010101010000010
001111000011000101101010111000110110010110110000110010100110
100000011011101000011010110011100101110100001100101001110100
101110001011110101000100000111010011101110001101111101100111
100111110001101110110111101010111011011111111000011001110100
100011011100101101001010101010100011101001100111101111110000
010011111111101010010000111001111001001010110010111011001010
010110101100110000100011011010101011001101000111110001001010
110110100100100100111001001101100101010111101111010111011011
100100011011011011101111110111011001111100010111110100110101
110010101001001110101010001010000011011011111111101101111011
110111000101011111011101001111011111111101001001001001011110
010111110111111110011000110001101101010101100100001100010100
110010111100001011001100100001100110110111011011010110110100
000100010000100110000110111000010100000111110011011100011011
100101101110010110101101011000001011100110000010011101001111
011110010001111011100010000001010001101001010110000010100011
000001001001000010000001100000010011011110010110100010111101
110010000000001110100011010011010000110011010011101011011101
111010100110111111000000000110110101100110100100100000110010
010010010101100001010010011011010000100101000010011011101000
000111011100010100110110100011100100001010111010011000101010
111011110111101100010000001111110011110010001100011101101011
