100001101011010001110011110000000011110101101100011001000110
101000001100001101011100101100111010101101000001010111010111
101010011000001110110111000101101110101000111001001100011111
011101100111101001100011111011010011110000111000000100101000
111101001111011101000111100101001000010010010011110101100111
100100111101011111001001111110111010001100000100001101011111
010110010100110011000100100001011110111101101010000000001000
111010011110000110011000011010000111110010101011010111111001
111110111010100000100001111001101111100010001001010111000110
110110011111110100111000001010100111110011111100100010011011
100010001110000100110100110001000011100000110010101110110110
110110100101000011001001011011010011000110011101111000110010
011101111110111111111101001011100101000100011001001110111010
011000111110000001111101010111010010110000100001110010001010
110001101101000101100000101101110111010111011000111110100010
111011110110010100110001001010110100000100010110101001100111
111010100010101111101010011011101111010110000111010001001101
010011000111001001101010010111010111100010100000110110010001
100001100110001100110111000011101000001111001111100110101011
111111111011000001101110100110001001001000000001001010101100
101111000101100111101010011011011011101100000111100000010001
010110111010111001111100100010011001010111001000001010000000
110001000010010000011111101011010111111100101001010100101111
001011111100100110111110010110010101101101100011101101100101
010010101001010111111111001101101111000011011011111011111011
010000100011100110010100110010100010110100100100101000100001
011111100010010110111001100001000110110011101111011110011000
110010001110001010010101001101001011000010101110101001011100
001110110001110110011001101111011100110011001011111000000001
100110101001101011111100001011010100011011010101010010001100
111100100000011101010011010001000001101010001111110100100000
010000010110011100110110011010101110110100000001010000000001
011110010010101101011011001100000101101011101011000001000101
101000100111000111000011000111110110010110101010110010000000
011100101010110111111010011110011000011001101011111000010011
100100101001011000110000100110001110010101100100010001000100
100011111111110110101010100010010100111000100101011000110010
011110011011111000001101100101111110101010000100110101111011
011011001000111001011001000011010010110101001110010100111101
010101011011001101101101001101100101110110011010010011010100
