110100111111011011011101011100011100010111011000010110001010
111111011111110101001101000100111011100111101100000010101100
100011110011001010100101010110001011000101000101110010011011
110101011111000001000010010110101111101101110110110010110110
101001001001100001100111000111001000001110111010111011011010
001010010101010111101101000101001111001010111010010101111110
011111000000111100100111011101000001101000011101001100010000
100100011010000011110001110110001110100110010110000100010001
001000101010111110101001000111110010111011010010100100111011
000010101011001111011000100111001110000101111110011001010101
101001010111111001101110011010001000010111010010101000001010
001001001100011111010111010100101011000000011000101111010010
010100110001110010110010010100100011110111010100001101011001
001010110100010010101100101110010110011001001101011010001111
100001111101001111001100010110110000100111001010110100010010
001010010101010111111001010110000110100101110000110110010011
010101011000100111010100011111011011010010000110111001000101
010111000111100110110110001000011100000011011000110100110100
111000111000101111011000011011100011010101000001111001101110
010111101001011011010000000111101111111010101011011100010000
110100001000000111110010010010011101001100100001001110100100
000111100100110111101010001010101111011101001111001101100011
110001110110001001001110111010000101001100101011010101010100
100000111011110001011101001001101101101000010010110000010001
001011110011010100100100001001110010100100110101111000010000
110101010110000111100000001011101100101010101110110110000010
100011101110101001110001000100000010011111010100100100000000
100111011100011100101010001100001110101110010110110111111101
100110101101001100001111001011101011001101111010110101110110
000110001100011001100100011110100011101000100010010010101001
011000101100000010110111010101011100000101011110010101101011
010000001010100100011111000011010110010001101111101111000110
110111111111001111111000100100111110111011100110001010010100
010110101001100101110001100111101001110010000000000111100110
100001000101001100111111000101011110101011101001100000011101
101101111001110000101010111011110100010110110001010100101001
001000110101000010011010110000100000011010001110110001011011
001011101101100010110111101110011111000011111100011100001111
000100001011000111101001100101101111000101110010000110110010
000000011101110110111100100110110100001010110011110110000101
