010110011001111100010011111101101001011110110010001100001101
010110101111010110101001110000010100000110000110101110101011
111010000100101111101111011010000111110011100000010011110011
000010001010100011000010000111100011100001011010000110011101
011101101110100001000110001111101101100001101111100000000110
010001000000010000101010001011111011001001011011111100010011
011110111110100000111101011011101100111000111110001101110001
101001100101001001100001001100101101010001000011111101111010
011001100110010000001101001111100001111110111011111100101100
110111010010001010110111101010100101011100110011011001111111
111011100001111010001000100110001000001111000001010110110000
111100111010100110010000000110101010111000010110000101101100
000101001111100011001111101010101110101100001000001010101000
111101001110111100100111010001011110101101111010110110111000
000001011001110001100001001110010011100000001101001110010001
001111001001100010100011010001111101110000011010111010100001
011111111001100010000000000000101011011010001001010011000000
100011101010010001011100100011010010111001000100110100111010
101011001111001100001110100111110010110111010010111111001110
101000000110010110011001111011111101101110110001001111110111
001000110110100100101101010011100000111000100100011110010010
110111101010010001001010111010011000100000001111111111000010
011011010110000010110101000011010111110000011000011110001011
100110010111010010110001000010010100011001011001101101101000
000001100110101000101001101010111011011011000001100000110100
111010001101100101000000000001110111011010011111010110001010
101110010000101010000000100000101011010100000001100001010011
111010100111011001100111100010110111011011111000011011001001
101101001001011010001011100100011001111101010110010100011100
011001111011100000111110101111100111011110101100100110111011
011010110110101010101110010101110010111111110111100101101110
000101000100000110010101110011110010001001111000010011000011
001100110001100010000000001110110001000101000010010010111101
100011010100010010011010001010101110001111011000011011111000
110101110011001111010001110000010011110110100010001100110110
011111101111110101100100000111110010011101100100101001011101
100011000010101111000111100011111001110001010010000001101011
010110000100000111010000110110101000110100110111000101101010
110000001111111010011001001111010011010000101011111011011010
010101111011111001111001010001100111000100101011101011111010
