100111110001001101101000110011101100001101010000001101111010
000110110001101110001110010100011001100010000100000101010100
110100101001111100000011011000010011001011011101111010010101
110000111110010100001001011110110101100111100011001000000110
001101100110000011001111011100101111100001011011110100010010
100110011101011111011000111111100011110011000001011111101110
110100101011101000101101111110010111011101111111111000111000
010111110011101101000111001111001001101110100010001110111111
100101011101110100101001110000011001001101010000001010111011
101111010001101111100101110000101000111001001111110001001110
000000111011111000011101111010111101011011011101000011011011
010011100010000111001110011110001010110011101100100001101110
001101110000001010110100101001110101011010111000110110010111
110001000100011000101111111011101000111010101111101000101110
011110001011110011100111101001010101101000000100111100000000
101011000010011011001000011101011000010111011001001011111000
100011010000010001001000010001111001011101000001000000101100
110100010100111000011010000111100011111000100110110010000001
010111011010010100001010010010000010111111110000011101111111
010010001011011001011101111011010101011011101111110001111101
111111000110101010011111101100100011011011100001101101100110
111000010001100001011010111100011011111100000110110001110011
101000010101000010100001011001100111100001101000010100111111
001001110011110110011010100110000010111010011001110011010101
111000111001011111100110101011110101111010000010110111001101
000011000111000001000100000011001100010110111001100100111111
110110010000010110000110011010011001001111011000010110101110
001111001101111010100111000111111100010001110011001001111011
110101010111101110001100001111100000100001101110010100111011
110011111000000110010000011010010001100000000111110101100000
000111110000100000010011100011000110111011111010110000010011
010001010011001101010010110011000110110010001001001100101001
110111011000110010001010000010001100111001101101000110011001
111000000100010000101111110000111001001001110000100111101011
101000101001110011011010001100101100011010001011110001011100
000101100001010000000010100001001000011001001110111011101011
100110000110100010100011110100011101010000010011101110011100
110001000001101000010000000100000100111100111011001010100101
000001010100010101111100010011111001111110000110000111000100
000101001001110101101011001010010100010010001000000010110001
