010010111100010111001010000100101001110011000111001000111110
000111101000000101111001111110000001110011011010001011001100
010011100110011101110101101000011001011100011100010101110100
010000000101000000110100111101011100000000000000111011101101
001110100001111110010110010110101100011011001110000101010110
100100001100110111010100010010000111101100110111001001100100
111100110110100000101010100111001111000001011000110000101110
101000110000001010010001011101011101101101010001011010100010
000001100110001010101000101110101101001001101101010000000001
111010001110010100110110000100100111000110110111010100111100
100010010100101110101000010000100000011100001110011001011100
001111010001010001011111110000101111101011100010111101000111
111000000010000000000110001101010100001010100111101001000111
011001111001100010110101000001011010011001110011110101011001
001100011001110010101100001100001111111001110011001011100011
011000110111100100011111010110000010111011111001110001000101
111100010101011010111110001011000000111101000100010011111010
000001101000010001100100101011100000111111110011101110110110
010100001010010001000000101001110111101100110011001100011001
010001000100110001000010011011000100111010001100111110110011
110001111111011011011110101111110010110010101001011001111111
011011110011010100110000101100101101111100010101011101101011
110011010000101110010101001001100110101011001011001000001111
111111111110010100010110111000010100011101000001110011110000
101111101100011100011100000100000100010000000110110001100111
011101100011001000101110001011101010110010001111111110100100
101001111111010101100111011110100110010101100111100110101110
101110101111001011001110001101111111101101101011111101000011
100100111011011011101011010101000000011001000110111110100011
100001011110000111001100001111001000010001000000101100100111
101111100110100010101110010100100011011011010110100101111001
110001001110110001110111101111001100000100110110111000100101
011010010011011111111010100011110001111001011110100011010010
010100100010111011101100010100110110010010011101110101011100
001101011101101000001010101110101100100100101101001100100100
100101000001001001110000000010110111100011000000001101011100
110111010101100010111011101000101100101000010111001011110101
001101110100001100100100101010000101100011000000111010000000
100011101001011100110010100011001110011010110101000100111101
101000101011100010100100100110010101100111000001100011000110
