011101010101010001110110011011110010001001110110101101101101
101101100110100100011110111011101100010110110001000100101100
001110011011011100100011000000100111001001101000010100010010
100110110010001100000110111001000101100110011100101100100101
110011111011000011000000001111000001100011110000110010111101
100111011100111001000110001011111100011111011100000111110100
101100001010010011010011101001000111010100110001110011010001
010101111011001011001110000101000000101001000110001111010011
100100001101011010100110110110110111010000110101100001001100
101000000101011110011100101010001011000111100010101110011100
000010101011110111100010000000101011001101011001110011001110
110000100010000010101111100110011111000110110000011001011010
000001100110010010000101000110101011000001101111000110010010
111011111111100001111011000101110011000111010110010111001010
010011011011001011110001010101111100010000110100010011110111
010101110100010010000010001110100010100101011101000110100101
000111011010101100100001100100110101001000111000011110001110
110001101001101000000111101111101001111111010101110000100111
100111111100101101010010101001111001010100100111000000100101
110010011000011100001111110110011110101001000101110101111011
011011111100000110001100010110001000111110011001111010101100
011010001100111001110011101010110001110101101001101010100000
000100111101010001101010110110011110110100110010110010111111
110010001111001101111101110010110101110111101111101100010111
010110100110011000101010001101100110111101110010101010010001
100010101100110011000011011001000001010100010111100111001000
000100010101001011011111001001001011100101010001110100001000
000011001001011011111011101000001000100101001000011011001110
100001111101011011101110011011000000101000010010110000101010
111100000100001100110001011010000101111001111111011110011101
101111110100111011110101011000000000000000101100100000001000
010111101101101011000101111100100000001101000010101100101011
111011100101011101000001011111101100111100100101010011010110
011011110111110001011100000100100111111111111110011110001101
110111100000111110011111011000000110111111011011100000101110
100001000110010001101000011000001100001010101100110001010000
001110111110101011000010101101001011000000110010010101001111
011100100011110001110101010001101111001011000111110001100111
011010000110000100100001110110000111011011100111001000011010
011000100110010101111011101100010100000011111110010111000110
