111011010101111111111011101101101101111101111101100010000000
001001000000101110011011100011111101011000100000101110101110
000110001101101101001000001101110011001101000101001011000010
101010101011011100000001010010101111101111101000010101101100
011001001000011001110001110011000100110011101101001100101001
100111010001101100010110001100001111001001011000100010010011
011111100101100110100111100111111100001100100111000010111000
001010010101100111110001101101100111111010011000100001001001
000000100101011100011100010101111111011000010011111101100010
101111011100110101101000111010011011010011111001010101110001
001011111101011001010101001110001111110010010100111100010010
011110001111010100000110001011100111100010100111011110010001
011100000000000001001001100001010101100111010001010111011100
000011100111011101000100111010010001001100110111000011110111
111001000001110110100100000111100001011110110001001000011111
100110101000001010000111001110110101110011101000000000011100
000000101100101100100111011001101101011101111101010011111001
010110010001101111011110001101010100010111001100000000111110
011110000011111101110011010100110100100111111111010100000111
111110100111101101101100011111011111100001000000001111100100
101101010000011110111001010000110101001000111010110010101111
001001010111001010010001111100010001001101011010001000100100
111100110000110100111000011111001111100110000000010010011111
001100010111101011100001111110101000010010010000000001101100
010100000010110111001010100000110111111111001100101101110011
100110111111111010011101110010110100000000010000001110001111
010110011000101010101100001101011101010001000100001001001100
001000101101010101111011010100100001000011100011000011000101
000110111000100010000101010111110010101100111010110010101101
101011010101110110101101011110111100110100000101011101001100
101001000011101110011111001010110110001010110110101000100110
000010100100110100000111011110000000100101001011001010110101
101001100101110010000111100111100111110101000001000001111011
110111111000000001101111111001111111111111010010111100101000
011101101110011111011101100001001010000010001000011011010010
110000101110010101010100011111111011110100110001000001110101
111110100110100010111101000011011000010101010110110000010110
111000100010011011101001000011001110000011110001000111101101
001111000110110101011100011100011000111011001010101100111110
001110101100010101111101110101101111101000100111000100001011
