011101001000011100011101111100000000001101111101111100110111
010110000000111111010101011001001011110111001011111011000110
101001001010000111011000011110110111110111100111011010101000
001101000100111111011101011001110110011000110111110011100011
011110110101011111010101010011111001100010101111110001100011
011101111101000111010101010110000011111110010001000010101110
110100000101111011110001111011010110010110010111010001000110
010010111111110110101110001001111100000100111110110010100101
010111100010101101001011100100001110000100111001001011110001
110110011100011111000001010010000101110001000111100000110011
100111111111001000000110110100100000100100010111100100111100
001010001110101110111101000110101010110001011001101000101101
101000100010010110110111000010010111101101011010001000011010
110110110110111110110111110101110110101010000111111101111111
110101000011101010110110011110111011100111101001000000010111
111100111100111100111001101011000000011011000111111101001100
111000100000011010001111001110001100111000000110101000011101
110111000011010011000010111100110011001101110100100010011011
100100111111110001010010111001101100001110011001011110001010
111000111101100111110110000100110000001100000000000110101111
111100100000011000110000111011100101011011111110100000001100
001000010100100010100011110010100001000110010101011000100011
011100110111110110100100110000100101001001101000111111111010
001111010111110001111100000010001011100100110000101000010100
111111101010011100011111100000000010110101010101110010100001
011110110100010100011000100100100101110000010100001011110101
001101111001110110101000111000010011011111010000001110010011
111000001101000001001011101000010011000011110010011100011011
010110101010011110110000001001110101010010000110010111111110
010111011101111000011010100000010001001000010110101111100111
010011001011010100010001110110100010001011101100001001011100
011010011001001100101101111001101001111001100001111011011000
001101101100111110111000111011100011000101100000011101011111
001100110101100010011110111100011011110001110010001100011101
000010010011010110010001001001011111101001100001100010011110
011111110101001110100100010000100010011000000010101100111111
010001011100100100000010100001101011100001100111110010001101
111001100111100111001011011010111011101100111111110100010101
111000001100101010010001010011111010011100101101000111010011
011101100001101110100000110101101101011010010001011100100011
