000001001001101110110110010101001100111011110011011110001100
110011100000101111100010001010011011000011110110110111101000
101101001010000101101101000010100001011101110001010001111000
101100000010001010011011110101100001010101100111100110100000
110110001010110101111111001000001101101101101001110000101001
101010100001000010111001100010111101010111000101101110001111
011111001001110110010111000011000100101100001001100101011010
101100100101001110010101111000101001000111010111100011000100
000010010111001010000100110100011011001010011101010110011100
011111001001001111111100010100111001011100000110000010111000
000111011010000001001111000011011000111001000011100111111111
110110101000001100111100101000110101110110000010111100000011
100100110010110010011101110010000101001101100100101111011010
011111000100001111100000000100001111101100101100110111010010
010000011011010000001000110111111010110110110011111011111001
110111110010110110100111110010001100001101100001100111100011
001100101010110101010100100100001100011100110010110110111101
100010110000001110110011011010011111001001110111110111100100
010001000110000111011010001011111011001000001110100000101101
100100101000000010011101000110101001000011100111011000010101
111011100100000010100000001111000110110101001011111100000011
010101110111100011000101110101110001001001010111000111100001
110011010101011110010111010110100010110111011010000110101010
101000010000001000110001000011111011100010101000011011111000
100110110101101111110001001110000001100011111011100110100011
101010011100001000110000101010010111001111000100111110000100
010010101010111111110011001000110101001100010101100000001100
111011101100100111000011101100000010011000000111101111110110
111110010001100100111111011110101001001111101011011101010111
000011010100101110111110010110110100101101110000010010110000
101110111001110110111110001100000110010000101110110011001010
100101011001010101101000001101101010001011001100010110011101
111000010010101100000101000000101101000000111011010001010011
111011001010011100100000011100011111001000111100110101001000
101110001100011001011101111001101001010001000000111000011010
001010000000100001111111100110110110001101000011111010000100
110001101110111000110110011100110010110001100100001001100110
000011000011010110110011010110000000001011001000001000100000
010001110001111011000011001110010101111000110001010000010010
111011001011110011110011111010010110011010111000110001001100
