101000101001111011011001101000111111101011001110001110010001
011011001011011101000011011110110000011001010101000011001000
110010010111010110111001100001100010110111010001010000000001
111101110011010111110011100011111000101010001011001111101001
001110011011111000100110001110001001110000110110100100011110
010110011110110111111011010000101011101010000111111110101111
100011100010110111000111101000000101101001111000000001000111
100111000100010111100110011011011111000001000010011001101110
111101100010010101000001011100001010010001111010110100111110
100100101011100110111011001010001011100001000101111000101100
001111001001000010111011111010011001101111100011001111001100
101010000001111011100000010110100010111000101111011000110111
111100001101011101111010000111011001001100100111110001101001
100000100111110110000001111011010001110111001101010000110100
011110100011111011111011001001101111000000111100110101110110
010011111111000111010000001110001111101010011011001010100100
110100011001010101110010001100111011010010000101011111010010
101001001100101000110001011001110111000110011111010011101100
011110010111011110100010001100010000011101010010100011111010
111000100110000000010001100011110101011101000000011100111111
100000010011111011111000000101101101111110010000111000110110
010000101111110001000010000001111111011111111000010010101011
110010001110100000101011010110010011101110000110101010011010
111111001011111111010010100010101010101001011001001111101100
100110011000010101010110010010010001100100010010111001011000
000011101001011001001011111101000000111011110010110101000010
111110011111111001101011110011001101101001011000101101110000
100010101100010000001110000010001110111010110011001100001011
010011001110111101011010100110101001001110101011000011010010
011100011001000010010001001111000100100111000101110110111000
010111111100110110101111001110111111101011110101111101001011
011111111010100010110001100010001111111011010101110101101111
100111100001101000001110100000010011110000011001000010100111
011001001111000100111001101000101101010010000011000010110101
101010101110011101111001110110111100110010001111000010001111
010010110001111001110010001011000100111111100111101001000010
111000101101111100111111110001110001100110010100110011110011
011100001000001100101100101000000100011111100011010011100110
001111101010111101000101010101010010100010110110110100011101
011000111000101101001111000101111000101110100001011111111011
