000010111100011000110011011100010010001001100001101111000011
000011111000111100111111011000010000010100001011001100011011
000100001110011010101110000110010110001100000101101010111010
011011101001000010000011001001111100101000101001000001111101
000110110001001101110101100110010011100100101111010001010000
010100011000111110011110010110011010000110100010001010001111
011000100100110111000111101000110010000011100110001000110000
110011100010100101100110000011101010010000101110000101011111
111110000100111100100110011110101011010011000000111110000101
110001010110010010101001001100011010111000011111100110100110
100010000100100110001111100110100100010001100000010011001101
111010010111100111010000111111100011111011100111000000111011
011010101000100010011101110111110001011011001010111010001011
110110000110111011011110010001111100010010100010111101111000
001110011010001100101000010101000110111010111010111101010011
110000100000111110010111100110101001110001011111010001010101
000010101011110101111101110110110100101110110000101111011101
000100011111010000101011111100001001001110101111100101001001
010110011110001100000001000010101101110101001001111100110110
010011001000111011100011111111001111101110110010100110110011
000111110011011100000100010101010101111110000111111101110000
101000010110000100001110101011010110011010011100000011101010
100101000101110101100001000100011110110010011000110001101100
111010010111111100101101010101110100110011100000111001011101
111111010101000011110101000011010110110001001011100000101001
011101001011100001001000111001100011001101101000001110101010
001111100101011110100110100010101010001000101001111000001110
010101000110010101010011101001001000001010101101110011011000
010101110111010100101001101100101111111000011011110110101011
100001000001111001100010011100000111111010100100111010110010
101000101100110000111100000100110001100000011110110001011010
101010001011101010111111001001111001110110011100000101000000
010010010000011111000111001101010010000111001111101000101001
100111111101100110100111001101001001101000000011001011010000
001010010000001011000010011001011101110101010100101010001110
111000001111110011101001101011010100110001110011011011100010
011110101011111010110100100111000110110001010000100011100101
111110111001111101100101011100011000110101111010101111010011
100101111001111011011111110111011000101000110001001000100111
110101110011010111011110010001111000111010111100110100100101
