010001101111000111000010110011001111001101001110000101110100
101010010100001111011110001100001101111011001111011100011100
110000010011110101111110110000100101011010100100100111111110
010001001111000011000101100111100101011101001011100111001011
111001010010100101011011001111110000101001000100110100111011
000001101101111100001111011000000001101110100101111101000101
101000010111011100111000001000011101111101010000001110000001
100100111110011000001011100111001111011011000001110110100100
110011001101110001110001111011001000000100011010011110000101
111111010001111010101111100111110110111010110110001010011000
110111110010001001100000110111100100100111110101010000100111
101101000111110011001000011011100100111001110101000110101011
111100111011100010111100100100000110111010110111001011010011
000001101011011000100101000101110101100011100100001101010110
000010000110101010100101110000100111000100110110110110110100
000011011011011001101111110100010110010101011101100011111100
010100111110001011010111000100011010011011001011011001010100
111000111001110101011101001000000010101100100000000100101111
001001010001111101001011010011000010110101010001011111000001
101101110000011110011100110100011111101100100111101101101111
110001001101100100111111110011010111110011100110010101010110
001010001011100101110110000000000001100110110001011001000111
001001100011100100110010001111011010110100101011000010111001
000110110110001000000011010110100000000110111010011111101111
001101100011101001111000100010010001011101111010101000111001
011011011110110010111101010111001010011000011010101110100000
000101100100110011001011011100010111100110110001010000011011
100011110010001010010011110111110010010001010111011000101011
000101100100000010100010011000001010000001000110111101010101
000010010100110110010011101111101011101010000001001010011011
011010110100001100100101010011011101110110110001101110001101
000110001100010110011110001011110101010010100111110100101100
111001110110110001010100101010010000010001110100011001101011
001100110110010001000011101111111110110100001101010001100111
101001101010111011001101011000110110001010000000001000011010
110101110111110100110000100011101001000100111101111000011001
100011000001101100110111100111010100011111001101010010111011
100001000110010100000010111110011011111111000111010110000001
101110111001011000010010000100111110011100111000101001011111
010001110001000111000100111100001000101000000101110001011001
