100110011110011011100011011011001001000011010110110110110110
111000101011111101001010000110010001001000101010100101100111
010011101010110011011110011111010101001011101010000010110110
010000101000001001100010101010000011001000110010100000011101
010011111010100101001001001101011110100100110000010111010000
010001011100110000010011110110000111001000111011111110110000
001011010000001111001011110001100100101100100101111000100001
001001101010111101001001110111101001010011000001001100100011
111100010011000001110111110101100010001010100100101110100001
000110110101110111011000100101000001000111010110101010111111
110001011011000000011001010011100001000011101100110011011001
001101101101000010110000111100010000010111101000110001010110
111001011111011001110000110001101000110110111001010110001110
101101110010101000101011000100000011010111010100101111101110
001111101101011100000010100111000100010110111011010100111111
000110011110100010111110000001111011000011001101000100110011
101001100100101111001001010111101110111001111011100101110000
101001010010100000100111001101000100111000111010011010010111
010101110101000101000001101100011000000001100001111110011010
100001111010100000110110000010111010110111100000100100010000
111000011000111101000101001111111101010001000001101001101101
001011101100000010110111110001100111101111001100111000010101
100101001100000101001100000010010101001101110010000101111101
110001101101110010110111111011011000011111111010100100010100
101000110001100011001000100010100111001110100101011101101011
110001101110100010100100111101111000100000000101011111101000
011110001011000011001010010011110110000000111010100110101010
101111000110111110110010000010111110011100010101111011111111
100000011110000100000011100100111110100001111001000011011100
010111101000101010101111100001001100110000000001100100110110
110111100101011101101011100000110100111111101011111101000001
111001010101011101000000100011100111100111110100101001001101
110000010111011010010000111010111100101101101010100101100101
011111111010111011110111101011010000100011110111010001001011
111111111111101001101010110010000001111111111001111000010001
100011110001110000001101010000010000110101010111111101010010
001000010010011100001011110011110010110100011100111111000011
001111111001111110111011000100010101000001010000010100101000
000011000110000010110100001001100010000001100100010101100110
110010110010100011110110100101011111110101011010000011001101
