010110100110110000100011110000011110100000111100111000110100
100011111100011001011100111000001111011011100000001100011011
101000011001010100010010000100000000110001010010000010101011
010111001110010001101110000100100110100100110100101101011000
010000010100010011010110101100001010101010101010101010000010
110110001101000101011110101001011101111110010011100101101111
101100000111110011101001110100101111110111101010010110000011
010001000010101001110001001111010011100011001110001110100001
001001100110101010000111111010111000000000001110101011101101
111110011000111000111100111111101111101010000110000010001110
101101111010110101110110110100010000000000111111111010101101
110011100101011100101000111100000100111001000011100110101000
101000001111010000111011010110001001011001001110011001011001
010000100100100001110011011001001110100000110011001101011101
110110101101111110111111001001010011110111000010110010101001
011100110101110010101101110111011010101001110010010000101001
110011101111001101001010010100100100001010100100111100110010
010010010111011011101100111000010010001001110111111101010000
000000010110000100000101111001100000010011010111101100110010
100110011010001001011010111111100111011110010100100001110000
110011100111000000011010000011010100111110100111100100001110
001011101011100001010011011010110000110011101000100110011000
110101111100010100011100001010101011101100001100111011000110
011000001100111110001101000110101000001010100110101011000111
100010001000000011000100011100101010110100110011000101001001
011100011010000010010001110101000010001110101100100011000110
000010111001101010001111110000010110001101110101010111010111
100001111010100011100110010000101110010011001100101011101101
101111010110001010110110010011111111110100011111001001011010
010011000010000000100111001000001111010001101100010011101000
000001011010111011101110111011001000100101111101011010001111
101010100111010010010011101001111111010100100110001111011110
101110010010110000011101111011011101010001100100011111110111
010000101111011100110010000110001011100100101001000000010000
101001110111001110101101100010010011011110011000111101110101
111100001010101101110110000101011111101000000000111001111001
001010110111000011101001111000110111010110011001110010110011
101011001111111010000001111010110001011001010100101010111011
110101011011010100100100010111001001010101111110100111000011
010010010101001000010111000001001111000100011111101001111011
