001001101011110010100000011101001011100101000001001000010101
100100011111101001100001001010011001101101000110100000110101
111110011001011111111000100000100011110110111011111110010101
110000000001100000011001010100000110111011011101110101010101
111111101101010001000110011001001110100101000011000001101111
110011101111001010110111110010000111000110111110010011010111
111111101011000101010010101100010011111111101100100101001001
010101010101001110000010111011110101100010000001101010110011
101001110110111001011101010111011010011111011011011101011100
011011101000111111110111011010011110000101110100001111001110
111011011011001011011010001101101110111110010111100100000111
100111000001000000100001000100100101100011010110011100000010
110011000101110111110001010000111011001011101101001001001110
101110111101011010101101100110110011000010011010010001001101
010010111100110011110100010010101110001110111000110101101001
010110111011001110011110110001100111111011001111001100111111
100110110001100011110011010000001101011111101100100110111111
011010100001111101000001001010101101101001101110010110010100
001010001111011111100111001000001100000100001011111010111101
001100100000010000011011110111101101101111110000110000110100
010111111110010010010101001001110111100111010101100111011111
101111101011100010010011100010111100110110011100011100101111
011110101001001001111000101001011011011101010111101010110001
111101010101111010001101010001101100010111010000110111111100
000010010000000001011010101101001110001011110101101101100101
101010011010000001100101100100100111110111100000100111011101
011100110111101100010100111011110000110101001001100100001101
001110111001010010010110101101100101011000010100000011111010
110101110000101010101110111011001011111100011101110001111010
110110100001011101101001000001111111111100110100001111100111
000100100110110001011110001100001100110101000010111000000100
000100101001100001001101100110010010010001000001011010100001
011001100001010010001010101110010100101110100000000010000000
100001001000011001101001111011010001011010001100001111101000
010001110101111111100100101100111000101110100010001100001011
000111001000001010011111001001101100001111000110100101010001
100110010111111111111110100000101010111111010101100000010100
010100010000101100100110100101110110101110101000000101110110
011111101011011111100111001000111101110101000011000111111111
011010100000101011110101001111010000101010100111010111011101
