011000011010011110110111001110011001100011000101100111000011
101101001010111101000000101001100001101001101011011011100100
111000111101011110110000011111010001110011110101010101000010
110010011110100011110010010110011001100110111101101101101010
101100100111100101100101000010011000011110110100100110000001
111101111110010111100000110100100011100001010010000101111010
110110011110111111111110000001111011100110010001101101110010
100011000111100101010100100110110101011101001110000110100011
111100111101000111101100001000000100111011100000101001101010
001111000101111000111011001111111110100011110100100110011001
110011010110110010111101100001111000001100101011011110000100
000100100000000110011001011010110000000101111100001010000110
110011110010101001010101010010110001101010001000011101000110
101100100000000110000001110101110001110010111101010001100001
010111101111110110010001111111100101100110001110010010100010
001111000100000011010101101100101001001001100110011111110010
001001110000111001100011110111110110001110010110010110011000
011011011001000000101101100100011111010100000010111000111011
111011100011000101010100001100100010110101111110111011001011
111001110001100010000011110110001111010101010011101110001010
100000000000000010011001000010010000001111001110110011011111
110111100110101110011010010111010011011001010111101110001101
010001010011100011010100111110000001100101000101110000100100
001111110110001000000101001111000110011101111011110001101000
110110001000111000011111001000010100011001010110101001111001
111010100100111011110100110100101011101011000011010101000011
111011001000000011000010100010111100101000110110100111010101
001111110010100100010010101001111001011111100010011001111010
100100000011000001001100001011000111000011010101010111011000
101110000001000011000110100100011110001001010011101000011101
010111011000000011001111011000111101110111001100001100110011
100111000111001010100000010000001110011000100011100110111011
101001001000011001101110000100110100000100110001000110110010
110100111001100110001000100000000000101000100101101100101000
111101110010100001011100111110010010011010001000110001100000
001101100101101110111000101011001110101100011100100101110100
010110000010011110110110011011101101111101100100001000011110
011101110001111111111111011011011111110111100110000010101110
111001010010010111000111001101000110000110110000011010010111
001010100001110100111010001110101101010110000010110001000010
