010011111101000001110010010011011101010101001111000000000110
110001111001111110010110100110001100010111001000110000110011
011101000111110100010000001010100011100100001110010010000111
011101000111100011110101100000101000101011100010011011110001
011100110000111000100011100000101101000111100111110011101001
010000001010011010011000101001110000101111001110000000011011
001001010111100101010000001000100101110110011110100011010000
000011001101010001110000010001011101001110111000110111000100
100001101001010011110001000011100111110001011100111111110111
011100110001100110001000001010001011010111011010010000010111
111010001000000110110000010010100111100110111110011101010111
111000001010010001010000001100110001111101010100100101101101
001000101011010110101010010011001101000011111101111101111010
110010011111000101000100100011001001110001100000100010101100
100001011010000000011001011000100001100011000011000010100001
010011010000110000100100000110010000100010111001100010000101
001110010110000011110101100000010111000010111101001000010111
111000110101111010110101100011000011001111111000000111011111
000101001000100000110110110110010001101110010111000001111111
100110010110001100010111000110010111011011110010101111111001
100010011111111001110000101000000101010011011110101000000110
011010000011100101011101100110000111001100011010111110010011
100100100111011000100010001001001001000010001001001110001111
100100010100101100111010000011000100010110111100000100001100
111111100000001101110010000111010101011000110000011000000010
001000010010011110000000001110111001111000110110010111011010
000001000101100011010011100111001000010101001010011111010111
011010110111101010000011110110101110011111110100011001100011
110001000100100111100110100011001001110000000110101110000100
001101100110111001111101011000110110100100111011011011111110
000000011011001101111011001010110010110100101010001011101101
001111011100110100100001100011000111100000001000100111001101
011100101100011101101001100011001010010010011001010011110011
010011001011111011100011110110110001101000100000000111111101
111011001011111000100110000100111000101011000011011100001100
011000001111001110000110110001011110011011000001100011111000
001001001010001101010011111100110111100100000100111001000111
111111001101110100010101010100001100100110100011001101000100
010110101001101000110101010110101001000011011100001101111001
001100110110110001010111100100011100111101001101100111110100
