010010001101010000100101101010001110100111001110000001010010
010011010100100111010010100010110010011110111110100010000010
100100100100100110111000011101101001110101010010110010101110
110100110111011110011101100001001110000011000111111010010101
010011001100110011101001110001010111001000110101000000110011
000101010010011101101011000011010010000000000001101001100101
111110101110011010010010011010001000100100010101011000100010
101011111001101111101111111100000111111000011011000010000001
110111000111110010011100111001110011101111011111010100000000
011001011110010000001110110111111011110011110001101011011000
000010001010101101000010010001000011100011100101010111101110
111101110011001011010110001111010011100110000100011000110111
000000111000111000011001111100011011111111001010010110001111
110001111100101001110100001000111100000100101100001111100011
001011000110011101010110110101100000010100100001010010101000
010011010000110000011010101101010101110110001110011100011010
111110111100000110010001011001010011100000111110110100100100
000111010011010001000111100001000011001001100110111001100011
000100111011010111111111000010110110100111100101111001011110
000101001100011001011001010100001000011101110101111011011010
001100100101011111101110010001101011111110000011110100000100
111101100001011101001010111101111001001100100000111000101110
101001011000101011110110011010100011100001010100111101001101
011010011110110110011001011111100001001010111111001000001100
100111101101101100010000010001011101011000001010111101011010
101111110110101011100111111110110111001110100000011101000000
110101000101011000001010011001010000110101000101001100010010
110110110101010101110010100001110011010101110010011100110100
000000101110001011010100101110101101101110001011011000010001
100111101101011110010000111010100110010010100101000011011110
100010011100011101100001011110000101101110000110110000110100
110010011100011011001100101000011010000010010110010111111110
110111011001001111111001110010000001010010001101010111110111
000100001010100101001011010010100001010011101000110000011011
001001101000110111010010100010101011110011001011100110000011
010001001100000100110011111011110100111101111101111000001011
001100000001111001110001111000001111110010010111111000010111
101001100011011000110011110010100101010011000010011100010011
111001000011011000100111110001000001011001110001011100110010
101110110001011010001110111010100110010000110001000010110101
