001000101111100001010101001001111111000000000111000001011000011101111110111010110011110111000011111000111101010000001010001011011001011000011101111010011110010110100010010101110010
110010111100011111110110111100101111001001010011011011000010110000011001100011110001111110101001010101110001100110000001111100010001111000010100100100110010100011001101111111100100
011010011001111110001000110110111000010101010001010111111001011111001001011011100111101100010101001001101100000011110110011011111110100110100100000111110000110000101000100111100011
100111001000001011000100111111101010100001100100010001000100100100001000001100011010110100111001110001000111101011101100101100000111110111001101010010100110011010100110111111011010
110111010100010000111010010100011001011000001111001110111010010110110011011110101000111101011010000101111110010001110110100000011111010000001011110101010010111011011100110111010011
001100011101111100011100011110000111000000011111100111011011011011010111100011000010001001101110000100110000011010111101101011110000001000001110100011001110110000001001010111110011
000010011100000011100001011101001100010101110110001110111001010100110100100110010011011110111010101101101011111110011001101111010001010001101011101001111111000101101110010001100111
101110010101011010100110100000000011010110101110000011011111101110001100101010110001011000001000011010101101110100111000011100111110101101000100111011011010001010111101110100001001
101001100100110110011000000000010011111001010111010100100101011110111101010000101010111001001111010111111001000100111110111110001010111011000011011111111111110011001001010011001000
011001011101000011100100100000011010111000101111000110011100010010110001000110110010111101111000010101111011011010010101101000101100010011001111110011011101100001010101011000010011
100011011010011000110011110011011011101111100010100001011110110001111010000011011110110110000011010010100111011010100100001001110111001000011101110000010011000010011001010010111100
100100111001110010011100110110100000001000101001111110010001001011000000000110010111111001110101110010001111011100101111011110100010100110001111010101110010110010000000100101101111
000110000110100010000001111101110010111000100111111110110000010000011100101011011110110000100010001010101010000111010000100011011011110101110101001101000101000011110000011010010000
100100000001011111000000101101100000111111101010110110101110110001110000000010100001001000011010100010111101101110110101110001100001011011010111010010001100010011000001100000100001
000110010101010111001000111001001001110111010001101001010000110110011111100010110001000111000000100101011100010110111010111011000101111100111000010011110001100001101101101101100011
011100000110000101001100110011010010101010010101001110111000011101111110000011000001101110110111000101001100100011110001111100011000011010011101000001110010001101110110011011000110
100110101011001101011011000000001111011000111010111000011001110000000101000110101110111000011100101111110100000011010110010010111100100101011011010111111011100111010011000100001101
110100011011010011011011111101110111111101001001000010000100010000111011101011010100110011011110001110100000111001111011010010111101010101111010011111010010000010001100111001000111
111110100001001000001100001001011100100110111011100110110110100001010011001110011101001001111100010111001000110001100110100000010010100110100101100011011001011000110100000110000011
101010011100110111011100100000111010100010001001000010001000010010010000101010001100110111100100000011001100111010001010111101000000001101001110101010111100011010001100111001010000
101110001000010100110111010001111110100110100110110011011001001101111000010101001000001011101011101000001011110000100001101001001010110010111001100000010101001110101100001110010111
111001110111001101010101001000100000001010111011010010010011111110110101000100110001101101000011010110001001110001100100110100011001011100001001000010110011100110100011001111111100
001101001010001010000110111111100000100011101100000101101010100001010000111100001010000010010100001110001011110010100010000001001000011100010010110110010010110000010010101101110111
001101110011111110110111111011110000010110100000100101010110100011101110111101111110011110110010000101100101101110100001110000011110100110101011111011100111011111001000101100010101
100001100001110000111101000001010000010100111110110001111101111010011110110110101001100001101100010111010000100100110010000011000101011101010001111001101111010010000011011010001000
101100010110011111110000111101001001001010011010100010001010011111100001101001001011111111111110100101000110011111110000110001010001011111011000001000111000010000100110101110000111
010000100110101011110000111000100100111011100011101110100111000101011101111111011101011111000011010101111010111010110001110101000111001100000010100111000100000001110011100001010101
100100011100000101001111110110001101110000011110100010110111100000101100101110001000110011110101000001010011010000111011000111011100000010000100111111100011010110111001101100000111
101111011100101000101110110100101010101101100101001011110100110110001001110100100111101100001111011010010001010101010100101011011100100100111011111000110100011011111100000001011101
110001100110001010001101110011100011100010010111111011100011111100111110111111100100100101111000001011011000100011001000000110101101111010111111110111100001011011101110000000101010
000011110111010110000100001100101111010001101100011110110110001000010101001011000100011110010000100101000001011000000000110111000010110100000110001001110010000011000001100100111110
001110101100010010011001000011100010000010001000100100111110011001010101010100000101111011111100010001110000101011100111101111011010011010011011111101010011101001000101101011001000
110100001011101111101110011011010000000101101001000000011111010001101100001011000011111011101010100100110110011101101010010010001111010111010111011110001100100100011110110101001101
110011110101111011010001110111110100100001000111111010010000110110000111011110011100111101100010010001101111000000100011001011101001110100010011111100100010111010100011100010100001
110100111000111100011110100110010100000010100110010001100110000010100100101000001110100010110001110101100100011110001101101000110100110101101010001111101000000011010100010011110001
100110000010101001011001110100101100111100011010001010011101000010101111001101100111010110000011000000101011111111000010101000101010000101000011010110110111000101111000100001010000
110110101110100000001110100011111001011011000000011000100101101100101101011011111101100100100101001110011100101100011011011011110100010001111011101001001000100011010001010111000010
100000001001000101000110001010100110011110010011111010000110001100101000011011100001101100100001010001111110000101010101100100010100010111011011000000000001011011111101010000001110
000011111111000000100110011111000010111010111000001010000001011101011100110001001111001000101110110011101001100000010001101001001011010000100100100000101101100110110110010011111100
010010010000000000100111100011111000011010111000111001000110101000111110000011000110111101010100001011000110100001000010010111000100010001100010001011111111000001001100100110110111
000001001000011000101010100100100110111010010011101100000010000111010100101111110101011111000110100100010111011000010111101111101001101011001100011011001110001100111001110001001110
001011100111101110100111111110011111010010110110110100111001101010101011010101010110001001101000100010000110101101110001010110110100001000000011001111101001010101011101100000001010
000000011010110011110111001110011010111010111010010000010001110101001010000110010010010001110010010101100011111000010010111000100111001101000101000000111100101101011100100110000000
001000110110011001010110111011111111111000111100000111111000000111100011100101001010110111101100110100101010011101101110010010000101001010000110110011101001111111010001101011110111
000011101111111111001000000000010101111111110001011011101011100001001110010111000011100101001000011101111100001101110001100011110001000011010000001011001000000000010100011001010111
111111011011110001000101101010001010101111111111011010011110100100000000110010110011000110011001000011000000110101110001111101011100100001110111111111110111011100101100010101101011
000011100101010011010010001110101000000001001000101011000110101001010011111111110011100110101000000001000100000110001001010011111000010101111100011111100101000010101000001000001010
101101100011100101001011000110110001110011010110100011101000101010011001011010100101011000010011001101100111010111111110010110000110000011101001100001111011110000000110011110011100
101101010011001111111101111101100010001101001100111000101011011101101101100100110100110010010100000010111010101010000010111111001010011001100011000000100011101010110000010010100100
000101000001001110000101100101111010010111001110100011111110000000011100010110110110001011001100111000101000101011000001111000100100110010011110110101011100010000101011000100100000
000100001110001101001001001100101011001000111011010110011100000001001100101101111101010101010111111110101000011111111010011110001111011000101101001110011100011001111001111001110011
101100011011101100010110111100101010111111010100001110001010100010011000101011001001101101001000001101011101001111010001110011001011011110000101100010111000010101011100111100001000
001011100001111010101101101101011111101110100110110001111110001000111101110101111101011110010100101001010010010000111111001111001100110111100011010110100010110111011101111010101001
000011001101010011100110101111001001000100100110011010111101011011101101110110010101101111000011011101011011100100001110101001100000100101010100000110010101000000010011110010001001
001010010011010011110100110111001000000111011101010001010101111111010110110111101101101001100011111001110110100000010101011000001101001111001111000110001000011100100101000000000011
111011111100010001000101000101011001100100011000001111111111110001101001100011011101011111000111100011000100011011111110111111101010010011100010000110000110001010110101001001101000
100110001111111111010001111001101000111110110100011000001101101101100001000000101101001100001110110011000111110000001110101100111000100110111101111101100011111100000001111100111110
010011010101000000111011101111001110101011011010100011000010101100010101111001101001011001111011001010110001101111010010011111110111000001011101010100100111111001001111010110011010
110010101011010111111011010011100001111111000111110111111110000011010000011111111001000100001100011001100100010100010111000000101010001011010101001010000100000001001000001111001101
110011101000010100110001010100100011110001101100011100000001001011010111101101100111011100111010111010001000111101111011110010101001100101100101001010010000111100101111100101001001
010000110100110101000000110001110111000011110011000111101000001111010011000001101111101010010101001011000000001000110001010111010001011010111000110101000001011101010100100011111101
110011001111101110111000011000101101010100101110100000110101110001111000111000000000011011001111000010001001010001010100100010111011100000011010010010111100111110110000101100001000
000010101001000000111100111100010101100111101010110111000000001100010111001111001101110101011000101000011100111101000011011110100100011111000010101001110011110001010100010110010101
100011011000010011100100110101101110010101111100010111100101111111000000111010010101000100111000000111011110011001000011100011001100010010100111111110101101010110111111100010100011
100001100010111000101000110101101110110000001111111011010000011001101101100110101011011100110001111010010110011111100010001101110010110110110110100000011011111111100110111100001101
010000011000011011000111100111011101001000100101001010110010101010110000101101010101110011110010111011100001100001110111000010100111011001010010110101101101110111010010001001110000
110110000010000100100101010011101001000010101000110101111100011001100001000100110010000101011101110101000011010001000100011101111100000010010000110111010001101110110101110010110101
101001101001101100010110010001100010010101001100110100001110001011111010110100111000001100100110111110100111100000000110110011000101101000101010001010111100101010100100011101000101
111011111000001111110111010100010110110110011000010000100001100010010111100101110001111110100010000111011110101110110001100111110111001000110000111000110001000010011100100001111110
100100110101001010001101001011111011111001001110000110011011100010000000110111001000111010000111000101010100001000011010001000110110011011010010010011101011001110010001001000001100
110111101100101000100101111100100101110111000000111111110011001100010111000110011011100101100100011101011000111110100101000011100001010100101000111011010010010110110000000000111001
000110101100110110100011110010111011100111011110101100000101001001111110111000111111110010000001000100011010100010000111001110101000110001111011000110100100111110001001011000100100
010000000000111110111100100101000101101010010000010100010101010010011100000001111110110010100000100110100001001001001011010100110101001100101000111011001110001011010110111011111111
110101000010010010011000100000000111101101101011101111001000011011100100011111011111001101010111101111100010100011110110011011111111010011011101011010100100001101001010011111001100
000010010000011101001100100100110010010110111001000110000000001001110001101100000000101110010101001000001001111000010001100011010000011001011000111110000101111011001110011111111010
001011101001000010010100000111100010010100001011101000001001111000010010110011000110110000010101001111010001010011110101011110000000110000100101111100100001011101001010010000110111
111010010100100100101011011000001000110011111011010001110001100000011110001111010111000011000000111011110111000001101001000110100101001100001001001001011110000111110100100000111001
111101110110101100011110100010111110110011010010000100000110010001010001010000111100100001101001101001000110010011001101110110000001110011011110000010111001010101000100011001101100
010011110000101011001000010111001011011111101011100111000001111100000001110011101011011100010000100101000011100000001011010000010010000111100001100111000100011111100100010101101010
100101001011111000010001100010000011011101010101001010100101100100011011110010111001011000001110000001100000001010110001000100101110011000100000000000001000100010001001111000010011
011101110101101111000111101011010101000100010101010110110010100101111010000110101011110011011110110111001011011001001111010010011011100001101110111110010010010001101001111011110010
101000001111101001100001100101101001111011111111110100001101001101101110010000001101101001101111001011110110100110011001011101011101000011101100111011110100101100000110010101111011
001110101100001010101000100101110010100011100100000000100111110100101001111111100110001000011110101110001101100111011001011111100001111110100001101111001010101111000001011110101001
101001011100101111111110010010001000111100111001111011010100100100011100011110010111111011000001110001010101111110000101001011101000010000100100011111001011010100101001000001100011
110011011100000010011100111011010010000000110111010011101001100101010111111110100000101001010010101101011001000011001010111011111101000010101111111000100100001110010101010011010100
111110011100000101011111000101110110101100111001111101001011111100000001110100111001101000000100111011101010110110011010011001001111111001110010110010100101001110100000100110110001
110000100111111000100100100000010010100001101101010111110101100111010001110101111110100110001101100010101111110011101010111001100001101000001110101100001001110110100111111001100111
101111100110110101001000111111100000100111001100101011110011101000010011101010000010000011001011100101111110111011101111010001101101001100101011000010100110001000100111111010001000
001001100001001001110000101010000110110000101111011101011010000111100011101100100001111010000101000111010110011110101110011000010110111010000010000110001101011111111011011001101111
111000100100101010001011111001001100011111000010011011000110101011000000010010100110011011010010100010100110110000001101100111011110100110110011100110111101110110001101000100100101
001001111000010000000011101110001110010001100001001010010000011111001001100011100011111011011110001001111011011110000010000000011010000100101011101011001110101111111010110010000010
101000101100011000111010100111110000110010101001100011011001001111001001101100000001110101101110101111110010100010101110000001110101111001110100101001001000111010100111101001001100
100100111100010000000010001010011010010011001110010000011110011011100010111101000010011101000011111000110000100111111101001111111101111110010010010111000000101101010101111111011000
101110101010111000100001001110111001110110110110111100010111100000000101011111001110111111111010110011110001111110111010011111001111000001110000111010111001111010110001000011000000
000010100100010101101011110010010101001110110001101010110100010010111101111100001011011011000010010101011011010100000111101100000111011010111000111010010000100011011111100100000010
011010010001111110001011001000000111100010110001100111110000001000000000101110101010110010110110000100000010010111100000000001011001001001110110010100101011101110100100011110001100
000111100111111110111101110100111110110000010010100111111100000011101000001110101111001010100011100110010111000111000000111001101100100101000000110001001110110000011010001000110001
110111010110101000011000001001011010101100110101100110100010111100010110010010011000101100001000011111001010110010101101111101100010001010000001011001001101010011110101110010000110
000001110000110100000001011011010110011100111001111100011111111110010010111110101100010000110101110111110100111110000100011100011101001011100101110011010110110101000001100110110010
110111010100101111000011101101111110010101101101010100110111000110100111101111101100101010110101110111000101101111011111000000100000100100000011011010001101110001100100110111010010
