111001101101111110010001110011000011111101110001001100110010
111011101101011100000001001000001001010010111101110001111010
010001110011110111001110100101000111111111000000101001010011
101110010010101000111111100100111111100101011010110010011100
110110000110100011101101100000110110000100011010101011101111
010000110010001111101000000101110011100110101100110101011100
110100010110000110101101010011011000010100111000101100110111
100011001011000001110110000100000011100000001111000011011111
001011001010010101001001001100011101101100001100100100101011
001001110111111000010011010101011000111101110010111010110000
111110111010111100010010000101011011101111110011001011001101
110111010001010111011010001000000101011110111100101110000100
011110001101011110001100110000101100111010100101001010010011
111101110110100000010011000011100101000000100110101111110000
001001100111001110101100100010100111101101000100000000010100
001000101010110010111110110001110010011000010011000000001010
101111111011111001001001111100100000110111100010001101101010
000110011010001011000001110111101101100010110111000010100100
011000100011011011100111110010001010110110111000010101110001
011011100011101110101110010010110101010100000101001101101001
111000010111111111111110000110111001100010001000001100000011
001010110011111111010101100010110011110111000011010010100100
100101111111010100010110000001010000000110101010110110110010
010100110110111100001100111011000011110010010111011110000100
110010100101011011010100101011100010100110111101110001001010
101001111001110110011110011000000110110110100110000011001000
010100001100111010100100111111000110010110101101001111001101
101101010011111010010111100011110110000100001110111111001101
000110001010111001111000001111100101001110110110001000101100
111010010001100111101001111000001110010101101010010101101101
001100010100011110101001010101111110101001101010001110010000
011011100111111001100010101100000000001101101110101010010001
110100011111010010001101101101111010011101100000010111000010
000010011001100000101001011101111101000111010110010100110001
011100001101011011101101111110001111101110011101010100011001
001111101111010100110010010001000110001000111000111000011001
010000111101010100101101010000001000111000001011101100101011
001011010011111101000100101111101111110110101011101010101100
000001011010011001011010000001011110111001010000110000001100
110111011001111111001010010000101101010110101010110000001001
