100100000100101100101001010111101100101101000010000111101100
101111000011110010001101110111000010011110010100010001000010
101000111110001101101101000111110110001100001111001111101110
011111010000011100101010011001111010101100101000011101011011
010101111011100100011111001010110011010111111010100001110100
000011001000110100011110010110000000000001010011100010101001
100001100000111010001111010011111110011001000001111011001111
110111010010010000000101001111101010011111111010010010100000
011000001000111111010101100010001111011010000100111011101001
100100101110100110001001111110100010000010001011101110001010
110011001011000101011001110001010001110000111010000100110011
001111100010101000111111010010001101010100100010111010011001
100000000011110110110001001101110101000101111010111010011100
110100001110101011101101100000100101100000110101111110001001
111011100110000110110011001010101101110011111101110110000111
100110110101001011000001000000001001001011000111001100111010
100111000110110000001011110000110011011110010010010011010110
011001101000100010010111010010101001101011110001110101001001
001111010000110110111110001011011010001100100001011010110110
100010100100100110100101011101100000111110000110011110011101
111111110111000001001101001010110100111001011110111101100000
101101010010110101001010101100011111001001010011110100111000
101010010100111010001101101100010101101100111110110110000110
010011100001011001001000011001011000010010110111110100101110
100110010100010011011001010001011100010101100111010110101101
101101100011101101110001000111101101101101000100111100111011
010011010011100000101100011011011010001111110111001001110101
111010110100110001110000011010110000100001111101000110101110
011111001010100101001110110000111001101100111101011100110001
110011111011111011000011011101111011111110011110001110101011
001000010010000110000110000011001101111011010101100001101011
010000010000101100010110111101101110011000111101010111011011
111001110100010011110011011000011101100011000011000101000000
001110001001011011110110101011110010101111111100101101011000
111011011110100110011111001001101110100000010101100000101011
000010000101101110101000011100001001011001011001101000110011
010101000111101000001110111100011101110011100001010110101110
010101001000100011101100111110011001111110010011010111100100
110010101000110011110101010011000001110000001100000001101000
000011010100001100011101001101101101100111001110000110110010
