000101010101001000010111110010111001111010111101011101110110
111110101000010111100111001110101101000000011100111011111011
101101110100101011011110100001010000111010101000001000110101
111110000010100111100100101000001110100101101100101011001010
010111100000100000101001011101000100010011001001011001010011
110010011101010000111111101100110111011011111110111001011000
000101111111101110001011000101100110101011111001001000100000
100111011101000110111101101001001000100111010110011000101100
001100011011001011010111101100100000001100000000010000111011
111111100111011100110101010001100010010101101010100000011101
101010000111101010010101000100111000001110110100011100010110
100101010111110110111010011111110111011001010000010010010011
110111000011010011000010011101100111010011001111000101011110
010100000000001101101011101010100000100000000000010000100001
000110000101000011001100001010000010011111010011011000110100
110011000110110110101000111011011110100000101000010100011101
011010111101101111011001100100001111111101110110100100000001
110101111010101110010011000010010000010010101011111011010111
001000111111111001111111110001010110011011011110111110000000
001101010011000101110110111111010101100000100011010111011100
100010111111001000001101111101010010110001000001111001000011
110011000111011010001010111010000110001000001100010011000000
110101010110111110111111010101100010110010111011011011001110
000100110111010111011110011001110011000111111011000110111001
110101011101111100010101000000100001110011010000000110110000
010010000011100010000110011101100010101101011010010001101010
000000010000111110001101101011100111001011100110101100011111
111001101011010001000010100100000010100010010101110111010001
110011101111110011011111001000100100111011011101100101001010
011101100010011010100001111111011100000111010001101100110001
011001111011001011101010001100100110111100000011110011010101
001010000110111000110111101110100100011011011111011011111001
101101001111001100001011111001101001111110100100110001110101
101000100101010110101011000011011011011101101010111101001110
110010101000100001000100011010110010101110000110100000001110
010010111011000110001010110111110111110000011100100110011001
000101110010110100100011010110110001111010000101011100101100
100101010100100011101001011101011100110010111111101011011111
001010110001101001101001001000001110011000101110001110001110
001101000100000101010110010100001101101000101011101111101111
