110011111100110110000001001111101101100101110010011100101001
111010001011100100110001001010110101011011000011010011100010
110011101101100101011101110110110010110000011000001011001000
100110011001000100100110011100111001000101001101010101111000
100001111000110100110000110011001101111011000101111100101111
010110110101110010100111001001101001010001001110110000000110
101000110110010101010101101100010110010100001101011000111010
001111001000000100110011001011001010111100010000010011111110
111101001010000100001110011101111010001011011110011110110111
101101000000110000000100010010000111111110100100010101111110
101000011000100011000110111001011111001010001110011010111100
000011100000001010110101001011110000111111001011000111110010
000000010110011100000100000010000110101100011000011011111100
000000110101011111101010100000101101101101000011011010000110
110110100011110000000111110110111110000101100111010101011011
101000111100111111111011111100011011100001100000011010111000
100000001110000100010101001010000001010101001000010101100100
110011001011110001010011010100010111111001110100100010100111
110010101001011100000100010000010000100100000011110111010101
010100001011100000011011111100010101111000011000100101111000
000110011111111000101011111101011110000111111111110010101000
100000111101001011100101010100000010001100100111011011110100
010010110011010101000011010010011000111110000010111110001110
001010000001001011000010011101110101001010001001110100000000
101101010111100001010100110110011001100011101001100110100111
000111000001010100100111110111110000000010010101101100110101
010010001111110111110111011101011000000001001111010010010100
001001111011011111100101001000001001100001111001010101011110
011000011110011011110000100011011010000010011010110000111010
001000111111001100110011110000100110110110101110100100101101
101010100111110001111011100101110111011111010000110000001001
000001110001001101111111110110010001000111100100011001101111
101001001010110110110000000010100100100000100000101001001000
111110000011000110011000011100101010100110011110100010000111
101011001100101000110010101011000111110111011001101001111000
101010100110100100000010010010000011111110111101011100110011
010000110011000101000111011010100001100100010101101000110000
011101100110011001110000101111100001111001001111000111011111
010001111001100000011110011100000100011101111001010010110100
001010000001111101101011001000110010101100101000110001000110
