010001010010101011001010100101110001101111110011110011110100
011011001110100001110001001101100110111100111011111110110100
110001000001010111000001111110010001110000011000100100101001
110110110011100111010000111011001101110100111011110000001110
011110011110110001001010110010001111101110100111111111110000
100111111000011111100110101111011001111111011110111101111111
111111111100110100100001001111011001001000111111101100000100
101010011111110000001000000000000001011000001000110100110011
000010011101101010101011000110001001000000111111010011110110
010110010101000011001110101011011001100111101101100010111011
011111101000011111010010011111110011101001001000000100011100
001011010010100010110001010100011010010011101000110101001110
110000110110110010110010110000010000100101101011011011011101
100011100001111111101111000001110100001010011001010101001011
011000000110110000111101001101100101000110010110001001000011
101101101111010111000001100011110010010101100011000100101000
011100001101011101010111101110001100001101011101010000010111
101000101010000010100010100100100110000001001110011111110100
101101011111110010011110011010000100001100001100110100100000
010111010000010011111010001011011100100100001000010010001011
010100110011010000000111010010001000111110001110111000101001
010001010001111100110001100000100000001010100110001111010001
101111100001000110000100001000100100110010001111101000001011
111111110000011001100001011111111110101000000000010001010010
111110111001011001011011001100100010100011110111000101101110
001101001101010001101001110111010000001101011100111100110101
011001010111110100000110111010000101011111100001001001110001
111111100100110100010001011101110000110010010101100111010100
011111101111110000010100110001110110110000111000010100001101
100010001110011111100100010000011011100011001100010100111111
000110111011111110000011011000110111010111110100110010010011
101101010010010111011111001101100000111101000111010000010111
011101001011100101000010110110111111001111001000101111010011
000011100111111100001101100111001001000000110111100010101101
010101100011110000010000101000111100011011101000010001101010
000101101101110110000011001011111000100011011001000010110000
100001001010010010100011100001011101110000101001010001100100
001011000100000101110100011101101101010011000101001000000011
001000011101100101101111001001110010110101010101101011010111
110110000000100100010101011100101111111001001000001110111111
