010000110011001110000110111010011000011001100100110100010100
010000111100011011111111000011001010101001001100111101100000
111110011011110001011101110101100101000110100101110011110101
111000101110001110111111010010000011111101001111110110010000
011110110011011001100101010011010000101100110011000100010111
001100100101110100010011110110011101100110100101101011100000
000001010010011100111011000000000001001101110000101110010100
010101100111110011000001010011111000111111110110001101111011
001010011001100100111111111100100010100001100110010101110101
111010111000001110000010110100001000000101110100100001000001
110111000101111100011000011101001001110101101101111010011000
100111011011011101100110100001011111000001001101110001100110
111111011001001000011111011000000101001010000010110001111101
100110111011000010110110100111101110111110110111111011010111
000101110011010110101010011110100100111111101010011110100001
110001100100000000000101101011011110110011111111011000100101
011110101111111101010000000010010110111101010100100110101010
110111000010101011011000100110011000111010000110000111110011
110010101001100111100100011101001001001100100010110011000000
000000010100100111000001001101110000100001010111110001101110
110001111101001011010000111010101000010001111110101100001011
000000011100100011011000001111101101010001110110000011110101
110111101001010100111110111100010100100111011101011010011100
001000110101011100011010011010001010000001001001010100001110
000001111110111010001000010101001010001010010000110110110010
100101100001110101110110010110110101000101001101000101000010
101101000110110000111100101001111111001010010011001100100110
111010000111001100000100011001110100001010001000001011100000
001101110101011000001110100101100101001011111101011110001110
110111011000001011001001010010011001111011101001101100000000
100011110010001001101100011110101011111001101111000010010100
010100101011111000111110001010011101100110111000111110000000
001011110110001001010111001110011111110111001010000010111001
101101111110110010100010010010110000011010111010000100111100
101110111001100110111111101010110111001001010010110001110000
101010101000111111000100011111110110001011011001101101000100
101101110000110001001101010001000100101011011010000111001011
110011000011011001010111011001011100100010100011101100001001
110000011100000011010010000111100111101001011100110101100110
001111000100011001111011110001000100000100100110011000101011
