011111001110111101110010011100101010000011111011100100000011
110111110001001000000101000001010000111100011100110111000011
011111001110011010110010011101111101100010101001100111100011
010101010111011010010000010010111001101010111101111111110001
011001110101010010000010100001101010001010000100111101000101
100100001000011000100010011110110100111000001110101010011110
000101010111110100010100011000101100000011011000101010101111
110101100010010111001111000011101000001001100001010011011110
000001010011111111101001000100011111001011011101001110001110
110011111010011011011010000011101111011000110111100000001001
011101011101110010101100001101100000110100011111001001110101
101001000101100000100110100000110100010001011100111100011011
010011101001111001010110100000100000111110011001001011100001
100101010001011100100101100111000001100110000001101100110100
011000001100000011111010100111010011001100010001100010111110
000111100111111100101001100000101100111010011100110010000111
001000010101011001100000010111010010110001011011110000101111
011111001100101111100110011111110000001110011111101000110101
100010010111010100001001011000110000110000010000001000101011
111101110101000001011011011010110011110100110110101111000000
001010001101010010010111010010100100111110100001010111000001
010111010000001011010001110001000101011011111110110011111111
101111110111001110111000100011111011100001100001010010001100
110100011101110111111111100101100011101011111101111010001100
101110110111010010011101010000000001000001110100001101101111
111001010111010011101101000010011011110111110010111100100101
111110111000000011101110110001011101110001100100000001011101
111101100101101101001010101010001100001010111111011001011011
001010110001010010100010001111010100100111101101111011100011
001100110100101001111101010000011111111000111010101010000100
111110100100011110100111010001000000111111111011000111110111
101011000111010110111100101001000101101111111111011001010100
110100100100101111000011011010101010010101101000011101000101
011000001000111001000000101001001110101100100101001011001001
110011111100001000101101000010111001000101001100101101000001
100001110111110010001001110101111101100111100000110001111011
111101010100001101110010011101100011111011110010011010010110
101001111010110100110100000011100010100000110100000110101101
100101011110111101100011110100101001101101001111100001011100
011110110100110110000000001110110000111010001000110111101011
