101101100010100100100110111111100001011011101001100011000010
011101000111100001101101001111101010110100010000110110000010
111001100001110010001001110111100001110101011010000111110000
011001111010110101110001100000000010000111100100100010111000
100011100101011010000100110011101000110001001011001011110001
110101000100101101111011100010110010001100100010110011111001
011011100101000000101011101000101101111111111100111110000101
100111110100001000001101110110111111010110000010100011011111
010010100111001000110101100111011110101101011100101101000110
000001010111101101011101010111111111111010001101011011111110
011010100111001001110111101101001001011011110011111101110001
110110010011011110001111001011101001011010100101100011100110
100001001001101000010110100011010001000110000111001001101110
111010100011001000011000000101101001111110010011001000010101
000010100010010010100100111111010101111000110010111101111101
001110010101001111000011000101001100101000011111000001010111
011111010111000011100000010100100001111011010101011011000101
000010100111010101010110000111010010000011110001011001100111
100010101101011011101011111010000011011100110110000000010111
100100011100001000111010011000100100110000100110010010110011
101000101011011110000011111111000001011111111110011000110011
111011100101000110011000100100001100101000110010001111110110
000000001010000100101101001001010100101111001101111001001000
101110100101111001010100000001111100100100010010101100101100
111010011001000011101000110100100110101100000111111001111000
010010001001010110100001101000011011010010110000101010011000
010110011000011101000010110100001100111101111011001100000001
001000100100100000100100101101111100010100100110100011101001
111010110111000110010101001101100000100110110001101000101111
101001010101111101010110010111101111111010100011010100111100
001101111100001011110011000001011000000000111100011000111001
011100010000110011111101101001111010010010000000010001011100
111000100110111111011110011101101111011000001100110000001111
111010010110010011101101100110011111100100101110001100100111
010001100011001100000110110010011111010011111010101001001110
111111011111110101101110101010001000101000000100001111100001
001010101010010100100101000010100111101111100001010010101110
110001001111101100100011100111010111010110000001000000110101
100101110101100110010101001011001000010001010000101001000101
010000110111110010100110111000101001101110111000110010011100
