000101000110010100011110001011110111001001001100101110011001
010011000000111010001001011100010010101001110000110011000001
111011011011111010001011111000010100111011010110000110101111
000001001110101111110000011101110001101001110011001001111001
100111100001110010110000111001011011111001000101010001100011
101011010000101100111110001011111100100110111111100110000110
010001000100111110110000000001101100110000010000001011101010
001011011010001101011111010110010100111010100001111011000001
101110000100101111100100101010011110111011110000001111001010
101010010011001100011100010010100011100011010111001111000111
001101101110010111011001101100001000100011001010011100000001
101111111100011100101101100001100111000101001000110011100010
110011100001001001001001101001110110010100010001000110011101
101100101100111011111100111110010110110100000001100000100101
010110000001000011101000000110010101000101001110111011100000
100100011101101101101000111111110010101011101100010011010000
010010010001011001000001011110110101101101111110011001100010
110001001000111011010110111010111100110110011111100010101100
000111001001110000001010000100110011000011011110011010111011
100010111100111110101100011101001111010101000011101001111001
110101111010010110110101001011001110001101000100100111101010
001101010001100110001000001010110110001011110100001111100110
111010111011011100110001001011111110011001010000011111001011
010010001111010011111100110111100001000111100101000101100010
111110001101011010111101011001010100011111000101111100000011
010000010110000001011110001111111101100011111100000100100010
000011101100001010001011100110000101111001111101100111010000
011100011000101111110100000100111101100110100100101110110110
111011000001111110011100010101011101100011011110001111010100
101110100100100000010100101101000010101100010001010000110100
101111011010100001011101011100000111001111010011110100011010
110010000111010101101111110101010110011101100100010011111000
011001101110100111110100110100100111000011010101011110101101
011101000100110101110101110000101010010001010010101111010110
001100110010001001011001011001000110010000000111111100111101
100111110010110100101101011101001111000010001111101100011001
011101010100100001110111011111000111010111101010001101111000
000000111001001000110001110111001010000000100110010011000010
101001010001001011001111000011110111110011111110010000001000
110110100101110011101110011100000111001100110110111000100100
