100011000010001000110010010100000001000110000110110100110000
010101001001001000110011101101101001111101100111110010000111
001101000000100101101000111111000100011100110000010000001111
011101111011110001101001101010100011111100000110001101000011
000001110001110101110000101100000000000100110001011000101010
111100110110010010001100101110111011011100001010001010111110
101011011111001101011101011010111001101100010100010001110111
000101000111010001110110110011001110000101100110011010110100
111101010100111111111110101001111110111101100101101001001111
110010001001111111100000000011000000111001111000111100001010
110110000001010111111111001111001001011111000010010110111101
110011011000001011010000100111111110010110101101100001001011
011101001101110100111000100110001001100110010000001000001000
011110011101001111111000100000000001101011001111010110011010
100010111010110110000111011111000110011011111001101100010011
011010001110011010001111111000101010101111100001111001001011
100111101100001010101011100111101000100000010011011011101111
011000111101110101101011001100110011110100111001100111010011
110100001001001001000101011100001110110010111011100011100100
010101001010110100110001110111111110100011000010101110011001
101110110011011100000011111101001101000011000011011110100100
000000110001001111011111010010011001100111101001110100001001
111100100001101010000101010100111000111000000011101010000100
000001001110101110101101100101001000000110100001011010111100
110010100011011101111100000101010100011011101111011010100000
001101111101111010110111111110001010011101011111101011111011
110100010111010110000110001111010011011101111101011111101001
100011110101101001001110111010110110110110101010101010110101
100010011101000001100010101100011000111110011001110110101110
100011101010101101011100111101001111110101110110111001100010
000100111100100101000101110011011000010001110110111110000001
101010001000111011110110000010010010101110111101111000000010
110010001010100100101000001110111011010010010010010001011100
111100100001001101010110011011010000011011111001000000100001
001011000110011000100000010001110110001111000110110001101101
111111111001011101111111100010100000111000101001010011001111
010101011111100001010010100110111011100001111010101010011010
111011110011000101001011100111010111011111010111011111110110
010101010000011010000110011100110110101110011001110101110110
101111011011000001100000100000100000111100101001001101110000
