001001100011001111101000000000101010001011010100011011011101
010011011011000001000011011110000011100111110111001111111111
110101110011000010110100011111111000001111100000000000111010
000101111011101000011010100100011001111000111001110011100010
000100000001000000100001110100011110100110101000001000010101
110001010101011110001001110101000100101111110100111100111110
111101100101001111001011011100011011100100110000111110111010
011000110111000000101111101101101000010100011100101010000101
111110010011100010100000110010111111001000010000010100100001
110110010001011110001101101000001011010110100000001001000000
000001010111000001010000001111111110000100010001000000111000
010010110000000011110101101000110011111010110001110100100101
101011010101001010011101111110001000111010001011110010010001
011111001000100101000001011101100010000100101011011110001111
011001111001010011000101000111001001101110110001010100011110
101000001101000000011111010101100100101010001010010011010110
110111011101000000001001100101001111100001000001011110011000
110110110101100101110001011111010011000110111010111011100001
100101010001110100100111100010000101101010000100111101101101
011110111110101011111001001001101000010010010100000000000000
111110101010000110100001111110001100110100111101100100111110
111100111110100100001111110011100011010010000000000011001111
010110010011110001101011100010011000001000000111101000011100
010000001001000101010000100000110101110011011101010110010111
000100101100000110110010011100011010101111100100000001010111
011000010010111100011110011001101001110011100111000000001101
001011100011001101110111001110100100001101111111010001111111
101100011011011101011001010010110010110101100000001000010001
100100000010010001011011110000111110101000100000011110010100
001111001111011101011101011000010111110011101000100111110010
111011111111001110101110010011001101110010100111011110100010
111101110100110111001101110110010000111111110110100010010010
100001001100010111110111010101000011010001111011010001110110
111111000001101100000011111110011111001101101000001101011111
110111110110101010100001011100101000100111111010001101110111
100111110111100110010010100111010011110110011000100111101101
000010001011011011010110110101001011100110100101101111101111
110101110100111110010101000110110101001100111100000000101001
110001100001001100111111001010011110111100011010111101100100
011010110010011010011000001110101010101111100111000011111011
