001010101110001011010100101111100000001011111011001000011110
010000101111101111100010101000110111001000111101100001100010
100011001111111110000010011111110100001111011110011011101001
011001100011000011011100000011101100001001111010011101100010
001101010101000101000011000011110110100111011110010000000111
101010100011110010100101111000110010010111011010000110100010
100101010001100000100101010100101001111001000110101000110111
010100001011010011111001111011111010100110101111011001110011
011101000101011110001000011010100001001111110010010101101011
001011110101011001001010101101110010111110110111010111110110
011111110010011010100101101111011111010100100111011011001101
010011110010100010111111000011111111001101000110110101010101
011111110110111100010101111000001111110001111010110010101111
111101000000100110010000100010101001010000100001101011000100
011001110000100011100111010010111111000001101100010011000010
110100110100101000011100110001001010110011011011111000011011
010111010011000000111001111101000110001010111110010011010111
010010101010101100011100110011000101111000011101000001110101
010001100100001100110010101110100100001010001101111101001111
101100100000100110100111000011011011011100100000101011001000
011001001001110100011100001011110000100110010111100101100101
010100100110101011101011110001110010111000010100111000000001
010011001000000110111000000010000110100100000000101000100001
001101000110010010001101111100100011101101011010011110011111
101001111100000110000110011101110001001101100011010101100011
101010000011100111110111111011010001001010110010110111000000
101010010100101101011100111101100011100110101001101110000110
110011000110111100101111101000101110000101000110000001110100
110011101001100011100001110011010000011001011110000001000000
001010100000001110100010000010110011110101111111010101001101
110011110111011011100011110110111100110000001000101000111100
011001011110001011101001101111100001000110001011101010111001
000001011001011010100110011011111011110111110011111110001111
101011011011100110000001110000101101000010100011001101001010
100011000100001001011000000011110000010001100010011111110011
011100100100000111000110100101010000010111001010001000110111
001100110110111000001111011110110011001011001110100000010110
000011010010000110110010001111001001001101101000111000010011
111010000111101001101111100101011111011010111100001010111011
110001000001111011001101011111010100100011011001011110000110
