100010001011100100111000101010010100101011011100010000011010
001101011000001110101001010101110100110111010001110010000011
001101110001001011100000010110100000110011111111110001111100
011010100001010101010101101010110010100001000110100111100111
100110000111010100100011010000101011010010000110010010110111
101010000011101011111101011101100110100010000010001011011110
111000001110001000100000101110100011101101001100011100000101
101011001110101000001110101111111111000100101001011010111100
001111110100100011010001010000001110110110100100010110010010
101000111101110111011000010110100111001100111111110101011100
110000111000111011011110001001101011001001010001000110101111
100010111000000111111000110001010011010000110001101011010101
101011111001110101101000001000110110000010110000001101001100
101100111110010001000101110111010110010111011010010111111001
101010011101100101100010111011110100110100101001001100011101
011101001011110000011101000000001100100011100111010010000101
000011111110101000001101101100000100110111001010011110110101
010110110110111100101000000011011100010110100001001001010110
111001101011000001010111101111111001000000101000110101001101
101101100110011100100011110101100010110111111001100100111101
111000010010010011101010011010000101111101010111101011010010
101100111000101100101100111100111001110001101101010111001001
100000100001111101000100111101100001100110110010100010111111
110110111100001011000000111110000011100000110001000010010101
110011000010110011110101110011110001010110010101011110001110
100101010000111111111111110101101011011001000011001010100011
100111001010100011110110010011011111011000011110110101110110
000110010011000100000000100111001011101110100001001011100001
111111011101100110110010111110100000111000101101001101100100
110001000110010101000111010011111001010010011111111001111010
001000001110001100011010111111101011110000001110101100000010
010101101001000110000001100111011000100111100001110001110110
110000001100111011110011001000000111011011111011101000100001
000111001010101100001001110110001101101000010001001101000010
011101111001001011100111011110011001100101011010101100100011
010001111010010111000111101011101001110001111011110001001011
000000000100010110001111010111011101011001010010101111000000
110000101110111111111011011001111101001100011011110010001000
110000010110111110011010000000100000001111111000011110101110
111100010100010101010000101110101000101110111010010111101111
