000110000100111000101111100111010111110110010011001001000000100100000100110010101111100110101101011101000001100110111100110101110000001101100011111110101011000100110011110110001100
000100010001111110010000000110011111111011001111001010001000010110110010101101100101011100010011111101010000000010000111100100011000101011001111000001000101101011010011001010001110
010110100000010110101110101011010100110001100100100000110101111001101010111001011110101110001110010001011110000001110000101111000001101010101101100100001100101101111000101111000011
101110011000010011011100110011011011110001100001101100001100101001010101101010110010000010011000001111111110001010110111101111100110010110000111011000100010101001000111101010110110
010001111000101000011111111111111111110110111101000000100011001101000001110100001110011100011101111100001010111001111000001011101100001000011011000101000010111111100110100010110001
011000100000011010110101010111010110001010011110111000110000111001101101111000110101011111101001101101000111001111110011011011110000011010000100101100010111011111101110011010100100
000100010001101010111010001000100011101011100101011001110001011000111011111100100011110000111111110110001111101010011000100011011110111101100111111011010010000101100001100011111101
000000100110000111000100100011101111000000111100011001101010010001000100100001010001100100100010110111111111001110010110100111010001111110010001011101101000101000001111101001101000
000000110100100111101101101110000011111111111110100100011010011011011010010000101111011101010000010011011101001100011110110011011110011000100010110001010111110001000111101110010111
011001011000011000000101100100010011001011000110011100000111111011111111111011000001111010110100010110101111100111001000111100100010110011011001110011101011100100100100110111011110
111110100100000101010010000101010101111011010111101011001101111000010100001011000111100011000111100111100011000011011100100010011111000001100011000111100100010010011111011001111001
101111001000111100010101110000111110010100110100111000100011000101100001101011000010001011011001001111101010111111100011011100111010110011110011011000011000111111001011100000110010
100101110110000100010010101010000011101110111001100101011100101011100000001110111010001100110000010000100000100001011110100111101111011100010000010100001111111110011001111010100001
101001111111000011101111110111111100111011111110000110110100001000000110110100000011100011010011101110000111101111000101011010011010110101011111010101001010000111001001110110111100
010110010001001010111010000111110100110100101010111101011101110101101010010100000100001111001100111111101011100010101111111110111001110001010000100101000011100000111001011111100010
111110111000111110111110001001101011111100100001010000111100110000111000011101010100001111011100000011010101101001110001101110000010011010110110000111000111101010110100111101011001
011011011110010000111110001100101000101001110000010110011010110101011000010010101010111101010001101001000111110100011001101110110101011100100111001010100111010111110001100111000001
000100101100100010010101110111000101110101010000110011000110100011100011101101001011010101001001101001100101100101010000101111010111111001111001011100000101001100100111011110111100
000111111111111111110011111100101111001011111100001100011111010100111011110001110101001100100010110110000110001001100100101101101110100011111110100011100100100010101111100000011000
100110011100011000001101110010101001101101001000001111011000111100101101010111101011101100000110001001011111001110011000111111000010010010010000011010101001101111000100110001011011
110010001010010110010100011000101010011010111111001110010000000111111000010110001110111011001100100011100101011000001100001001100011011100011111011100000011110111001100101111100111
110111101100111001101001110011101001101000011110100111111101101001100010011111000010011111101110010111001101110011100101010001100101010100000010010110000111001111110000001011101111
011101101111111010110101001000011000011000101001100010100000100111111001101010000111011111000000100010100100110101001011101110010100101001010000101001001001101111101011010011101100
010100100101110101001001101010001010110110000011011000100001111110110001111110000111110011110100000011011011101000101111101011100001001110010100110100011110000000011110110000110011
001110010100000100100100001000100100000100111011100011000000000100001111010001110110001001001100101100110100011111111000111011110110100100101011101000010000010110100101011000010110
010001011011100100110110010001110111111000011000001101000000000010001010110111011101110100011000110010000110101110001010110001101001100100101111011111011101000011010000101111100110
100010000101001101100000010000110111010101000001010001100000010000011001000101100110110100101111100000011010000010111101111110111111000000111001101100101101011101001010101011100010
100101110000101001101100111111001101000101111101111101001001101110000010100110101011010111001010111000110100100111101111000000111111110001000111111011000110110010110101000010000000
010110101101000110111011101101000001101011110111010010110110000110001100110100011010001000111001011100101100010000001011010110010110001011000101011110001111000111000111111001101000
101110101110010010110010000100101000010110011000001010011011011011101100111111111000101000110101110110110111010101001000011101110000001111000100010011111001010001001011111100110011
000000110110001000101101010111000110111011001111110000100010011110111110010000000100010100101101010101110000110000001000110011101111101001011110110011100101011111100011010010111000
100101100101111110100100011110000111110010110101100011101011001000100101011011110111010101001111010100111001011100011010100011100100010111111100010101111011011000000001000010111100
011100110111010011000111101111011010100111100000100011000011100101110011010001011111111010000000100010001100100000011010000010111100101011010100111110001000000100010001010011110100
101010011110111101110100101001011100010001111011111010001001011111110100011010101010110101001100111101010111000010011100110100011100000011101001100001011111100010000010111000011001
001101011100001111101111101101000001110000110001011100010101011111011111001100010001110000110001101100000000110100010010100101011101110000100110111101111010011110011111000100000011
001010001110100110000001111011111011111011010101111100001110001110000111010100001110111010111100010011111111101110111101011000000001011101111001110001100000111110011101101000100000
101011000011111010100110110000111101100101001011011000111100000000110010001001001010010111011111000110001100100010101110001110100101110011001011000101001110011000001000100101101010
001000110100101111110101111010100101100010000000010111000111000010010000101000011010111001110001000011111101111110111110011100110011011110110100001010110000110011111101110000010001
101010110101110111110100010100110001110101100111010100001110011101000010101010000101000111110101111000011110100111111010011011010110000101000011000011101110101001011010000111100010
011011101001111101101010011100110110101000010000001010111011001110100100010011110000000110000011011100100110110110111111001100011110111000110000111000010111000100011111011100001111
010010010110010100100100100010011011010111010011000010010011011100101000100100101110001001011000101011100011101001101110110000010100000100101010101110011011110100010110011000010101
100110111111110111101111111000011000101111001111001010010100100100001100100111111100110011001011111101000111100110001110101001000001010000010110101110010011111000010100101011110101
010101001010110110100011111010011111101001110110110001000101100000110011101001111111100100010111001111001111011101010110101110100110000101111110101011110010111010010110101011101010
000110100101100110110101000111000010110101000000011101111010101111001001000100001111000100100111101110010001010110001100110111100000100001101100101111111101111011101100001011111000
001101000001001011010011100100110111000001001100000010001110011000100010001100001111100101101100100010011111000111101000110010011001001000011100010000001101011011011101011100101000
100101010010001001111100011110111101110101010011011110101001111110011010010111110110001110010011000110011011101101000010001101100000010101100010100100011000110110101101110100111100
100111111111100000010001100101001010011001011100111110100010101011011111100101010100100011101000000010011100100011001011110001011101111110100010110010010010000111001001111000001101
101010001011101101111101100010101110101110001100011001111111001011100101111000101100101110000010010111110100110011001001110010100010100101111100110010011110111001010100100101111011
000100110000011011000010101110101100111101111001011101101010110011000100001010101101101011000001010010110000111011110010111010110110000100110111011111100010001000111010101110100001
011100111011100110111011101101000001000101010100011011001011110010110101100010011101010010001101110110110101010010001111011001010001101110101101111010100100110100010110001000101010
101001100100001100010110100111101010001100010110000101100110101000100011100010111010010110111011000001010101111000110011000101000101100111001010110001010110000001011011110001111001
110110111001101111111110011011100001100011001110010100101010100000001100111110101000001101101101111101101101100100111001110000001101110110100001001110111010001101000111011110111100
001010011100001100000010111100101100011001010001001001110001101000001111111110110010100000101101011001101000100100010011000100000111001001010010101110011101101010111110111000110001
000001010100010001111010101001100101011010111110010000111001000001011111000001010000111000100001111100110111010000110000111111110100011101100001011001011110010010101101001110111100
001110010001101001101000111111010000111101011111101111101111010001011111110000010111000110000110100011111010100100100000000000000011110110011010101000011111010101110011101010000111
100100111010111000110100110101100011011110000101011000100111000011010101000111101001110100000100000100101100101010011101001100011101110000100110101100101001000111100101001110011011
001010001101011011001011100110010111110001011010011100111011101101111110111010100001101011001110011101001101111111100010101001101010100100101010101010011111010101001100100100111110
101110001011010110000011010101111001001110110001011011011111001001001010110110110000000011101001001010011011101100100000100100110000110101110100101100110001011001101110000010001100
011111000010000000010000001100001100000111011101111101110101101011110011101001001111011100111010011010101101001100100011000111000001110100001010111001000100100101100001010110101110
010000001001010100001100111000010101000111110101010010100011010010010000111001000000000000011000010101010100011001010010011010001000100010100110010010111100000111100110111000000010
011001100011111110000100011100000001011101101001010010100010010011000010100100111001011011110100110000100101010011010110010110110100101010100001010111111111000111011010100011100111
100100101100010011110100101001101111001000101101100110011101101110111011101110100010001011101101011101100100101101011011100000101011011001100010110010001010001100000100101000010011
111111010001000010110111011001101011000101110011010111111101111110111111111111110100101101011011010100000111001010001101010010100110001000101011010111101101100000100011011000101101
101110110100110000111001010000111101010001111111110111011010001000011101001011010111111010100101111111010011111111011000000111110001111101111101101001110100001110111101101110000110
000010110011100010010000010110110101011100000110111101010000110111001010101001000000000010010001011001010001001110110100111101111011101001110011111101001110010110001100000000111101
010001111101010011110111100110111110011100101100011001110010001011111111010110101110101110111001101011011001001010100010100111000010110010011110110011100010001111101011100011110001
010010000001110001110101100110011111011100010000101000111010010110101001101011101110000011011010111100100111011101011010111111011110110010001111100000001010100001000100101100010011
000000100001001011100011010000110100100011101110110000100101100001010110011001000011110001110100110111101101100111101110011000111111001001101000110000111011000011010011100011001101
010001101011110010010011000110011001001110000101010010111000100011000001001010001100100101101010011110001110010011000110010010111001000110111010010000010011001010001011001100000111
111100011001111110010010000011111000000100001001001000100000001110101001010011100011111010110000000001001100010001101011110010000011110011100100010110101100001000111000010011000101
100111011101001000000100111110111100000011101010011100110100011111000100101101011001111100100111011010001110000100101000011101001001101010000110101011101101110010110111000101000011
011001110110111111110011011010111100110100101001101100100011110001010011011011001110110010000010111010001010011101001011110001100111110000100100011111110111011000010010101000100111
000001001101010110110101011111001110000101001000001010000110011001011000010111010001111100101000111100010010110101101010010100101110110000001111100100001111111111100111011101101001
011001110110001111000110001100010100111011000001100111101001100110111111011010010111010111110110110011110010110100011110111101100100100101101000111000000000011010100000000001100010
000011011000100001000000001010010001010001000000010001000001001110011101110000110000110110100010000110101000001101110011000000011001110111111101110010110011011110100011111110100101
110110111000011110111111100000011101110110111100000000110101110101000011100000000101000111010000101110010001111010000001111100110010111101101001000111010001001101000010111011010011
110001001011010110100110011111010000010011110110110001111100000011101100111001111111100101011111001101011000010001101001010000101010001101001000000011111100010000101100010101110110
011010000110100111011001101110011010100000101000111011000100111000100010000010001111101010111000000101011111000111010000110011011000011011101011100110010011000001100000000010110001
110011010100101000001010110010011100011011001000010011111001001011010001100110101101010100100110001001111111001101011101111111100011110000010111110111101011011101111111111100100000
001010100011010011101100010000001000000101110011101001001000111001101111001010101010011001111010000100000010011011101001110110001000001111101000101101000101111111001000100110010000
000101000101011101001100001010010110011000101101101111010110000001111001001101100011110001111010110100001000110010110111010010100110001011001111101000100001001011111000111001100111
111010100100000110100100011100010111000100110001111001011110111001100100010001101101111101010101001111001011111001011001001011011011001000010100111010010110110101000011011000111010
100010101011010000100010101111001000011100011010111011111011000011110000111101111011100111001000101001001110011111111100011011001110011001000001111100001110000010101100101110100110
010010001000010011001111011110111001010110000010101110111010100100101010011110100111011011101111011100101011111111110010010011000000000000100010001100110110000010100010010011110100
111001010110011100110001101001100110110001111111010101101111100011100001101011100010000101101111010101100011111101111011110011000001001111100101011110000000110101011000010100001111
011010011100010010011000100111010000000000100110101000110110110000011100010110001110101001011111010011110111100010101111010100101110100001000011111010011000011001111011111010110100
111011100011101101011001001110100001010110101010010100000010000101110001000101110111010101010101101100011111111000110101110000111010111010111001100111111111101110011100111101010100
110001000001001001111110101000100011010110000101101010010001000000101101001111000011101000100010100111010101100000010110001001011001101111111111011010100101000100110010110011111001
100110001000001101000011111100001101010110111100111111110110001101001000100001100100000011000100111010101100010111011100010011110001111010010111111110010000001001010110111110000100
110110100101000110000100111110101100110000100000011010111101011111100011101110011110110111010011100100110000100000111010100101000100100010100011001111100110000100000101101111001101
111010101010100110100110100001010110101101110001001000111010101001111010111100000100000110110001000111110001100001000111101001101111111011111011010111000110001000011110111001000111
110110110100100011010111101111111111001010111001111010100001111010011000001101000110000100101010100110111000001001101111010101000010001111000111100010011110110011101010000110000011
001010110011001001110011001011111100100100100001100010001011011110111010001100101010011001000000000001000010111110011111100011100000101000011111111111000100101101001011001001110000
110001000001000101001010100101011000011011001111000001110111010000101110100110011101001111100101110010001110011001100000010001110000101011111101001001001101000101010010001110101111
000000001011110110000111001101001111101110101010001100110111101111010110011010001011110000000010100000111010110100110010100100000001111110011111000011100110000000001011111111000100
010110010000000110110110010001111000001110110100100011000011101001000001001001111110110011010000001000101110000010010100101011101101010111011110001001010010100101110110101110111001
001100010011000000000111110001011000000010001111111000011011001010111110100111010100101101111100101101100101101011000110011100011100111100010001001000001100000101000000101111110101
111100111110001111001011100101011011101001000111000111111001101010000100001110101101011000101010000110111100010010011110100111010111100000111110001110100001011100011011000011000001
100000010010000001011100111100011100100000001111101000100011000101110001000110111001010000011000100000001010000000110011011000000010010110010100101111001101110011101010011001101100
100000111101000101100101000110000001111111011110000110011101111110011101001101100001010011010000110101110110101101001010011111110111111101000110010111000101000000100011100001110010
