101101000000010000101011000110110000000010010101110100100010
001000001100111110011100100010011110111011110010110100100001
110010010100101111000010101001011011001010111110010001010100
110111010101110011000001110101001000000010000110111110100110
000000111111100001110010111100101010100011001110101101010110
010001011100111100001101111100101111110010100010110000101001
011100110111000000100101100101011100110100101111101000001001
010001001110101101011010000000001000100011110001110010001010
110001010110001000000001101000001111011110011110000111110000
011111110101001000000001010100010000101110011111111000000110
110110001001101010000010001001101001110100100010101100110100
001011101001001010011001010010111100011010010110000011101000
100110110111000110101001001001111000110101000111111111001101
011000111110110011010010010101101001010000100010100110001000
110110111000101010101001011110010000010100101101000100111011
111011010110101001100101011111110010001110100010110001000111
010001100010111011111010101100011000100101101000101011101100
101011110111001111111011110000100001100001110101101001010111
111001001011001000100111000011101100011000011111111111110110
101101101011001111001001010110100001010001000100110110101010
000010101010011110000000001001011111000111010101011100111001
010100100111110010110000111010110001101101110000100101011001
100000001000010100101110001100110111101110100000111010011100
001011111100010100000001101111110000011001100111011010101001
000111100110110001101101101101110011010000011111000101111101
000001001011000101000101111111010011010011100111010010101001
100001001101100101010010010011001111110110011110010010001111
101011101010100001000000110100111101000000110111010010110101
111101100011001001110000111001010101001011100010101100110000
111101101101010110100100001000111100001100011110001101001010
001110100110110001110001000001001101110101111111000100100100
100100110011000111110011011101100011000111101101000011000000
001011000011010001111111001000110010110100101100000010111000
101100111010110101110001000000101001101001100110000011000011
110001101001101000011010110100111110001010000101110101110101
101011011110101100010111100010010010001001001011111111000000
010011100001100101010110000111100110100111010101010010111100
101011000001011001100010110101010000001100001001011011001101
011111000111101111101100011111011010110110011010110001111110
110100000100010010011000100111001011111100001110010101001011
