110101101010101101110011001010111001011110010000100101001000
000100101000110010001010010011100101101010110110111100011101
100101010000001100001111101000110001101100111001011010110001
001110001011100100100001010110000000001011101100101100110000
111110011111011010111111110011101011110011011010111111100011
011100111001000011100011101000110101101010111101100110000100
011011100000011010110101010101101001011001110001110000100000
110001011010101010001111000011011000010100100000101000101011
110101001001110100110100110100010110011100001101000010101101
001101000000101000110111111010100100010010111000110000111111
001110101110111100010001110110010011010111000110010001101000
001100100100100000011001111011011100101000110001110000110101
111000101010111001001011111111110110010011010101011010000100
001100001111011110110101000010000000100011011001010110110011
101111110010000001100111100111000100111101111111001100111010
011011010001111000110111101100101110010110010000011100110101
000111110010100110101110110110011001011110100110001110101111
011010010111011101110111111101000100110001101110101011011001
101111000010001011010000010101100110001111001000110110110001
010101111001100110100011011111101111111111000101111101000010
110000001001100011110010001111111111100111011000111000100100
111100010010110000100011010001001000101000100011010100011110
000011001001010011101001000110010010011000010101001011111111
110010010111011100101010101010101011100110011001011011011100
010110001001101111100111011011001000001101011111001011001001
100101001001010111001001010100100101100111101000101101101010
101010100010000101110001100000110011100111111110010001011001
100100111100001001010001111100111011000100111010100100111101
010011001010111100101110111100001111011110000001111111011011
001110100111001001011111010011011001000110111101010011001011
000111011001000101100001001011011110010001101110101110010111
010001100000101001101001010111101110111011001100010011000110
001101110000010000110110100000100001101110000111011011010110
010001100001010000100010111111011010110100110000111111010010
001010001001011010100110101101001110001011110000011010100101
101000011001101001011010010100101101010111011111010000101011
010011111010111011011011000101110111101011011110011011011111
111010000011100100110100010101010010011000100000111100011111
000100111001110110101110011010010001000101000010000101000011
110010011010110011011001001110001001101111100011101010110110
