101111001000001111010010111001110100010100101010100101110101
001000010100111010100110000011101001010101101000100111001010
000010010011011100101111110101110100110110011111000000110011
010011011011111101100000011010100001110100001010010110100101
011110001111010000001000011101011011001010100111001010011110
011100100011010110101010011010010010110000100110110010111110
110111011010100110000000010110111010011111110000001110011101
000000001101000100011111001010001001100111111001101101001111
011010000100011000001110011010001100111010011110111001011000
000010001111110011011001100110001000001011010000010100100111
100000111111110011010101000001011110101001101010111100110001
101010011011011010100101001110010110011110111111110001100110
010010000111000000011011111101101000010001001011101001010100
001001110100101100010000001111010011011110110001111010110000
101100001111001100010010000101101010000111101111010101111010
110001100100110010010111010001000000001110011101011011111110
010000010111001001111000101111100101100100011010110010001100
001110100010101011110110100101110100010010001111001100101001
010100100110101110111001111110100010110011011101011111000010
000100101000101000000111110101001100100001110101101011110100
110100111011110111111011010000110011000000011010111011110111
100001111000011101011110100011100011011111110000011011100011
110010100011000011101011011011010111101000101001101001010000
000001111101011001000001000000011101100001011101100011111101
010011100101111111001110111000001000001111100100001001101011
110110101111001111001100111001011011011111101111100000011101
100011001010101000011101111110000011101000111111010111011001
001110001100100000110111110111011110000101111001001101111001
110111111000010001101011101011011100111110110100011100001001
011010111101001000111010100011010101110100101101110110011111
000011110000100100110001011111111111111010100100110011010011
001101110101110010011001010111111100001010011000011010111011
000000000101001100010101000001111111010010001000010011000000
101101011110101101101101010110001000100000111100000111111000
100000011111001101101011000101000101001100001001010001101110
000111010000011111100111011010101000001001001101010101100000
101110011001011101111011111011010110011100111011110000010000
010001111000111001101000110011000011101111101111001010010001
101100001101110011010000011100010111001011001001010011000001
011011010000101000010010100001010111011000100011100111110101
