101100010110100000101001100111010000011101110111100010101010
101111010110010101110111100001010001011110111001111001110101
111001110110000111000111100101000000100000001001110001101010
111100000111010010111000111110100010010000000011000010101011
100011100110001101000111001110111100100000101110111010100100
001010111100011110001000111111110011001001000100111000011011
101011001010000011011110101111011111110111110011011001101101
011100000011100011001000110110101100101110001010011010111011
100000011000001110101110111100010010101100101001111101011110
100011000111011100010010100110001000100001001001111110111111
111010110100100000101001011110000001110111111010000101100001
001011110011101011101001000001100001111111111011111000101110
010010001010011000000100001111101111001110000110100010011011
011110100001111101110010001011100101001011010110100100011100
010010000110000101111111101011100010010101000011101010010000
101101100010111010011100011001010111101111111110100011011111
011111111010110100110110111010010110111100000001111011100101
010110001011110111111111011000011001111000000100100101111000
110000110001011100011000100100110000001101100001111011000011
011001010011110100011000100100000110110110101011110010101001
101010001010101001111110111101100110110001110000011001010011
100010000000101110000100011011111010010101010111100010101001
111101000000000101110011101001111111000010101110000101010101
101011011001010001111010010001101000110101110111111110000100
101110000011001110001110011001001010010100111101100101000001
101001010100100010111100011110000001100111100110011010100110
111010001010011110101100000000111000001010101001111001111011
000110011100100001000100101011001001011100111101000100101111
000100001001110011101001111001001001101011010011110111111010
101000111101010001011011111000010101000001001100100100010001
000111111111101011101011000010111011010100101111011010110111
111000111110111001001011010110010100100001110111001010001001
001010111110110101001110111000101110110000001001101000011010
101111110110000011110000101000001110000110011110001111001111
000110111110010000010111011011110010010010110010110011010001
001101111011001001100010101101101011100111110110000100111011
100011101110001100110111111101111101111011000000000000000110
010111101110101101110101010001101110100000001101000101100111
010110111110100001111001010011100001010011110010011111010000
111101111000101001000110001101111100110100010000010110101011
