101110011100000101110101101000000010010011110110101010110011
101001101110111001001001110100001010010000001110011011101111
101111000110110010001010011000001110010101001110001100111101
011000100000101011010000010000001000111001111011100001111000
111110111101101001011110000100011101000111001111110010001010
110101010000111010011101101010010001001001000100011000000111
110100001110001111011000000100000001100101011101101010001110
001010010011101110101101011000000010111000000111110000001111
100000000001110011001001100101001010010010000010010010111000
111110101111111111011010001000111110001101011001001011101100
101011010010011011011101110110011011000111110010111011000000
101101010101010101111111001001100001101110010101101001111111
100001110001100110100110000001010010000100101110011111011000
100111101001100001011111110011110100111110011101011101011011
001111001111011101101001101010110000001000000010110101111100
110111001110000100010001000010111000101101001111010110100110
101001101010011011000011000110110000010101100010110111010110
011011100110100001100111000100111001111110110001010110110101
100010010101010111000110101001110011011101100111110001110111
000110110100010010100111000111111000100010011010101110110000
100110000001011000011000110001010001000000111100110110000010
111000000001110111001001111100111000000001000000111111110111
000011001000011101011011010110110101111000000011111011000110
110001100001001110110101010011010011011100100110010111100000
111011100001101000110010010100100001110001000010000000011100
111110111100000111010111000011110101101101001111110111001010
001010001101101010000101010101111001010111110001000011011010
011101100010001010011011110110111011101001001010001110000000
001110001001100111110001110111110011110101001101010100101011
000011010101110100000001001011101011101100010001001010010010
010010111011001100110001010000001001101100011011111000001011
100001010011110110011010001010100000100111000100100010010010
100010000010000101001101101000001011101111000111010111100011
010001101010001000100110010110000110000111000010110100010011
111001011101101000000000011010111010110100101010011111010101
010111110001111111111011010010100111011100011110100101111100
001111101010100010110101110101001111000000001010001111111101
101000011010011111100111011010001110101011100100011011111100
110011001111101111111011100000101011000111001101000101001100
101111010010110000100011001001000011000000001001110111110001
