011010001010001011011111101110010011000000001001011000010001
111111011010101110101010011100101101010101010101011001011011
010110111100000101001010000111001011101110110100001111011111
110101011100011000001011111010001101001001000000111111100011
000011010110111001100010101010011000000101001010111000101000
110011001001001001001101111100010001100001000010010111101100
000001101001100101101000010101111000010001110100010101000001
010111001111101000101100110101100111111101101111001111011110
101001000111100100100010110100001101110011000010010110001100
010111110011000111101100001001010111111010001010101100011011
010000101100001111100110010101100011011001001101111110101101
100100100110010101000000100011011100111111111000111010110110
101111101110001011111000010001010110110000000111110000100100
010010111000001011111101010000110011110111000101000110100100
110010101010111111110001010110100110100110101010100111011101
111101110010010010001110011011110010101001111110010100011100
000111000000111101110110111101110010110000101101001110100101
101001011101111010100101100010110111111001110010011011111010
001000100110001001000111011111011001000101111111011011101111
110011111000011001110010001000100100010001111000101001011100
011000100101000100101001011000110110001000110111001000110000
111100011101011110101100101011100110001110111001110000000100
101000011101110100001001001001010100101100000001011001111101
110100111001011111100100111001000011010010011101100111100000
001110101011010001001111000100101101101101100110000000001011
110110101110011000000100011111100110011000000101011010110010
011001110001100100101111110100001011000100101101000100110010
100100111010000111001100110101001111010100111000010010011011
010100001100101010100011010010001110111010101011111111110110
111110110000110110101000011110110010101110100100011011001100
100000101000110110100110011001000010111111010111011111010001
010101101100011110101000110100000110100001011101100111101111
110011110101100000101111001111011010000000101110001110010010
010111100010001100110111100011110000110001001111111010101111
011101000010011100000001010001111100000111010001110101000010
100110001000000110001000101001011100100111111111110010001110
111101111010101100011011001101100101101011011000110100001010
000001100111111010101011101000000110100001100110010101001001
011000101110010111001110000101010000100101111011000000010110
001110101001001110101101001111100010110011111100101000101101
