111101100001001101100111011000001000111010000100001101100111
111111011101010010011101010011100111001000001110111000101001
001101000000110101001001101111000001010111111010110111101100
011011101111000100111110101111110011011000001111010100010111
010001101001111110101111100011110100101011010010000100010010
100000000101010100111001101111111010101110000001001100000100
000100101101001111101011000001010001110111000000001100101100
010111111110010001101110010100100010101111000111111000010011
011000111110010001000011010111000100001011110011111111000010
001110001010011011111001111100001001001111011001011001110100
111001101011000000101010011000000110001000110111111000011101
101101010111101101010111110110100011101011001110110011001011
101101010010011101011011101011100010011110100000000000100010
101001001011000100000110000000000001000101001110100010110000
111000010001100010101111110011001101000100010101111010110100
010101100111100101010010110010100000101011101011110111100110
000011100101001010111101101011111110011010111110010111111110
101010010001010001011111011111100000110010011000110100010110
001001010000001110000011000010111110010111010000000010001100
101011011100001110100000111110001000111001011111001101011100
110010011101100101001000000000110101010000101111110100111000
101110001010111100010110000100110000100011011010001011011100
000101101110111110111011111001000001010110110011101011010010
111111111010011011001100110101100100110011011101111011010110
001010111111111111001000000110101101110000111001011111010100
100011100000000001011101101111100001110000000101110001010010
011111000001111001010111011011010100011010100011111010100101
000101110111110001011011001001001000101110010011001010111111
000001010100101001110110001011110000001101010001101110010010
011100011010001111100100010001100100000111010011111100001011
110100000011110010110111010000010010100100010001010111101110
001010000011111010101100010111110001001111101010000111110001
100110100110000011100100000010000110110010111110010101010101
111010010101110100000101000000001000111100011111011010110101
101011010010111001000000001100010010000100011011011110010000
110110010110100111001001000011001001001000011111001011101011
110110110011000111000011100110000100101100010100001110111001
111000101001110110100011111110111010010000110101111001101101
100010010111111010101010010100000010011110111001000101001010
001001110101000010011001000101100011000111000011011001110111
