001100011101011101010101111111101100001111001111100011101110
111011000110101101000101001111010010000010111111010010010010
000110110111101000111001000010110100111111101100001100111101
101100000111010011111011100000101110010000111000101111000000
101001100100001000101101010001000101001011100011010110001011
011110100000101101101001010100110111001010011000100111001101
000110001110101110111111110001110000011001001110101111001101
010110001000111011010010011000000010110101100000101000001110
111001001000101100001010101100001000011011000010010110011101
100001011100110101101010000110110000100111101101000110101001
100110000001110011011111001010110011101101101110111111011011
100111100101100111000000011111100011000010000111011101010001
010100111110001111111000011011010111011110000011010010011001
001000111110010001100010111111000110110110110011011110001011
011011011011111100101100000000010010110000000001111001101010
100001001001000101111010100101000100100001110100101010010000
100001110001111000000000110110100000101111110101011110101101
100000001110110000101001100001100000110100000111100110011001
000010011111001111111011100000001010011001000000111000100000
100110011100010111010010000001011011110000111011000101101111
101110110010010011110100011000010111110000100110010010000101
010100111000101101100011010010010000110001110001110010101110
100011001111001111011011100010110101111101001000011001110010
001111011111100111111110011010010011011110001011001111100111
111001001111010010100001011010100101101000011111011011101011
101001011011011100010100100011101100101000111110001100011011
010011000011001000000101001001001100000010110100110111001111
001001111001100010101001111101001101001110101000101010000100
111000101111011111100111111000110111001011011100011011101001
110101100100101011110001000000111101011101110001000000000000
001111001000100000100010100011000000100111111100110101000111
111000010110100110101111111101110111110011111010111110100000
110110100011011100110101000110001111100001011101100000110000
000000001001011000001000000000011011001001100101001010011011
101000100000100110011010010001011100111100111010000100111001
010101111010000001010011011000001110100110000111110000001111
111010111111011110101110010011001011001001111101101000110011
111010110100110101111100000001101001100010011100011111000001
110010010101101001000000100100010000000101001111001000011101
000101110111010110101011111010101100100000000101010110111101
