000100100010011111001011111010100000000110110001110100101100
000010101001010010111100110001011101000001100000000111100110
011000110111010100100001011110000011110001110110111111000101
001010011100100110010001101011101101010010111001101001111110
101100101010100000001100010101000010110010111100100110001011
111001010011001011101111011000001101011001100111001001100101
000010010011110011001101011111101101011000100111101101111011
100001110111000110100010001011100101100101011000000000100001
000110011000110110010010101110101111111001011111001100000101
101001111111001100110110010111010111000111110110011110000110
010110000010110000010111011001100100001110010001001101100110
011110111010111001110111010001000001101110111101011000111010
110111110110111010011110110101110110100001011000110100000001
111010110101001110010111001011001011000111101110000110101100
010100111101011100000110010001100100100110001101000010111001
101101111111001011110110111010001001001111000110000010011011
001101100100111000001110011011000100111011111100000100001010
101010011000011100110111011111100010110101111110111111110111
000011110101111010110000111010101001111000111100001001001101
011100101011110011011100000100001100011101100111100111100111
001111010100100011101111100000110010000000101111010010101000
110001100001100011011111011100001001011001110101001100101011
111110100101100000010111000011011011011000100001001100100100
110010111101011000101101110001111010010001010000010001101101
011000000111110011001001101100110110011001011101010101111011
010010100100100100011010110100100001000001010111001011010111
001111011101100100011010000111000101111000000001101000011011
111100011110001110100110100001011001101100001001000001011000
001010001111001100100111100111010001101111010100000110011001
000011100100011101101100001101001010011100010100101001100001
000001011110111100110101111000101111001100001100111000001000
100111000011100100110011001000111001011100001110011111001010
011010011000010011100000101011011111000000001010111110000110
011001110010010111001000100000001001001000011101111110111011
011111010011011101010010001000001010101101100101000100001101
100000011011000110011101010001101110110010001100010001100000
100100111010000100001010101100001010110010111011010001000110
001000111100110010101010101000111000001111010101100111010000
100101101000010111111010101000000100010010111011111011011000
110001110000000111010001000000101011100011001011010011001010
