101010000100110001010111011010000100101011000100011010110100
110111111101000100010000011011101011111101011000001000110110
000001010111010001111111100110000000001100010100111110111011
100000011100100111001010100110000111111101011101101000110100
111100100101110010001010011111101011011010000111000110111111
010010011110001011110000001011100110111010000101011110110110
001010101110000011100101110100011101100110000110000011101101
111001010001111010111100111100100000011001000100111111111101
101110100010100010000011011100001001110011110011111111110101
110011011101001011111111001011010101111101110000000110010100
101001010110001010110101001110111110101111001011000101000101
100110110110010100000001000110110111000000001100011111111001
010111111010100010101000111111010001000100110110100010101101
000101111010110111001011001111111010010111011100011111001010
111000000011010010100010111000100010110110100000010010101010
000100000111011101111001011101100100110100100111111001000110
001011001110010111111000101100101111100000011001011010110100
101000101001101110010000001011110001010110111000001111100100
100110101000101011101110111100111101110111001001010110000100
001011111011111011101010011100001110100111110101110110110101
100000010001100110010000100001111101110010010011000000011010
111111111100001000001111001001001101001001000111110011101101
111011111111000010010001111001011001011111000110010101100000
010000011001001011101100010001100101111010111000000101011101
110101100101001101000110110110110110011100110001000000110110
000001011011011111000101011110110001000101111110110110011111
011100110110001100101111111101001011000000001111100101000011
000100110011111100001000001011001111001011001110010000011101
110011000100101111111010101010011101101101001010100110001010
110100111110110000110010110111011110010101000101000110000110
010011100011001110001100001110110000100011010000000010000000
101100001111011101001010000101001010100010001001010110001101
111011110001001000100000001010100011100010100110011111101110
001010010110000001001100010101101110011110010100100101111001
010011101001000001010100010110000101001010101101010000001011
001000101011100001111101111010100101000010100001111010001010
010011010001001011111001110000011010110100101111110010001011
001111010010000000010101010110101010000000111000110101101001
011010110110011011110100010011000000111100001110000111011100
100100011010101100011110100110000101010011100001011110001110
