1111001010001000101101011001110011101011100110110111110000111111011001101100001110001111100101100100
1011111100000000100100000111010000111100111011100010110100000010000101010001111100111001110101011101
0001010110110100101010101001010110110010100101101111100111001100100000000101010111001000110100010101
1001100010001001011010000011001010110101100111010101000111100011000101111010010110011101111111111001
1101101001010011111011111001111011001101001111101010000011001101101111010101010010101001011000000011
0000101101000010001110000101001100110011001111011111001110110111111111101110101000001101100100111011
1010000001010101101111001001010110010101001001111111110001001100000111111101100111010010110011011011
1101010001101011010000111011010011100011101111101011100111110100101111111110101111000101010111101101
0100001010110111111000111000111011010001001110111110000010011100010100010100101100001011010101000101
1011001010010010010110010010101010100100111000110111001111111000000001111111001100101010000101000001
0110011110010000101100110001110001001000010000101001001100011111100101011001001111111111000001010110
0001110010111000010101010100010110011001010100001011101101000110000110000101101011111011100101010011
0010011101010100101110111111000110100110011101100011110111110010010111111100111011000001110000001000
0100011110101001111010001100100101111101001111011001100000011100111110111100110010110101000110101001
1001111100101101110010001100000001100001001111010101011010101001000111001100111000101111011100100101
1000000010001000100010011101100010110100001111100011010111100110010000010110110000100100100101111101
1110010000001101110001010010100001010110100011100011000010111010101000001011110001010101011011110110
0000100001001100110101001101010100000101101011111000110111110111111100001000011000010001010100001111
0110010101000110000001010101110110101000100101001100110011010101010101101000101100101001110101110001
0111111101001011001010001011001100100110111111100000110000010100110110000011001001111100110001100011
1000110101100011101010110110101000111000101010101011110100011000101001010000100111011101100110101010
1000011111000000100000100001111010000110000111111011000011001110110110110011010111000010000100111100
0110110101000101011011011011100001101101001101000101100101110101101000100100100101000110101010001001
0101111110011011100001001110101001100001000101011001000110001001011100110100011010111000111011100101
0110000001111110100111110011101001111111101011000111110000000101001010011110101001110001010000011000
0101000011100111100111101001001000001111011110100010101100001110000011111100111011010110100111001110
0100011101001011000100110111100001011000001011000001101111111011010100111011000000110111111101101010
1100000111010001010111000110100001010011110011010001000000111001000100001101011100001110000001011111
1000101111000000011100010110011111111011111100101101110011010100101010100111000100001110111100110111
0110000010101001000101111100101011011011011010111100001111100000001001001100111100011001011111001110
0111010100110001001011000000000110001100101011100100010000100000011011000000010011110001011111010101
1101001110101010101100100100011000101101101011110001110011011010011011011100110000101001000111100110
0111101110101110110110000110011001101101111010011011010000101100011100100011100101100110110110100001
1001100010101000011110010111110111110001001010100110111111100000000101100101011111010000110111101000
0001001110001100111000001100110110001001101101001000110101011100100101000101011100101100111111111110
1010001100010111000001101111100101011111101001011000111011000101110111001000101011000101000110101100
0011100101100011100101101100100010010011110101111001011010010000101010001011010100100100010110101001
0101111100100001110001111100000000010100110001011111100101110000111000111001111001000110110100101110
0101001010010100000111110010001011101101011111110100000111010111011110101100100001001111100001101110
0001000011000110111010010101111101010110100100100011100110111110011001110011010011010101100010000001
0010001010100100110001001001111101101111010011101010111100011001001001000110010000011111010010100000
1101101011010010011100000000110011101001110000000001001001010111011100101111010111111101001001100001
0001110010001101110100101101010001110111010110010010110100100111100100101011000000000110111000001101
1010110000000110000001010010001000110110000111100100111101110001011001100110010001111010101011111001
0000111001101000100010101011000001101111100111011111000000111000111111101111110111100011001101101100
1000111011010000111101111101110100011011111010011111101001000000101110001101100001011011101010110000
1111011110100010110011011100000001010100110100010000101001001110110110101100001010111100100110110000
0100100111111100011111011010000010001100111010110101101110000000100111010001011100000100100111101000
0100111101111000110010010010001010011100000111001001100000010000001010010000100101010111111101000010
0000000101110100001001000011011010010111001000010001001110100111101010101011100010110100000000101110
