010101011111111100000100000110011000101010011000011111001100
001111010011010101000010001100011110011010010100101100010100
101001111010011011001001110100100000100111101000011011110111
111000110110000000111010110111111100000011000100101000110101
011001110101101110000111010110001110000011100110100011001011
100011001100101010001110001000111111000010110011000100000110
001101101001110110000010111000011110011011000000000000000101
110001011010010000001000001111101010001111110000001101000100
110001101111100011111101100000100001001100011011100001001010
001110011010111001000011011100011100000111110010110000100111
100010100110011000011000011111100011001101110111110100100001
011100100100101110010010011001000000111111000010010011000110
110100100101000101100011001100111101001010001010010101001001
000110101001110011101011111110110101010100001010100111100010
011111111100100110111001001111111010110000110110000010000111
001101010011110000000011101011010100100110001000001110010100
001111101101000000100010100000011111001100101111000000110001
010001101011000010100110011011111101000011001110111111001011
001000111010010001110110010001011110000001101101101100011111
011001110110100100110111011010000001010110001010101110001110
101011010110110011110011110101000001000010111001101010111100
101010111000111111111100101100100001001101111111111110101011
100011110101101000010100101110001111110101100111010011001011
101100011110101100101001001100010110100011111111111000101001
000001100011011101010101100100000100101011010110000111110010
101101000010111111000100110011110010010100111011001101011001
110101110000010000101111000111100100101000110100100101110101
001100110111011101111010010000100010000010110111110101000101
100001011001111010000110001111111000100100000010010011011101
101001001110111011110010001110100110100001001100000000000011
101010010000011111101101000111011110011011100000110100100100
101101001000011010000101101111011001010001110010001100100110
011011111010011001110000110001101111011001100101100101011010
100111110100001100111100100101100010100010101010000100110100
010111110111011111001010101100010101111010000010110011111110
100110011111100000001110000110101100001011011001000000110111
011011101111110001000011100001111000100001100001101111001111
011010111001100000011001110000110010010100110000111100100100
000111111110100101010110101100001011011110011111100101101010
101001110101001111101100101111100110101000001001110011010011
