001101001001111010110010100000001000100001101100111101100100
000001010010101101000010001000000000001001111101100110110101
100110011001011000110100110011100101101101010111101110100110
100011111110010001100010100100011001101001001110101000010010
100010001100100010000110111011000100100000001100001011110010
110100110001111011001110000101001001100001101110011101110010
110001111010000110111100011011111111001101001101011000001011
000101001100011111011111010101111010111000001001000001010010
101111010110000011100110101111111011011001101111010000010111
000010111011101101100100001110100101110010101010011011110000
110100001100001011000110010111111010110000010000101100100111
100001110001101101000101110101000100111110001101111101111101
111011001011111000110000111001000110011001000111100111100100
001100001111001100111001101011100110010000100000000110101111
001111110000101111111000000011111010001100001110010000111011
110110000110111000110100010010001111010011000011100000111010
001101011101101001011111010100100010010100110000101100000100
111000001011001011111000001010111011010000000010001100010001
011100111000000001001110010100010001010110011111011000110001
001101001101100111111011101000010101011110111110001111111001
111100010001100000110000010000101110011100010000111001000100
000010100110101011110011001011010101010101011000111011000100
111011010101011000011010000101001000000011011100010011011000
000110000101100010000100101001101111000111000011111111110110
100111110000001000001001101011001010101100000101111111011011
111101010001010011000110011110111110010100010011100101010100
000001001101001101001111101101011010001110111101100110000010
110010000101011100001011101100011111001001001100001100011111
111100110111011100111010100111001000001001100100101111100011
110000111000000111000111101111001111011011110100000111011111
101110011111010101010001101111100110101010110000111010101101
011000011011111011110001111000000011100101011100011001111011
001011010100100111001101001100110101000100110101101000000011
000011101001100101001101100010110111100000001101010100111000
101101100011100100101101010100101001110111001010010110000100
010010011111110000101000100001110010111101111110111000100110
000000100110001101110011001010000000110011101000110011111110
110011000010101011001111011011110001101001011001001001100000
110100010110011011010100100110111101100000010011011000110000
101001000001000011001010101011000100001100100110110111100000
