111110100000100100010110111111001110001001011011111000100011
110011100010111100011100100010010001000110010011100110110010
100001011110100000100111100010101001001001111110011100110011
010000101011111001101101011010101010011000010011000001100100
110010110011001001110111110011111100100000110010101000001011
000000010110010011101110011110010000001011011110001010001101
101111011000010110001000111010010010011000111000111111001111
011100010101111100011100000010011000101010101011100101100000
110110110010101110000000110100010000001111001101101010001011
100111011001100110110111110101010110111100001010010000110001
100011011001101010111111101100110110001000010001001111101101
000001111100101100001011000000111110000110100010100010000100
010110001010100111011010100100111001011011000111010001000100
110010101101011100111111101011000111010010111000100111100100
001110100101111011110000010110111010101001010101100011110011
001111001000001100000010111100011010011010001110010101000000
100000000001110011101001001101101011011001001011000110101100
100111010011110101100011000001001111011011110011011101011100
100001111100000101011001100001011011100001100110110110001101
101001001100111100000010100101101011011101110010110100001110
010111001000010010110000101101001001001000101111101011000001
100101111101000100101111101100000010000011010011010100010010
111011001010110010011001001010111010000000010111011100111001
101110000100100011000111101110101111011100011000110001001101
011001000001110111011001101100000100000010010100000010101100
011001101101011010100011011110011111011111110000001001010111
010010001100100100101010110010001010010011110011110111111111
110001000010110001000111000100111111011110100000100000000101
111000001001110100111110011010000001101000011101011010000011
011000010001001000000100100101101010000111100000101000110101
001011100010010000000000110110000101111111011100110000101010
110010111110111100001000000110101010001111001100000111110000
110110001010000001011000110101101110111110001001100110001010
010110101100010011110111011111101011010000001110001010011010
111100111001001100111111101101000000110101110011001101001011
000110111111110001010100010000100001010011011110010100001110
100001000010000010111001100011101100111101110110001001000111
001010000101100000001000101001001000001010010110111001100010
010101100111001001001111100001011000010111011010010110111001
010111110010100100011100101001110000011011100000000111000001
