010110100000011110000101100101000001100110111001100101001010
110110011110011100000001001100010111010100010111011011111101
110000010010100000110100111101110011110001111110001101001111
000101110111000101101101000000010001101010110101000001111010
000100010110000000000000011000110101100001100111001000110111
001001000111100110111001100011110011010000010001101011011001
101101010011011000101011110000010011011011111000101010010000
000001101010010010101001110010110100010000101110111011000110
110010011010010000100101101000111001110110111001100111100010
111100010111111100100100101010111011000101111000000000011010
001011000011100111100110000010010110111100100110100000101011
110001111100010110101110101010001011111110100110001011000111
111101011100000100110110100010101111010011010100101011000011
010111000111101001101111100011101010011111010100100110111110
010101111001101001000011011101100110100011010000100001011101
010100110100100101110111011010001001011001110111100111110011
110011011101001110111111000010101010110110111010000110010100
001111000010010000011111011101101100011000000000001000111000
010100100111011000100011100001011101010011101101001101101110
011101010001110010111111100001001110100100011000011011001100
101111101001000110011001100001100101111110111010010001000110
001110110100110000100111011110001101001000001110001000100111
110001010110101011101011000000110100001010001111001000100100
001101000111000100010000010101101100110110100000001000010010
010001011100110000101101100001011101001100010010101010010001
000111111011110110001101110100101011111000000001000001110011
111110101111000111001001100111010011000111011111110110110010
110100101100001000101110011001000000001110000010010100011111
111011111000111110010100111000100110010010001011100110001101
111010001111100011101111111011001100100010100001101000001111
000111010000000010001000100011101101110110101011101001101010
111000110000111000001001000100111001100101010001010011100001
111101001110101110001001100011011000110100100010110111111111
010101100101011001100101001011010100110111110100001101110110
001010111111101110001111100011011011110011101101111101100101
100101110110000010110100000111010101000100011101011010000000
110001000110111101000111000111110011010101010000111000100111
011110101110101101000000010100010001011001111111101110100100
100011111110011101000001111101000101011111111000000011010111
000001110111101111111110011110110111011110111011110011100111
