000000000100011010101000000101110000011111111000100001000101
001111111011101111010110100000010111010011000110000001000010
111101000101100011011011011100111010010001000001111001001010
100010100111101110100100001101110110000010110010110110100010
001111101101001101110011111000111010011010100111001100000000
001001001011010110100000100110111111001000100001111010101011
011101110011111011111101001101111001011101101101000110110110
101110001100111001101011101110100100110110010100001011010000
011001110110000111101000101010010011000111001001101010111110
101101101100111001100000110011101111100001110010001010011010
001000001101110001011100111111010110101010110001001111100101
100111001101000001110110101011111101100000011000011010011001
101000011100100000010010111110011001000010010110011110111000
011111100000000101110001001110011011001101000000101001110100
110110010110110101101100001011011100001101110111011010101101
101111111110100111110100100100001100101011000101111010001111
000111100110001001011000011000101111110011100111101011010000
111011011000100000010000110011101001100111010001100011110110
010111111011101100111100011010100110001010011010111111101011
000100000001110001101001110111010111001001010100111011100010
101111000000110001110011010101111010001001101001101111110010
111001011010100011111111100011111001010111110111100011011000
000010001110010011100000110111000100011100100000110010011001
110111001110101110111111111111110101111111011110010100110000
101000010010011001010000111110001010101110000100100001000101
001011111110000100000111000110100000110100001000000011000000
011010001001010000001000111101111101101011011000110000001101
111100011101101000100110000111111001101011111101100001111101
000001000100101011111101000101010011110111011100000010100011
000110010111101000010011000001000101010100000100011011011100
011001001101001001110111101100100011011011111101011001100111
110001110110000111100011111101000011010010001111001001011001
100010100110000000000010011101000111001111100101110111000010
101000000010111001011010010111000010110101000010111101111110
100100100110101000001111010111010011011110011111001100100110
000011010000000011000101100000000111000100010001100101111100
100010111111011010010010010101111001110011000011010010000100
111000010000011101001110110111101111110111110001110110101110
010100111000111100100010101010101101111011000110100010111001
110110000111110010111111101000001110111111000010110000111101
