010011010101001100000100000000001100000101000100110000001100
110011011010100101100011010111100100111011100101100010100000
111111010100000110110111110101111011110101110010111111101101
111011001011010011000001111110110111101101100111000111110111
110101100100001011110011101011110101001011001101101111111010
001000111011100100001100111001101011011000011001001100101000
001100000101000100100101100001001100011111011011000011110110
011001110000111100110001110010100011000100011000111010110011
011001111010011100101110110011000110000111101010010111010110
010010101010110011001010000101000111000001100000001010100001
011111010101011001111000000000111101101001101101000100010100
111100000111010011011110011110000000010100110110100000011110
000100000100111010101111110000100111000110000010010011110100
110101010000000011001100101110011101001101110000101010001100
110100101100001111110001110000111100100100110010101110101000
110010001011100010011110011011011010110110000010000011110000
001010010010110111100011110110000000011010111011011001100010
010011001011000010001001101100100110101011000100100000101110
101101000000011000110001010010101000111010111001110100010101
100110111001100110001001110000011011010010011000101011000110
011101001110101000111100100000111000010110001101101011010101
000011010001111000101000100111110001100010011000000111000000
100101000101101100111011100001101001000101011000111001100010
100000100000001011111101011000010000100010011010100100001111
110000011010001110011110001000010011111011000000100100000110
001001100101111011100100101001101001100000101011110010100000
000100111111011010010110101001010001111001100011110000001010
001011111111101001100011110010010000010000110011101101110011
100111110101011101101010011001100110110101100111111011110000
011000101011111011101100000001101111001111101110111101010110
000101100010111011011011011101111110100011111100110011101111
110100010011001100000101011001011001010100010100010011000100
001010000100001101010010110100110001001001011110100111110110
100110100101000111010111110110001010110110110110110010111110
110001001000001000010010101101000010001111011001010100111100
100001101111100010101001101110110011101101010100101111111101
000101111011101111001101001010110111000101011010111010000110
001011100001110010011111000111001111011001001010111000110000
101011110000100110010001111100000110001000011101010000000000
111111000111000001111100110001001111001110000100001000011010
