001000011110101001010000011101110110000001011000111000100111
011011001111011101100000101011111111010001100101111100101010
011000011001011000111000101001110101000110101010110000001010
110110011110100101011100011000001000011000010101000000110100
100000010111011111100000100100111011110000010111100010111101
101101000101001110100110011111101100111010011000000000101010
000001001110100000000010000010110000001010100010101111110110
101100010110011111010110101000011100111010011110100010000001
000110100011001101110000100001001001001110100101001101001101
011000100011010100000001110011000010011110001001110100000000
101001100000011110101001111101110010000001010011010110000000
111100111111010100101110100100101000001000001100000111110110
000011010000001100101111111000011010001110011111110010111001
011001000110001100010011101101000110110001111111110000111110
001001110100010001011001001110110010110110100000100011111010
010100111000100110011011111101000101011000011110000000101100
000100001111000011110100000011110010110111011111000000101001
111101001001111100000001011111110000010011101110100011111000
110010010110010010111100110101001000101010101011110110001001
110111100001010001000000110101000001101110100000110110111000
111111010110010000110100100000011001110000100100110000000011
110011110001100010110000000110000111100100001110100110000001
111001110011011100011001011101110011011101001110010000100011
101111011011011010011011011010111111101100001101111100010001
110001010110100010100110100101010110110001010011011010111011
000010101100011111000011001000111100010110011100000000010010
110111010100100111011011100000001001001010111010000000111111
010011010111000111111110011110011100000000111110110100101101
010001011111110101101101111000000101011000111011101101001110
000011100111011011110101000110111000001001101100010000000001
111001101101000000111101001101110100010001011110101101101110
010000001111101000010000001100111111010111000111011011100010
001000110010101111011101111110111110011010100110011100000011
111111111011011101110101010000101110111001010101111110001100
110101001111001100001111010000101010100010111101110010111000
110010001000000010000101101010100010100100101000110011010011
110000111000010010110110010001010010001011101100100011111011
111101100110001001001010010110001101111010100001100100100011
011101111111111000001001101000100100000011011110110010101011
011110000110100111010111111101110011100111010010101110011010
