111111000000111111000111001001000011101101001111011111000111
011111010110001001001100111010000010000000101110110000110111
111110101010001110001000001100111110001101100100110001001011
001111001001010101101000100001001011010000000111111000000001
010101101101010011011110101000011111111011100100000101100000
010011001001100010000100110111001010101111001101010100000000
111001011010101100010010000000010111111001011111100110100110
010001000110010101100101101001000101101110000010000010010110
000010011010111110010101010011110111100100011110000010011100
001001111100111001100100010111110001110011011101011100011010
001010101010110000100001110111001100110011011000010111011101
010000100111101101101100111111110001001011001100100000110000
100111101010111111101011001001011011111001111110001110000110
001101110110011111010111011110001100110100111111011010110100
100101110001111100100001100101011101011111110111101100111100
100111111110001000100110110010000011001001001011001101000001
100000111110101101100110101000110001010101001101111001000000
000111101110011000000001101000101111010010011110100101000010
001010010011001110011110010100101010111110110000100010010100
001100101111001100111000011111011101100011110001010000001011
010011001000111111100110001010100001110000010000110011000000
110111000101101001010110010101001101011001011011100000100000
010111000101010100100111000111001110111000100101101100101010
001110101101011100000101000001110101111001001101011101101100
001110101001100010011001111111100111101110000001000000010110
000000101111101011101101010101001111001101100000100001010101
001011000110100110101100000100111011010010000101101010110001
101100010001001001010111010100001000101000000101111100111111
111111110011100110100101001100111100111100100101111100110010
011000011111000111001000110010101010100001110100011111001110
100000001010000101111000000000010101110010110100101000101000
010100000010100101100111000101011011010001110000100111111001
000101110010110101110001010011110000001000011110100010111011
001010110110000001011011101011111111111000010101001010100100
011111101001110111010000101110110100001011001110000110011111
000001100101000100100011001100110011110010110111101001001000
000111100010101001001001101100110010010011011001111010110011
111110000000001100100101100010101110110000110110111001010011
101101001011001101110111101010000011010111001101110111101001
000101110101000101010100101111010110011000010001110101010001
