001101000111111000010101100011000100011101110101101110011100
111111110011010010110011110101110010101001000000111000010111
111011111101110001101100111110100100011110010101100101101000
111010110011010100100011010100001111110000110101110111110110
000011001110011001000101101111011100011111110101001110100110
111111001001001000110110101010000001111101100100100110000100
001000001011000000101100111101111010010101010110110101011010
100000010000011110001100100011010101100010101001110011001000
110000011101001010011101011011000011100001100110011010100100
010001111001001001000101111101001110111001001010010010001111
110110111111011000110100010100011000000100001101101010100001
001001110010000110110111101000110000110001000000000011000100
100000010011011110011010110001111000111001111001100111100110
110001000100000110101101011011100100101010100000110011011011
101100100000101000010011101010111001000111000001001000110000
001111111000001011101000011011000111101110001010111111111100
100110101001100011000001100000010101011100001000000111001110
001010010010110110011001111101110011010000001100001101000110
111111001111111111111100100100101010100100101111000001101011
100111101001110001111000001100100111101111010001110111001111
110110011000100011000000111110110111001001001010011101000101
100011000101111111000100110001111001011100100110000110000111
011011100100011001100000100010111000010010010111110000010100
101000110011000100111100111111100010011001100011010110100010
101000100001000000100011011000111010100111100100110101010010
001111110000011010001000000111100111110001011010010100011110
001001110110100000001101100101001101010111110010100101011010
010010110101111000110111111111001111000101100110010111010100
011011110001000011100000001011100010000001001100111100100110
100001110010111000001100000110010110101001110100000001110001
101011111100110010110001010101001000000110011001111010110101
111110111101010111011011010100011000111100101010010000110000
010111011100011101101000100111010101010010111110010101101111
010011111011000001000011110011111001001100110110110101110001
010100100011101000001001100110111110101011001011110111100000
111011010101110101001101111000000110111111000101011100101010
010000111111100100000100101010010001000011011000101000010100
000010011011011100101010101001111000110001011000110011110111
000111001101101101001011010000100110111110110011111111000001
001011100011111111100001011001110011111010111000101100001111
