011001011110101000111110101110011010110100110010100010111110
101110100110001100000101110100101100001111101110110110000000
000011001011110111010101000111011100101110001111010110000001
000111001111000110001110010011111011111111001011110011100111
100110000000001111010011001110101000111111100000011011011100
001011100011001101110110111110011011001100110100100010011000
000001110000001001101111110001110001110000111111101011000101
000011110001110100101100111000101000010011100101111001100000
010000111101111111011000011100001110101011000100010100001101
010111100001001000011001101000001000000000010001110001100010
101111001010011110110001010011101001010010001111000111011100
110100001101011111001011001100001000101110000111101100101001
100100100000000011011101101011101000001110101011100100011011
100110001110101011111010011000101001001000010100000011000110
001100111001110100100101001001111111011110011110100010110100
001011011101111011001111101111000011010010001110101011111100
011001000111111101000010101001110010011100000110010111011001
011111111111100010000000110101011011100001100110011001001001
001000011100011000110101100001000101100001110010010010110101
110101011110111000011101100000001000001010110110110000010110
110111010000010101010110101011011111001110110110100100100111
011111001010000010001011100011100001011110000101100101000100
011111100010110100110000100001101111010010100011001111001101
011010100010010111101101010110100100011000000001110000111100
101100011101101110000011101010001000110000100011110011110010
010010110000011000110011001001000001101010100110010011001010
000111101111111100100010001001011110100000001111110111000001
100010110100101010010101010101110001010001101010110101010100
000011000100111000001100111111000100011000101010001110101110
111001000100011111010001011001011010010100011100100100001010
000001110101011001100011011011010011011001101000000101000000
001001011101100001001000100000011101100100100110110011001110
111100100101100011000101101111010100100010100101111000101001
110100011001110001001010110011010011011000110000001100000101
111010010100101101011100100000111011111010001001011111000101
101011001000101010010111010110011111011011101100010110101010
101010011001010110111100110111100111010011011001110100001001
001110110110110010011100111010110010101101001001111100110010
100000100000011001010011001010111101101100010000101100001111
100101100110110101010111101010111100100001010110101010011000
