001111010100101011010011000110001001100110100100100000101101
100110100101111010111011001000101011011101000000000001000001
100000010111111110001100100000000110100110010011111110001111
110100111111000001110101011001000000010110010110011001110111
111111101011000111100011110001110111110011100000001100110101
011010111110011001000111111101001101110111001101010111000100
111111100100111011001110110010111000101101101001101001101111
011101010110001000101111011100001100010001001101110010110101
010000100111111001001001010001111010001001001010111100000001
101001011110111101010000111000011110000011111100000110010110
010001011010101010001011000100101011101110111110000011101110
110001000111100010110101100000100011011110100001001100000100
111011010100100000000001000100010101100110000100100101101010
001000001010110001100011000001100011110010111011001010001111
100100000011010011010110001100101110101000101110110010001110
101111010001101000111001101111011001010011000101100011101101
110111010000001100000110001100101111110011111100010011100111
010100010000001010111101000010001000001100100011100101011011
101000001000101010010011110101000001100010110001011100010011
011101101011100111000000110101001000000100010110100011011011
111011001101001111000100110110011110000110001110100010011010
001110101110101101111011000111101101000011100010111100101011
000101011110110111100110010110000101111111100110011001100111
000010111111111010110000101010001101110001010000110010011110
000111110000001110110110100001101110000101011000010100000011
101110111111011001110101101001111100111101001001010110111100
111011111101101110110001011000110001010110010010111000010101
000101101011111011101101110000101001010110101001100101111010
000100111110100111100110011100000000001000000010011001001011
000100001110010111001010111111011001000110111001101101110000
001110010001001010011101001001101011001011001001011111101111
100100000111011110000100110011110101110000000011010111001110
000010111001111000101010011011000110100010101001000110011010
011001100000000101000001010011011000001010010101111101111000
000101011011111111110111100000011110100101011000001101010001
110100111000001110001000100100000010000011101101000101010000
000110111010000010001110100010010110001010001010001011101011
000100001001111001010000100110001101111100010100000010101101
000001010110001001111111000011101001101100101111110001101010
001100000000111010100000101110111000011111011000110111011110
