100111101101111001001110101000101010010111111000011110110000
111100001101100111010100001011110100100011110111110101010001
110111000001111001100000101101011001000010011110001110101000
001111110101111101110001110000110101111100000011101101010011
101011100000010101000100010100000001100011111000001011001110
010001110000101100001010100101011011101110000010001001000000
111101011101001000010010101001111111000000100110100001011011
000001111010101100110001101100001100010101001101011011111010
001111000101010110000110000001100000101101001100100111011101
000011110101100100010110111101101010110101000101110010111000
100001010000000010000100011110101101111000111001001010000100
101110001110111011110111011111110010011010100000000011111111
011101000111111111110111110110111000000011101110000101110111
111010111110100000001101001101010101000101101111011100101101
100110000010000000111111001000001101011110000000100000100111
110100011100100000011010010001101111011010101101100011000010
111101010000011000000001010110010000001000110111011000101010
101011111111011111000100101010100010100010011001111100010000
101101100101011101011000111000001011011000001101000111011101
100110100110000001001100001011111010000011011101111110011001
110001100101110111000001111000101101101000110100100101011100
101100000010001101101101101010110110110111111111001010101100
001100000101110001011001000010010111110000010100110101100101
010111100101010100010111110010100001011011100110010110001010
111011100000010100001111011010111011000111111000001011110101
110111101111011000100010010010101110011010010111010111011011
110100110011001011000111101111101110001000101101000011100001
100010111110001011111011111011111111100010010110101101010101
100001001001111010110001001101100010111000001001000111111010
111010010101100010110110000101110010001110110000110111100001
010010101000010010110110111110111000000111000110001001010101
101000001100000101010010101001110011000101110100010101001101
101011000010010100011011101110011101101110111010111110001011
110110000010100111010000101001000101010110111000111111010101
110000110101101010010110111100010000110100001011110110001011
111001111101000001001010010011011101101000001010111011100101
011111110011001001011011100001110101111010111011111011100101
100110011101101001101100101100011011010011011011011010000110
000011010010001111111001100110100100001110111111110000110000
101011111000011101110011001100001100011001100010110101011111
