111001000110011011111110110100001000011010100110000011101010
111101101001010100101000101110001111111001111000100101101111
111011110100101001110011010110100100101001111101101001111000
110011101010110100001000011001111111101000010010110101001110
111010101011001010011101100110001101011010001001010010010011
001001001111010001101000010111101011111010100111110111101110
110001111011000000100111100100111100010101011010101010111101
000110010110110001001111010011001110110100000111000011100000
000111111110011100110101001110011011001101111001100010111000
010001011110100000001010011111011010000000110000011000100111
101000111110000101110100110100111101101010100001111001011101
000011100111011001010111010010100000101101010010010010011000
111011101001000110111110000000110101110110000110101100011110
110101001000100010110101011111111101100101011100001110101010
100100001101111000111101101000000101101010010011011010111010
001101001001100010111101001100010101101001010100110010101110
100001010111011010000000011010100010000101111100011110001101
110010100000001010101001110000110011100001110000010010011010
111100010010110111001000110010101101100001101001111011111000
110111101101101110000001111001100100011001110111101101110010
100011110010110101010001001011100010100110010111101101101001
101111101011110101001000010010001110011010010000000010101100
001001110001110110111011100010101011011100100000000011011011
000101101101000000111101000101010011001000111000101000001001
011001001011001010111010101100010010110011110000111000000011
011010000110110100100011111010100110110010110011100110000110
100110100001010111100011001010111000000101001010001001101101
000101100100101000100000110101100001111111011110010001100101
011100011001010001111010111111100101101100000101011101010000
100000101100100011110010001110010101001100101100101000100110
110110100110011100100101011100110011100001000001011100011111
100010100011101111111011011010010001110110010010000011101010
101000100001101110101000111000000110100010011100001001011010
001100000001010000001110111000111001110001101001111111100011
111000011100001001001100100000101010100100111011011111101110
010000010011010001011001001100010111110100001101111110010001
101111100101101110110110010011000011010011100001111100110110
011000000000110010011000000001111110000100101010011001101001
011100110101011100111001111011011110110001001100100111010110
111100011111111110011110110001110010011001111010001011011010
