010100011100010100000010100000010110110111111001101100111010
011110010110000100101010001100100111100110101101000101100001
000000111100100101010011110000000000000000111110100010111110
111001111111011001101010000110000011101101000011100101110011
000001000101000001000000000011111011001001001101100110110010
100100100111010001101110111010111101010100010111101010010000
000001110111111010011010101011001100001001111101111010110010
100010110000011101011001000100100110000011101011110001111001
100001110010100001010101011100001101001010111011011000101011
110110111001111001010100100010101111010110001100001100001011
000110001010100101100101000100111010000001111011010100000010
001000000101011001100110000110110000000100011101001010101101
000010100011100001101110001111010100110000101110000101011010
110101000000100001111100100110000100000110010011010010110111
001111100010000101001001010000010100101100001011101010010001
100000010000110100011110010100101101101100011001111100000010
110011101000110101010001010110110110100100010101110010111000
110101101110010001100100101000001011101000110001110101011100
110110101011110111010001000111001011101101001110101100101111
101110000101010110001110000010000110100100101000000100000110
000010001010110101010101010111101100010010000000010010010110
100110100101101110101110111000000111000111111100110110010101
100101101001010111101110100000010001000100110100100110010110
001000010111101100010000010011000100011001001010100100101111
000000000001101011000001001111010001010101000010111101111011
010100001010001011000100100000101111111111011000101110010001
110100101011111001000001110100001111001100111101011100000001
111000101110110001011110101000110011010101110011011111010001
001100111100111110100100000001101010011011011000001001101010
110000001011000111101111100001100010011000110101101001111101
011000011011010100100000001101000000110010000100010000101101
010100010101110111000011110111110101101000001101001110010100
010001001001011111100010001110000111111100010111001101101010
111001101100011111110001011010111011010100110100111011011100
000100111000101011000000010101011100000100001011010011001010
001011010111101100101001111011101000100101011010011001101101
100100110000000000000011111001010101000010011101100110001000
101011111011011000000111011000100001101100010000101111111110
010000001111110111110101101001100000000110000001101101010111
100101100110101010010001001010111100110111000101000101000100
