000010000000110010101111001100101011010010010111001011101101
100011100111001100101101000011101111000100111010010000000101
001111010001001101101101111110010000010100001111101010011001
001100110111111100100111010110001101111011110000111100101001
001100110001000001100101111111101111101000100001000101111000
011100001101110001010011100010100000000111000101110100011010
011101111010111000111100010010001101101111001010110110110101
100111110000011100000001101010010010101101001101000011111111
100110010000100101000111100011001111110100000011111000100000
101011110100000011011011010100111010010101101011100011110110
101010111011100100101000001000100000101111111110000110000011
011111010101100110100101011010010110011000110001001100000110
110110111000110010001100111011100011111100010101011010000001
110000111110101101011101100111100001000100011110110101011011
100000100001001011011111111001001001000101100111100011111101
111110100011011110101101100110000101101100111100101101111100
011010110010110111111110100011110101111011111101111111100000
000111000001000011001110101111100100001011111100011001110100
011110011101100100011110000101000111000010101001001000111010
100110110111010101001011111101101101011111011001011010101111
110110001000000010100111101101101111011110010100101001110001
011011101000010111010000001000110011110101100010111001110000
010101011000010110001001101101111001001010100001010011010111
100000101000000111101110011000110011011101111101101100101110
010011010010011000111011010001100001110010101110110001001011
111001011111111111110100111011011110110111111111001100001010
110011000001001010100100001010100011001001111011000101000001
010100111101011101100000000001010010111100010001101011011001
010101000110001011011010110001110111110010001111000101010001
111010010011111100001010110100010000100111111101101101101010
101000110111111101001101000100001101110111011111011000000111
101000111101001100101110101101010101000011000011011110101011
011100100111111111111100011110111110110100101001111100111100
111101101011010011101001101111100111000110111001101001111011
011111010000111110100100110100010110000000100000010010010011
011011010011001010100100010111011100011111100001000100001111
011000011001110110101110010100001110100100100010101011011011
011010011100110110011111011001010111101000110010101101001110
000101010101001101111001000100111100000111111100101110010001
011110000010010110000110010100111101010011111111101000011100
