011011110110000101101100110001100001110110001011111100000001
001111110101101010001001110001001111111111001111000100110010
000010000001011111110101101000010111011101000111111110110110
111110000011101100110110000101101101101000100110010110111011
101001101110111111101000010100101011111101011100111000100111
101100011101101100000100000111100000111000001101000000010000
001101111011101011110110010000001111111011010110110011010101
100001010110111101110100111000101011110010001100001101110110
101111110011101101101111001010011001110100010000010000100110
101001011101000110010001110111011111101110111011001011101101
100111101100000011111111100010011100011100001100100010011101
111010011010000100010100010111111101011010100100011101101100
001000001011000010010101100000101001100001101011101011010110
110011001110000101111110001111011110110001100001000010011000
010010011101111000101110010101111100010001101011101010010000
011001010010111000011010010100010011000100100110111101110101
011100011001011100000111011100110100111011001100011011001010
000100110011100010011010000000101000101110101001111100111111
011100101011010010010011010100001111111011101011100001000000
110001101010101001001110010000001000101011011100110001110011
011001111100000011101110010100000011011101110101000011000111
011100010100000011111001001011010100011110100111100000011100
011110011001100000011100011010000101001101011111000111011010
101000001010001011101110110111000000101000000001101100011101
011010111001110100011110010010111000100001000111101101001111
010111001001101000100011110001100111001000110001010100010000
000000011011000010000100110111100100101110110010000111101010
001000011110101011001010111110001010101111110011010111011110
001010101001110010111100101010001011110110010110111110001000
001110001011001010101110011001110111111101111100110011010001
110101111010010110101010111110101111111100101110110100100011
111101000111100100001110101101000001000111001111001010000001
011001011100000011101100000011010110010110100011111000010100
011011110111010011110101110100011110010010001110110010000011
010011010101011100111101000110101000110111101001010100011100
100000111100000010000110001110111101010100000111111101110100
011001011000110110000000011001010011111001100100011010111000
010110110001111011000100110001011111001001101010101011001110
000010111111001110100001000110000001000010110010001101111101
100100011001001000100010111100100100010001010001001100100110
