011111110011001000111100100000011111101111100101000100010101
001001011110001111101001111101000111110010101010100111100001
011000100000110101000000001011001010101010100000000111100011
110011110000111001001101111101001111101000010110010101001011
010101100001110100010001100011010001111111110110110110101110
110001110000101100100100001110101000110111101111001101011001
000011001011100111100101101011101011101100001000001111000101
111110000001001001001010111110001100010001101101001100010101
111110011110000101111010001100001100100111011000100110110010
001010111000011111010000101111111000101011011110100001011010
101011110001110100110100010000111011000010110010011100000101
100010100101110010010010111001111111011010000010110010101100
011011010100000110100110101110110011000001101001001111100111
000001101111011001111100000101101101100000100011101011101111
110111001110100101100011001100111111000100110110001111001110
011001101000100000110010001001001000010110011111100100100011
110100011010100010101011000010101011001010000011110100010011
101110010011010010011011100111101010100011100000100011101001
110100100010011011011010010011011101111010010011011000011011
101101011001011011111000001001100100111011110111111001111111
001110000111101110010000000011001010011001001101010111000110
100011001100001010100011011000001110110111001010101100000100
111011101111110011111000001011000010001101111110000001110110
101001010111100011110000100011111101011011110101100010111001
000011001110110111110110000110010011001101111010101111010100
110111001000001101000110000001010100000000110001110001101101
000010000011110010110010101011011101010100111100110011001000
111100001110101101001100110001001111010000100011001011110101
001000000000000010011110000101011111010010001110100101010111
110011001011000111111001001010011010001111111111110001100010
010100011110101111001111111010101011000010000110010101011110
110010100000000101111101011000111011010111101010000010110110
111001100010111000100011111011101101011110001000001010100011
110100101101000100101011010101010101001011000010001101010010
010110111110011011100000010010000001011101010001101111101010
000101001011001100010101110010110010110110000011101100100101
000010000000001111101100101111100111000110111110100100101001
110001100101001010011100110100110110100101001111011111101010
110000100011001110111010001011000010001011010011001101111001
011100001000111011010110110100011001010001100101001110010110
