000111110101111000010100000111110011011101000010111011010000
010011101011100101111000000111110111101000100000010010001011
000110110001001000110011011100110011001011111101011011001011
110010011010000011001100101110001001001110111110011111110101
110101011111111010011001001110110001001011110100011110101001
111101011000000001010101011011101000001101000011101101001000
101011110101000111110101010001111010000001101100110101001110
100011001100010011100010000011101101110011101111010100000100
100011011000000101110101000001001110111010011010101110000011
010100100010010010111000111010001110010010100011000011111011
100110001011100001110000010011110011000101010111100011000001
001000111001110010101000001010110111000111010101000110101011
101100000000011110111010000010100001101011000010011110010001
111001101110111000101010110101110000011111010000110001111011
100110110001010101011001101010001111001001100010001110001111
110111100100010011001010011100110111100111101100110011111111
011101100110110110111010110011000101011001111110111101100111
000011100101011101011101010010110100111010000000111111101101
000010011010101100000101001110111110010000011100010100000000
101101111100101100101111100111111010000101011101000000101101
110100111101101011001001111100101110101010100011100111011001
100000010000010011100101000010001001111001010111001100000100
111100011011111100011101010010111011111100010010100000000000
110110010001101100110010101110000010000000110110101010101110
010001111010000010101111011101010001000110000110101111011000
111011001110010101011110100111111010011101000100100111001100
110011101110000001001011011100011111010100000100001010101101
101111101001011000111011101110000101111111011010111111011110
011010111000111001101010000001010100110111111111100101001110
110010101111000101010110001101000101010011011100010100101101
010001001001001100010110101010100001001100111100101010110010
111100111011111000111110000110110111110000101100000010010110
101001000101001010101111001110010011011001011010000111110001
110101100001001110000101110110011100010101001011101110001010
100000110110010000111010000101010001110010111110101100111001
100110100011110100000111011011100110111100011000010000011011
000010111111101001010100000100011101110011111110110101111001
100101100110010100001100111011000110111101101100101110010001
100101110010000111111111010100011011110111000111110101110100
011100110100110101111100010100011011111110101001101111000011
