001001100110100101011110101011010110101011001000010000011110
011110011011101011000110011101110011111010101000111110011100
101101010100010000001100010011000011110001111100111011001010
111101011001000010100010101001100101011111111001111001000000
001001110011100000011010110000011101110000000001111010010110
111100100100100101010101100110110101111111101001111110010000
101001110111010111110110111100100000011101100011101001110001
010000010111111011100010011100110100100100010111111111011010
110000110111011011001100001001011010100101110001011101101100
010001111000100101011101010101110010101101111001001000010001
000010001010010111101111100000011000110011101110001110101000
001010101011110110101101000101100101001111000111000110010011
010110000001100101010001011011100001000100101001001101001011
100100101011111100101101101101011000000110010101011100111111
000011011011000100110100001011110100101101010010011111011011
100010011000111001000010000100000001010011101100010001101100
010100111110001110101101011011011101000001110110000110101011
100111011100111000110110111101101001101000101001110110011010
010111001010011100011101001010011000001110000000100110110100
001011101100101011001000011001010110110100110101000111010000
010111001001111001001001010000011101101000010010100111011000
111011100011000001000100100001101000001000000000101000011001
100001101111011111011001010100001011110101111011110001100011
101100010110110111000110010111010101011001101100110000000101
011100101101000000101011010011110010100011101111000110000001
111110011110100101100010110010100100001010000101101001111101
111111100100111000010110101110010011101001010001100010000010
100101011011010011111000111100110110100100110001100011111001
110000110111011010110110111011110010010001010001110110011110
010000100011110111110001010100010001011010011110101001111110
001011011010001110101011010111001000011100111110010101100011
101100101111001011110110110100001011011010100110100010000011
001110111010001111110101111010110001100010101110101100001001
110000111100000100010001011001010100011001001100010101011111
001001010000000011110001000001101000000000000101111010000000
000001111100100010000111010010100111001100100100111011111011
111011001101001011110001100100101000001011001010100101111001
011010001110000110001011110001000001011101001100111001000000
100110110001101101000010000001010110110101101100001011101101
010010101001111110000010111010110010000111100010101110010010
