000110111010010011001011110011101110101001011110111101100001
110111000010101111010110110001111011111011101110101101110100
110100110100000111101000111101100101111111011110011111011111
000010001111001110111001111100000100111101100111011111010001
011001001100110011100011110101000001000010011110001011101100
110011011100101100001010011100001100001110010011010010000111
011010011100110000001101110011111000111011111011101100000010
101110111111011101101111111010100011010111001011101000111101
100000101011010100111111011001101110100110011111100001000011
011100100110001010011010101101101101011001110000001011111100
101000110100110100100111010100000000010111111111010110100001
010001000100001000111011111111100000111011010100100111110101
001011110110100111001010001100011110101001010010010001101001
001100100001000101111011010110110010000110010100010011100111
100100111111000101011111001000111110110100111111001001110111
011010101100100010010111111100000101101011100111000001000100
011101011001000001110111010111000010001101111111111101100001
100111100101000100011011111010011100101100110101111001011101
101100000100101000000010101100011111010110111101001001010000
011010111001101010100011011010000000011101110101111010001011
000010110010011100011100011111110000100111011001101100111011
111101000111000100011111000000110111111111100011000000101100
101001010100110001011101001111001111110101000101111011100110
011101101011111000101010100101000101010101101011000111100010
101011001110100100011000000101011100110111111111011010001110
011101011111001111100111001000000010001010101101001001001101
010000100010101110001101000011111010101101001111011010101111
000010101110110010010010001000010110110101101010110101001000
001110111111101010100001000101011101111100010010110011000100
101101001000010011100010110001001111000110001101110001100111
011000001010111011111001001101111000000100001000010110100110
001100111110010000001011101110100010110110011001010011101100
010011101100000111110010111110000001101011000001000000011001
111010110011110011001010101000111111011011101101011101000000
110010111100101000111011100110010100011111111111001111000000
010110101001011111101011011100101011011110000110100010010000
101100110111101011011100010100000110110011101001101100001001
001000111010110010111101111001101101101110111011010010010011
100111000001100010110110100000011111010010101000111100100011
101100010000100100000010010011011011100000111011101100010110
