100100100100000010001100001011011011010000111100010100010000
010010100110101100001100001000010100101000010111000010100110
001100010100000110010100110100010101001100100010011001101111
010110100110110000100000010000010010110000100100011110010111
011011010110111001101100101111001111000111110110001101110011
011010100101111100000110001001001000001001111110011000011101
000010100011010101001110010110001010001101001001110111101000
001001100000011111010010000010110101100100010001101100011011
111000001111111010100111101011001001101011000101101000010110
101101111111101110111111111000101010001001111000100111110000
000100010111101001011110111100101110011000011101010010011000
111100100010010000101110111010001111111001000101110110011001
111111101110100010011111110010010100001110001011000010101111
111110000101001001111111110011110111111111011011111010100101
000100001111100101101010001001010111100100011000111100001111
010010100011000010111111111001001110010100011111101001010010
110010000000001111000001001100010001011101001101111100010111
010010111011100111010101001000001000111100011010010110010110
010000011111111101011001000010101011010010011110100110010010
011110000110100110001001010001000100100110111110100100111100
010101001010110000110000111111000111100010101000000000001011
011000000011011111001111001000001111100011111110111100010001
100000011011001101101000100111110100100000001111111001111001
011011110000011011110110011101000000100100100100110110111011
111010100110111101000001100101111010000010111011101001110011
101001011111101101001000001000000000100010011010010101101101
001100010111100011000000010100011011101110111100100101010010
111110010101101100110011000100101100101111000111010010011010
011010011111111011111001101000111010101011001011111011010000
110111011100011001011111101100000001011011001111001011011110
000101001011100000100101011011110100010001101000101010011111
101011100010110110000110000110110001010110010000110100000001
111001001100010101001110011000100101010010001001000110100101
100101111100111011100110100100101001110001111000010000100000
111000001011011111001101011101101011110110111011001001110110
100100111000001101111001111100100111110100010011010100000100
101100111010011010010000101001000111000010011000010000111110
111110001101110011001010110100010010100001001000111101100101
010000111011101100111101011001011010000011100010011111101100
010100101101100100001000010110001010010000001101011011100001
