110001000110101000011111011010010100001100110110011111101100
110111101110100011001000001100011100000000001100110011010100
000001110101000101100100111101011000000111101110101101111011
011001011100111100101110010010111000100001000000101001001110
001110110010000011000001100110110011011010100011111101011101
101110101000011011001111101100100000010011010111000110100100
001110111110110010101111010100011110011001111111110101101000
000001000010011100010100001011001001110010001111110111001001
101000100001110100000100000100101110000011011001110011011111
011010001100011010111110101110001001001011100110000000111110
001111111000100110011001111001110010000000110110000101001110
000011100110101101111111110010111001001111111001001101011100
010111010110000101010110010110101110111101111001001011010111
110001011001100111001101111011001000101010101011100000111000
000011100011000001011000110101001101111000100100000001111100
110100101100001000110011101010011100001010101011101111100110
010001101110011101000010000101011010101111101010111111111110
011011010010101111000110001010110000000111101101010001000101
000010001100110000101100000110110010000110100100001100000100
110000110100100010101111010001101010001101011101101000100001
101100111010000111010000000111000010101010000001000001100010
111100110110100111110001110111100111001011000111011001111100
010101010101101110110010001100010000110111011000111001000100
001100011101100111011011001110001010010001101100010011110011
110010010001100111011100001000100111111011000000101011011010
100100011100011110110010110100110111000110111001101101110000
101101110011110010111110101011100111000110011101101001101001
001001000110100110011010010100000100000110011101010010110100
001001011101101100111001100111100111111111010100000110010110
011011011010010001010100111010010010110101110010001011000001
000010101011110011110100001101111111001101000101111110101101
010010000101110110100010110000100101001101101110111110000011
100110101101010110101101010010111100000101111011111001000100
011000011001101000001010110101010010010011001100010000101010
100010110111001101100110111010110010100111011010100111101001
110111111111001101110001011111101011000110001101100000111011
001010110000001100001101011111000000110101010110001011111101
001100101000011001111101010100011100010111101001101010010001
011011100100010010100110110011001100101110011001110011100100
010111000001000111011111111110001000011111011010101100010010
