010000000001110011000011110100101111001010101010000100100111
110010011100010010110000010000011111110101110110111011010011
111110011100001001011110110010100111011001111111011010010100
110110101111100000000010001101000100010111011010101010011101
001000011101110111010101000110101111111010010010001111110111
111000011100110011011100100001000001010001011101100101111100
001000001010000001010111000001011001101111111001110001101001
001100001001100100100001011001111110011110111011001101010011
110010000000000011111000100011011111100001000001000010100111
100001111101110111101011110110100011110101011000010110110101
011101110001101000101110111000101111100110110100101001100101
101010011011101010110001111101101101000100001101000101011011
000111010000000110001110011100011010011000001100111110101111
111110101001000010000111111000001000101101011010000000101111
110111010110000111011001000110111111111010111110011100111000
111010010100010110000001001001010111001000101111000001000111
011000001101000000110010011101000100010010100110010010110001
000110110000110000001101010011111010010011100001010011110101
111001101100000000100001010101111001110000100001000000111100
100010001000110110100001000110001101111101110101110111001111
101001110001111010011101010110111101011101000111110100111110
111011101001101000001000111001111100101011010110010101111101
000001011000000101001100100101110010110010110001001010111101
100110101110100000000000111111101011111001100100001000000000
001001011000110100010000101110111100011010111101001110001010
100001011010011110101001000100001110110111101101010000101001
000000000000110110110111100011101001110001011111100101001110
000101101011001000000010001100111101100011110010111010110011
111101110110100101010100000011110101001001110010110000111000
100000101100100101110001001001100110111000101001011010110001
001011110010011101011110100001110000100001001101110001000011
000000101101101000010011001100001101010100110110011110011101
100100000001001010100111000010011010100001110111010100000011
111110111111111010101011101110000010010001001110100100110110
101000010101100100011111011001010111000000011001101010111100
101100010110110110010101110000010000110011010010110011000010
111101100101001000101011101000001100011001000101101101001010
100001001011110010111111000110110011111111111100011110101011
001010101001101000010011001101001101000111111010000001100001
010101110010111110011010100010011111110100110010001111111000
