110110101101000010111010100010110100100001101110100110011010
011001010000100010010010010010101100010000011011110011010001
111010001010000110110001111100100010110101001100101110100000
110110111111100001000101011011011101001010000111110010100001
010101111000111101111100110101001011011110110101001011100111
111001100110011000010010101011110100111100001111100101111110
100111110010010110000111100110001111000010110100001101001000
101111111000001111000100110100010010101111111111110111101000
101010001111001011011110100111110111010010011101101001100101
001101011001000101111100110110100011011101001011110011001100
110101010110101100011010110101000110011110011000001111101010
001100011101101110100010100010011111111101111000001100110100
110100111000111101000101100100101100001000110111101000011010
010001010111001100100110101110111001010001110101011000101010
001000001111110001110010001101110110111111111000000110010100
100011111101011100100110111110110000010011101100111001011000
010011100110010111000001000000111001110110011101111010110011
101000000110001011101010011011000100100101100100101110001011
110101010100010111001001111010110011001100001000111110111110
001001100111010001111000000001001110111010011010110100111010
111100000010101110011000101000011101101011010100000101101111
011000100101001101000101110001001011111110010101101000001111
000111101101101010001111100011000101001010111101111111000001
010100010010001101010110011101000000111000001010011010101001
010110101001001011110010000001010011110010010111001100100100
010110011110111110001011010101111000001101101010011011101000
100011110111100010111110111010011110111000110001101100000101
011101100101111101111101011100111011000001110101101001000001
110001101111010000111100110111111111111000000011011010010010
001011011110011101111111011000101011101000010100111111000000
111010110111011011101100100001110101100010110010111010011010
001010110101100001000110111101001010101111011101100011101101
010111100011111101001100001101010100111110101001001010000000
011100111100010011100011000000101010000110011111001110101000
001110010010111010001100011011111000110010001101000010101100
101100101001011001001011010110111101010001001000110001100001
100110001010010000011000001011011111110001100101010011110101
011100110101001011000010110101001010010101100110110000001100
110101010011000000110110011110101010001111100001011101110011
010010011010110111001000110110010101000110011111011010000000
