000111001000110101011100011110001011000010100110101001111110
010100111110110010001001001111101011000110110101010101011100
010101111010000111010001110010110100011001110001100000010101
111110001011110011000011001000110100101101110000111100010000
000110000001001000101110000010110001101101011011010011101100
100011001001011001110000101101100010100101110011011000111011
101100101100111101101101001111010101111101110010100011100011
110110001101010110000101100110010011101110101100000001101101
111101011110100001001010000111001011010001100011011111010100
010010110111111100101111001100010100001001100100110111110101
100011100100000100001001110011010101110011111100000111010011
110111100001011100001100110000110110011101101111101110001010
010010001010100000011000011000011001000010110111001101110011
011010001111100001001001010010010110100110111100001100110000
010100010000011001100000100111001111101110000010100011011101
110111110100010000010101011000000101000001001001100001111001
010110111111010011000011001100000101101010001111001000111000
011101000011011101011100101111110110100010001111100000011010
001001001110000010111110100000000011001010000111111000001000
000010001100100001011101000111100101010000010010101001001101
011001110101001110111010010110100010000100101011010101111001
010100100101100111111111100110110010010101101101001100000100
001100010011001010010110111100110011110000100110010111000011
101011100110011010100111010000110101100111101111000110011000
110000010010111011110011011000000111010111100100000110011110
010011010111011010001111101011110011101110100100000001110001
011110011110100001101100100101011000000011001001111110010010
100011110110011111111010011111100001000111011110011001001101
101110110010000000100110010011100001100110100110001001111010
111101111100010000101101111101001011000110000010111010101101
011101100000110001110010110110100100100100001100010010010000
111101101011000000100101000111101000101101010001110010000110
100001110110100010001011000001001110111101110101000011111100
001010111111101000010110001010011111010100101001110100110010
001000010101011011010001010110110001011000100001110110100110
011111111011010001010101100100100001011010000101101110101011
111010110111111000010010111101011101101110010001000100010010
001101111001000110011000000010010110001001100010100110100101
001110000010101011100101001111011101110111111011100110011110
100000001110100110001010110110110010110011001100001010111010
