000010111111111001100110011110001011101011110010000101111010
001001001011010011001011011110010010011110001001000111011111
010101101010101110011001010001010001000010001101001101101011
110001001000010101101100011000111011011111010100101011001111
111100001000111011111010101111111100101001000111011111001000
001001000111101101000011011101000111100101011011010001000000
001111111101111111100011000011011100101001110010011000001100
110101110100111110010111011110011101100111110100100100000101
010011101111100110011001001101001001001010000010001000011010
001110111101101000100001010000001101000001011001110010100001
011001110010101101010101000100010101110100100111000010001100
100101010110011110110101001001101001010110101001010110010001
010000000001000010011011111010100000111010000101001100001000
001101010001001100100010100111111110100111000001100011110011
010001010010100011000001001111110110100100010000100110011011
100100010011000111101010111011111011101100001101011111000111
001100011101111110000001000001001110010001100101111011010011
111000001110001010111010011110001001110000100011100100101000
011001010110010110001010101001110100011011110110111100001011
010100010000011011110111011101000111010110011111100000110110
110101110001010100111010110011111111011001110011100111001010
001000000110001100111001110000000111010101100000110000001010
011011100111111010010010000110101001110101010100100011111000
010101011000101010001010010001111010010110010011110001010111
111110001001000111010010110111101010101000001010111101110000
111111010101111000110111111000110110101111010001101111110010
001111011110010110111011011111111011011001110110000011111110
101110000000011100010001110001100001101001111101001000110011
010011010101000111100000011001011001111011010001100111100000
011010011010000000000110001110001010101111001011111101101010
101110001101000001011101100011000101110111101111001101110100
000111010001101001011100101111101011110010110110001011000001
000101101111101011010010110111111101000010000111011000100111
010011010111110111111010000110111001001100111110011010010000
101100011110010011100111001110011101001101011010010010011010
110100001010000111001101101110000101010011011100010010000011
011101100000001101011110000100111000111001000010000001010010
100111001100010011000011000111100111001101111100001100000000
001100000100011000101000000101010000111100000110011100000101
101100010100010011001110110011101010110010000001110110010100
