101000111000010101000110100011001010010100110101000101110100
100111000001010001111110011101001110111001010000100100011100
001001100100101111101000000101100010010111111110100000000110
011111111111001010110111111101101110000111100010000010000000
001011001101010101100111111111011000110001001100100011011111
001001010110100000000000010001110001101010110000111010101110
101001101110000110001101110011001110111010000111100000110001
000001011110010100111000101000010110001011001110011111101011
110001111100010000010011100111100100100000011000011110101101
001100010011101101100100000100011100110101101001000100100010
101011111011101101000100100111001010010000001000000011110010
101101110001000011110000111110010111011111010101111100010010
011001010111110100001101111000010101001001111101100101111100
010111111100101001100100011111010001010100011111110110100101
010001111100110100001011100011110111010000100000110001100101
110011010100000011001100000101000001100010110110100110100010
111100111101101000100001010100001110110010001010101100101101
111110011001000111011111001101011010111100011010000010101100
101111111010010001100111110111110010011011111101001101001101
000010100110001101111001011001110001110000100011000110010001
010101110000000100111010100111001000100111110111010010111101
010110001110110001001010000001000101111001010000010001000000
101011001111010000110110001000101100000010010101110110010010
100010110011000011010000010001011001110001100100100010010111
000010101100101010111010001001011011110110010101010010010001
001011101110111111101010101000111011101111101100111101111000
011110011010110011101111000111100011000101010101110001110100
001111010111111000010000111011001110010111100011011001110010
101101101000100111100000101011100110101010111111111010010111
011100010110110010001001000101010111010101001111011010101000
010001010000001001100100110111001010001010000111010111111010
011100011101111101000010110001011000011011101011000011101100
000110110011101000100011100001001100010110001111100011001111
000111111111011001010011011000110001101010000101010010011010
001101000001110000111011111000010110100110011111010011110110
111101010100000100111110001100100110110001010110011100001000
011011100010101011110010101010100000110001001111000000001011
011011010000111011101011100010101001100101000111100001011110
100010000100110100101110110011010110111010100101010000001110
011000000001110001011000111001101000101110100001010111010010
