000011001001100001111011010110011110110101100111100111010100
011000001010010001011101000111000000011011100001111000011001
010101100010000111000000010010000100000000101010101110000011
001111101011101011100000001011001101001001101010001111101111
001110001100111000010011100011010101101000010111011110001010
010001100101111010001000000101111011010010011110110100011100
110000000001101001111000010010011101110001101100010001010011
011111111000001010001110101010110011010111110001001000111100
011000011000100111001111110100101111100010010100001110001000
010100000011001110000111100110111101010011110011011101110111
100100010011110000011110111000100101110000010101110100101100
100010110110010010011110101100001011011011101110011100010111
111101110110110110000001101100110111111101111111110011011001
001111111010010100101101100011000000100000100101010101010000
000101110010000000100010110101000000011111110001001100101001
111100111101011001001110110001110001011001100100100011000111
101011001000111101111110000100000001001011111000100011110100
101100000011000101001010000000011100110110110010111111110001
111110001010100010110110110011111110000010101011010011001011
100110000110000000100100001100101111010010110010101010101000
000100111110011101111010001011110001010000001110001010001000
100111011100011101110001110101111011001011011111111010010011
000010001001001000011010010001000110100011000000110000110101
100111001000000111011101001111110001000111110011011011101010
010001001011001010001001110011110000001101101100000110110101
111110010001011101100110011101011000010000011001010101100010
011010111001010001111100111101000001010110100010111001010001
100100011100100001011001111101111001111110111100101010010111
110101110001000111101011001011110111011010000000000111011000
111110101011010100110110001000101010111100111010110110101001
011011010000100001111010011011000100001010011111110010011110
010010000110010100000100011011101001010101000001010101001011
000001011010010010101101000101110110000011101110000000100101
110111110010101110110011000110111100111010000010100010110111
010101001000001000110111100011100111001000011100011110010111
111111110010111111010111000001101011101100110111110101100010
100010011010100110010011010000000000000111000000110101010000
010001101001111110011100101110010001001010100000110001000010
111111001101110001110000001010110101001010100010100110100110
101101001000001000000100101011010001000100010001010111110110
