011110100101010100101101001001111000110000101000000011100000
111001010101000110010011010110100110010000110010001100110111
111010101000110010001111100110011001000111100001100101110001
011110110111111100000010111010100011100111011100100111001100
111011111000101001100001011110110100100111001100011010101110
001111110101011001000000110101001101111101010010110111100010
100000111110011001101001000010110110000001001000101100111011
010001100001111111101110101000000000000110100100001110000001
111000010001101111000101000111101100011110011110010100111011
101011111101000001010110010010010001111100000101101001000011
110000100110100100001101011000100101110010001100101111110111
100100101011011001111100001011010100110101001110111001010101
010010001101000011000110011111100001110001011001101111110101
010100011000110000010110000100001101110001010010100101110101
111101101010011110011001110100101111101111010010000110001110
100111011111110001001011000010011001000010011001101000010101
101000011111000111101100000100100110010010000010101011111100
010000010110000001001010101101110001000111111101100100111110
111001111011000101100110111000001011111101000011110110100010
001011000010101100111010000111011101011101100111001100111001
110110011101110101011111000010000110011011001110101011001010
001110011011001100111101011110011101101110101001000001101011
100000011100001111101100000101011100010110011011100000001011
010000101110100011110111011001001010111010011111010011001110
100010111111010010001011011110001100110101011101111000100010
101101100101010110110010100110001101100000010011010110000001
101010010011000110111011101001100101100110001100100100101111
100000111001000100001010001110011001100000001000001011110100
000101110010101000110110010001111111111010110111100011010001
111001100010100101001101010010110001011000100011011110011001
000010000011010110111001101110001011100101100011100000001011
110110010010110101001010001111010101001100100101011110110000
001101110010110110110110100110100111011001000101000001111110
110010010100100110101101100111101011100001011111001000011100
100010001100010000100100010101111111111010100111101100000011
011110111101001111000010111110011110010000001101110011110011
111110111101101010010111010100010111000100000001110011001001
011111011110110010111010011111011101110001100011001011110100
000101010000001000010010001000001101010110011001110011011011
111010100010111010000000111100010101101100000011000001110110
