110000101110000100000010001011001100011101101111101110010111
101100111011011010010111111000110001000011011111010010000000
010010110000101101111111010011111001110110001001100100010000
011111111010111101101011011111110100010001010001110111101011
011101101100101010101100111111000011100100110101110010111110
101001101101111001001100111001100000011111001110101011010000
011111110110001100101100101111010010100011011000100000101000
000100111000101100100100011011000001010101110010001111000001
000011000001000010000100111110100111101010100101100111010001
111001011111000001110011111011110000111000100110000111001100
001010010111001110001001000011011010010000100100011110011111
110000111101010010100000111001111011011010111010000011011010
111011000101100010100010011101110000100000011000100111001001
010110001100110101000011001100110100100010110011100101001011
110111110101010110011101010010100001100000000110001010101101
111110000110010111000100011000111011101011100000011001110100
110010100101110101101001000110110001110101100000110010001001
100001101110001000001010110000101001000001101101101011010111
110110001110011010101101110100111110000111011101010101101010
111110011100011111011110010010100100000101000011111001101111
010110000111011101011100010001010011001001001011010000100100
111010110001001000011010011001010111011001000000110111000110
010101001011110001100001110011111010011111100010110010110100
001000011001011011101010100100000100001110110110101111011100
001010010111110101101100111011000010100011011100010000111011
001111011110001011100000000101010101111111101011100010101010
101111010000100101111100010100011001110111011100101010110011
010100101001100001001111011010110000000110111000001101011000
100001111110100111011011110101110000011011100000001110111101
001101111100000101100111011010011111010010110110111001100101
110001100000011010110000100101001000010010000100101100110011
111101100000110000001111000101001111010101110010100101111010
100111011110100011001101001000011100011000001000100111000100
100001101000110001110111001001011101100000010110100111000000
101000000000010110010111111010110110001000011000001111001110
111000011100011010000110100001000000110001000001001111111100
100000100000010001110100001010010100110010101000010010001111
001101110111111011111111100101101111010011001111111011110001
000011000001111101111100010101110000001111010011111101110010
100110101110001111010001011000011101111000000001011110000001
