111010100010011011011011011011000101101010111010010001111100
110111000101001110100100110100111111000111110101111111100000
000001110010000110010110000001010000000110011111110011111100
011011000010110100100011110001010110001111000110101100101000
010010111101011111000110010100000110010001111001011011000001
111000100011100001000000111111110100100110000110000010011001
001010010110111011000000010110010110000011101100101100011111
101001101001011011000100000101101011011101001011011111110011
001010010101010000110101101001011011011010111101101111110101
110010110010101110111101110100111110010110010111100001101101
100000110011010001111001110010101101011111101000101000010001
111010110101000011110111011111011101011101100000111001111011
100011001111101000011000101111101001111000111110000111001111
011010011001001111011110100000100101100000010011111001011010
000110010011111001001001010000101110101101010010001011010111
000110101010011101110100001101101101101010111101011010100110
011000000011111000001001101010010110110110001001101111000001
111100100010100101001001110001100011110110110100101101101010
111100010111100011011110000011001110100111111101011001111100
110111010011001111101010010000110111100110011010101111010100
000000100001011111111111100110001010001010000001010000001111
100010111100000011111000101000100001010101000110100000111000
100011010000000001110110000000100001010101001011010110100010
011111101000010101100001010010101100010001111011011001101100
010010110111101011010101001111110111110101111001000111110110
000010011010000001011101111110001111011011011011100111101010
011001010010100101001011110110011010011111100101110010011110
010111111001100110101110011101101001100011101110001101110111
011110001000100011100001111101000111000100011010010101110101
010110111000011011101101010011100010110001001001001101001110
010010001110111101010100000100100100000010100110011111111000
011101001010001110101010100001111101101001110110001000100111
110011011100001011101100011010111100010111000011101111110011
011011100111010001000001111111101111000111010101000101000010
011000011101100011100111010100110100010110001001111001000011
010111100110011100001100100001011110010110001111110100111101
000001110111100011010111100001000011010110010111110111110010
011000111001101010011011001001001000011101001101010010101100
000110001000001110101010000101110001001011100100111011100000
110001000101110010110101000001110111011001011101011111000101
