011110110101111011011000100001011000100010110101010100010011101011000001100010111011001011010101101111100011010001100100101010011010010000000001111100101010010101001000011010100101
111101010111100111011010001011101101010110010101010010111100011000100111011110011001101011011110111100010001111111110111111010001001011000110010100010100001101001001111010011001000
000011010001010100110011010000100110010100011010011110110011101011010100000011010111110110011111111001101001010100001011010000010111100011101100010101000001011110001001100011110010
101010011111111100001111101011101110001110001010100001100111110110010110111001010000011111011110111110001101111000000011000110001000010110100101110101111100101101101000110101111110
100101100110110101000011011101010100001100111001101000100110111010011111111000011011110110111000100100111101001101000100100001111010001110010101011001110010001011101101100001101101
111000100111100010001101110000011010111010100110100111110000101010111001000001110000111100111010010001110101000111010000011010100000100110000100010100011101001001010101000011001110
100110111011001011010110111001001100110011101111111111111101001011111010010011011011111101110111001100110000010011000111011101010000001100111001111111110011011011110101000010100100
001111001101010010000000001111001100111010001111011111101111000010100011111110010000000111010000100111010010101100001011101111001011001111001100011101101001000000011000011001111101
001111101110110111110100010111100011111011100100000110011111010100010001010011101111101110011111110001001000001100101110111110001101100000011100100101110100111101010100001110110011
010101000101100100010111011001111011111001001100110111011111101110010010010110010010110111010000111011001000110001000100110001100001010100110011111001101100001101100001001011111100
100101101101101011101100100001011101011101111111110111000111000000000111110010111001000001111010001111000100011001000100100010110110111110011101000101010111010000010001110101111010
011110101110010011111001110111000011010111100000000111000010010100000100101010011100010101100101101001111000110000010011000010010110000011000010001110000011001010100110101110101000
010101000010011010101011001111111101101101000010110110110000110010011000001010110111100110001010000011000010011100011010101100010000110100111100001101100101000011011101101100100011
011000001010001010101111011000110011010001000101100111001010101111101111000100101100100111010000111000010001101011010001010100100000110110100101101000010101101001001111000111001001
100001111011110001001001111100100000001010111000100001011110100111010010111111100100010110010000011111110010010000000011010101111110110010010110111100011100001010101101100101100001
010110000001010110011100100111001000011110000010010111010101111101000011001111110100010011100011000011100000110000010100010111111100010111010100010111001010001101110111100010000110
001111110100001110010000110011001101000000101100110000100110011001001111001110111110110100110100011001101001101101000100101110011111011000100010011101001000000110001010001101110000
101100100010001001010000011010100100010000101111101111011110111101111101001111001000100100100100111011010010010000111100101110100001110100001011000000000011000111000011110111111001
110101110100001010001101011100011110010100010010111101111100100011011011000001101010110110001000000101010000011000000100000010111000010000001100011001011001010100111111111111011010
111111111100010100101000000111001001001010010000110010010011101110010110010100010111000010111101100111001110011000001111011111101110000100011000011111100111101111001011001100100001
111110101110010010010100110011100101000100101011000100010110001000100111100001000001101010110010010011110010011011001001000100101001001000100001110101111111010111010100111001101001
011110001000011001001000000011000011101101011110001001010111101001110000110010001101110101010110110100001011100110001101000111110100000000111100100001011100011101101110110101101000
000111011001000110101011101011001111100110111001010001000100111011111100010001101001000101010000011111000010110110000111111011101111011001110101000001100011101010110101011101001010
110101010000101111001001111111101011111011101010100011000100000010101110011001010110010111111100101100101011111000000110010110100011110111001101101111010000111000101000010101100011
011000010001011000111000111111110000001001110000010101001000100010011110000011010000100011110100011100101101101110101011100000101010111101000010001111000010001101001010001001101010
111100110100011101110101001001010100111101011100010110110101110111101001100011111011101111101011101000000111111001110100101100000100010010001000100010110010100011011011111010110010
110101010111110111001111111000111001110111010110111011000111101011000101111111000100000000011100011101011000111011001101011111011101100111001111100010011010101001111001111001000100
110110011100111001111000010001000110100000010011011101100001100001111100001110000001110011100100011000010111110011101100001100100111000110100010010011000000010011100101011100100101
100111011011111010101101110101001010101000000010000001110111110001110001000100110011000001101111011000100110110101100001111011011000101101110011101100110111000101001110011101011111
110100001101001101100111000000010011011111000101001110101001010100000011010111100110011000000110111011101111110101100000101000110001111011000111010010101100000000101010001101110101
111100001000100111100000110010011011101101011101000100100000111000000011000000010000011101011001001011101101000101011000111111111010110100011111011111001001001001111110011111000111
001001110011110101001111011101000010001100000001001111010000001000111011111011000101010100110100011011011001001001111110111000111110100101100101101110100110111101100111100010001010
111001011101011110111100011100010111011000010101000111010100000010000110101111101110001101111101010100001110011101001001001001111000100100010101001111101110011101110000100100000111
001011100110001010011101000101011101001000100110101110101101010111100010100101011010000011010001111010010100010111000001011010100100011110001110000100001110000111001011011000001101
101110100001110110011000011010010001000110110010011000110110111001111110101000001100100000000001100000111001110111110111011011011001111010010100110011011001110101000011110001000000
110100101100101010010000100100101001110011001111100110010000000000000111001110000001010001001100001000001100011111110011100010111011111001010000100000110000000010010111101101010011
110000101101001111100001001010010100111111111001001010010000101001110001110001001000011101011100010101000001001010100100011111110001100110111010100010010110100101011000001001010000
001011001101111110001111001111010011011100010110111001111100001000011110110001111001001011111111000111110111000100001110101000010111000000001101101000011101011111010010010110110101
000101010110010010011101000001100110110100000110100011010110001010110011111101101101111000101011110100100011110010000010011101100111111010011001000110011010110000110100010011111110
110110011111000000001011011111101101000001000110000001001011110010001101001111110000100111100100111100111110100011100000011011111001110011100100010011101100101001000010110101101011
001010001100100101011011100110100000011100011000001001011000010111001000100001001101011100010110101010111001110000000001100101100101100110000001111010100100000100000111010101111011
000000001100101001000010010000001000101100101010101100110010101001000010000100001101110000010010001011010100100001001000110000011111111010001001111110100011111101001010010000011101
101011001010011100001011100100011011101100001101001001011111100000011101000111101010111001101111110110110011111101010101111001110011010111110111101000010010011111001010010011111100
111011000111011000000010011011010000100101010111000111101011000100111101110100001101010011011110001101010100000100100000111110001001111010001100111010100001010100001010001101111110
011011000011011011100001010001101101000110000101110111111101001011000101101010101110110011011111010111011011101110110001000111001111111010100010011001100000110011100001100011100010
010100001000101000010100011010011100101101001111000011100100010101111101001011110100010110101100001011100011101111100110000011101010100000100100111110110101110001110000011000110100
110100101110000011000001010010001000101101001111010111111010110011100001011110000110011011000101000101011010100011011001010110010010011111100001000011011010001000110000011010110001
010100110010001100001101000001010110110010011001011010111011110110010010010111000001100000100000001100100000011001111101110010001111010100001010000100010000011101000101110010110100
000000010110110101111110111110111001010011100110111000011111110000000010000100010100100111011010011100111000000101010101100100011100100111001101101100011001100000110101010110101001
111100010011010111001001100100101100011110110100111001010100111111000001110100010100011110010010010101101100101000011010111111110111011010001100111011111111110100111111111011010111
000111101000011111101010110001010010101010100000000010000010101000010000011101110010001000111100011111101111111011100100000001010011110001010110100100101001110000001010010110110011
100001011111101100000101001000101001000100100101100011101011111110100110110010001110000011111101010010100101101001010011110100001010110111110111111100001011000011011111010000010010
100110010000000010000001000000100111101010100001110111010100001100100011011110000111001100000111100000111011000010000100001010101001111000001100100100110011110100000011101111111110
111000111011110010101100011000000100011100011111000100111010111011110010101110111110110001100111010111101111001011101010100110100010100101100111010111100110110000011111110000011111
011101010000110000111101001111100001011010100101110110101110010110001011010001100101000110011001101001011001110011010100011101100110101011111110100001000111101001111011111101011011
101100010000001111011100111011000001101001001111000101101001111110011000111110100011100100101001011001110111111001100000000100110101111010111101011001100010010000111001110100100011
110111010110001101001100010111000111110110100010110010001101101101101001011100010110010101010110110001010010101111111100010101011110110010100010000100000010001010000101010001100101
000111110010100110101111100010110001011101111101001011001010010111011000100100001000110100000011000011001111010011100001011110100110010101101111111101110110000110100010100010010000
100100100100110111101000010111111010001111010101101110111100100011000001010001001100110111101111001111111000110101000110011001111111011010000101101001110011010110010001001101110111
111111111011101011110110101110011001100101010101001110110111101110111101110000111110001110101100011001101010011010000001011101111011000100101110000100101000101111111010001010101010
001100001001001011100111101110111110011001001010110110001100011100011111000111110000110000111000001001110011001111010100010100010001100101000111100000100100101010001011010110110110
010100001100111101101111100000000100011101111011101010010100001111110111100010100000001101101111101101101111110111111000011110110010111011011101010001101110100011100101000111110001
000111111011010110001010001101101101010011111100000011111011010101110001100111111110000110111111010111001100011011100110100100001101110100011000010101111110010010011100001101110001
001100001111101110000011010001101101110110111000010111001101100111110010110111100100100011101100101100100111111100000011100000110111001100000011010011011110101011001011010010101000
011011011010111111101101101001101111100111011011010101110010010000001011100011101011011101111100011101110001101101101101101010000111101110101101011000100100100010111111000101111110
000011111111110000010000110100111100111011011111111000011010110000110111100001001101111010011001010111101011010010110001011010011100110111011000111011110101101001001101000110000000
111100001001010001110100010101101111011111001010000100110011100001011110011101010000100001011000010001011010101100110101011100100100011010110110101110001000100110101011011110110011
010110110001101011100101101010110100101000011011100100101110101111101011001000110110000000001001011011001100110110001101100110001100101000010000100110101110001011100010100110001110
000110001111101101000001010010011000110000101110010110100111000111101100110001001010100110010101000000111010001110100000100101101001100100111011111101010001110000110100010011001100
100110101100100111111101101101011110010110111111111100000000010100011001011011101101101010110110110011101100110111111110011110010001110000110111101010100001111000111110001101100011
000010100101000111101001001110011001001110000001011010101000011100010111111110100111001101111110011100001111010111011000100100110000101001101100001111100001000010101100001111011101
010101010110111111110000011001101010100111000110001011100001100101001110111010111000001011001000110101000111011100100111010111000011110001111100101010111110000000101001110010001000
000011111011100101011101101010011000101000110010110101000111000110010110101100010101100011010100110100001011100000010000101000011011000010100100001101100001011110100001000010011100
100111100111111001000101000010100100101000000011011101000111101111000000110111000011000101000000111000110100110110011011001001010000010111110101111000000111100111101100001101000011
000101110001100110101010011111101011101001010001011100110000011000110100100101000101010001010000001100111100101111111011011001111100011101110101001100100101110011111111100010000011
011001010100001100001100111001010110001011011001101001101001011011011111001101000101100010001111111011000101010110000111110000000001011000001101011101101101100111001110001111111110
101011001110001101010100101110111011111111111010100110001100001001011101101101001111110000101111111010011111111000110011101101101010000001000101001000010010110010011101010111010011
111010110000110011000010111111100101001110111110010100110000101001110000111111111100111001011011101011110111001001101101011010000110100010100001000110100011111110010000011000000001
011000101001000000010101110001000000011000110000111010000101111100111110001111101011001011000101001001100000111011011010011111100101000011010111101101110011110100101100010010110010
001111100110010111100011011001011011110110110111011010111100001000000111010000111100011111111001011110001110001010011101001010010001100000110011100011100010000111100001011011001101
110101001000110011101010111101101011100011001010000011001010111010010101100001010001111000001001110110110001101110101010010111110011100111010100100110010010110110111010010110110010
011101011100110110100011010110101011111111111100100001111110101000111101111011001011111101111010011100111010100110000101110110100101011001101001110111000000011001100011000000000111
111011001110101011101011101000011001010100110000011010001110110000100011101001110010110110000100101111011011011010100101100100000001010100101010001001010001111000000101111100110000
110001001011010000001010101001100000110011101001011011010000000000011101001110011011000101001101010010100100101101001111100111010111011111111001000100110100110010000010011001010010
111000111011000000110101101110101111011011011111000111100011010000111110000001000111011101001000110001011110011111111101010101111010101111000110011110001000011001101110111011000001
011001000010001100011111100001111100101001011000011110000010011111100001111111111001000111010110011110100111001100011101111111000001000111100001010100100010010011000011111101010010
001010101011101101000110010000111101011001011000000011111100111011110110010110000111100000101101100010110100001010111010001110111101101010001001111010101101011111110100000111111010
000011010101011010110100110110010000101111110111000010011100010110010011011101100101011100100111000111001000100011000011100001100000100001101100001001000011010101000101101011010110
111111110111100011001111110100111001101110100001011000000111011000110111001111100011010010100011000011100011011110011101010111111000101110111000111010100110101001111010101110001111
000100101011111000010110011110000110101001111100101011100100010111110111010101001010110001000111100111111111100011011101011100001001011000110111100011001011111110000100101111000101
011101001101101100010000001001001110111110111000010000010000100000001000110011000000111001001010111110000011101011011000000101000101001000010101100010011000000010111001101000001111
010011101001100101100010100011010101001100000011110011100111000110101010011010110010001100111111000011110110101011101011011100110110110100101001011000100100110011001111001001110000
000100100000001101110011010000111001000001001000111111010111101001001001010001100100010001001011001011010110101111111010110110101001011100011000100011111101000110100010111010100001
110111100011011001010110000111111010111001100101111011111111001010000100101101011010011010100111010111000000100001000011010100011110001010000011101101011111001100111100100100011100
101110011001111101001000110110111110101101000000110111001111111010001011101101011011110011000101110011101100000011011010011000001000110111101001001000010100111110101111101001010100
101011011111000101000010100001100111000010101100011101101101001110001010111110101000011100011000101110100000111010110001110000111001010000100111101001100100111000111000001101000100
001011011100011110011110010001101011000000011011111111010101000100011111101010101000111100110110111111110100000010101000011001101111010101001111010101011101111001001110011011101100
100000011000100111001101101101000011011111101110000100001111111001000100101110111000101011111100110101001000101110111101101000000110101000001111111111011000110010100101110110000101
110100001111100011001100110100011110000111110101101101010011111000011010001100111010110111101100101110001100100111011100110110110110100010110101110110111000111011111011111110100011
000110010010010000100011010001000010000010001101100001110010111101100010110001101010101110000101000001010011100101111000101010000101010011111100011101011110100010010100100111110010
