110111110011011001000111011110011001100111111110010110111100
110110010001111111010010011001000001000000111111011111000000
110111001010111001001101100111100010110101101000110110000010
111001110101101111000111110001000111011111101101110111000111
110101100111100100100001000101010011100111000010011110000111
011001100011100000110010001100101100110110000010001000000001
000001010000001100001100111011100110011100111000000110101001
001011011110010001011111111111100101100100110111100111111011
010111001111011000100101101011100001000110100001000000110011
010111011001111101110111001101110111010001111101000101101001
100010100011110010100000110111110001110000010011101011011001
111000111100101110101100100111011000001000101001101100001011
111000011001111011100010011011100111011000110101100001101111
001001000010111111111011000010110001010111111011011101010001
001000010111000110010000001011011100000000000100011101111111
110001101100010000010011111000011101100000110010111111010000
000000011010010011001110000010011011101001100001100000000010
010101100111010011111001001001100001011110111110011111001110
001100100010001011010100100011100101111000100111100000111010
110100011001010001110101011001010110110001010111110101010110
101000000011101000000101110100010111011101101011100010001100
100011101001101000111010001000000101001111110100100110111110
111101100001000111011000110011001001110111000001110000011111
101100110110010010111111101110001110100110001111110010001110
000101110000011111001011010000101000010110000111111111011000
000110100100101010111101110010100111011110101001001011101101
010000011101000010100101101100100001100010111010001011111011
000100110101001111010100111000110001110100100001010000000100
110110011111001100111010010011100111001000001100100111100111
111010101000000001101010111000011100010110111100011100111010
000001001100101100110001111010001011011111011100001111000111
001100001111011110100110010000000000101001100011110110011010
010001110001001010100101000010000001100110001001111000111110
001101110001110101000000101111010111100000100110100011100110
010011100011001001110001010101010011110111011100100111111000
111110100010001000010110110010001100100000010101011000110111
110101101010100011011000010000000111001111000010000010000010
000111101110110100011011010101001100100110000010010010101000
011001100100101000001000111010110101010110111010111110100011
010101101100011000001000110101111111100011000111001110000010
