001010000100101011001100000111010101101000010010010010111111
010100100111110101011100111010111100010000101000101111001011
101100101011100110100011100100110110111111000110100001101100
101101101110011010010000010010001011101110100101000001111101
001100111111011001000100100100100111010110010111010001110011
010001111010011111011101011110101011011100111101111100011100
011000111101010101000110000101110000010110011001100000101011
000001001110010101100001100111010110010100000011100001000110
000001001100001110011100000111011101110011100111000011000100
000000100001011000100000001100111111111001111100111001000100
101101000110000001111111000000100110001010100101001011101110
101110011001000110100101011011010110001101001000110000001110
100110101000000001101001001110100011111110101100011011001100
011110101011010001110111000110101100001000010110110010101110
110010100010010010101011110001010010100000110100110110111010
110010101100110110101000001100110110001000010101101010100010
101110000010010110010100010111101110000100001001001110000001
010011101100100010110111100101100011100110000010001011011100
011000001011001011001010000001001101010011000001000100001000
011010100111001111001010010110010101100001001100100010100110
001100100111011111100011111100110000011010011000000100100100
100011001111010000010000000000010001101110010111111111110010
010000000001010100010100111111111001100011000110100101001101
100011110101110010100010001100011110100011001101011010011111
111100101101010110001100000110100111011000000111001100100110
011100000110010001111011111010101000011101111000111111100011
100111000011000001101010000000011011011110100011001100111010
101010101010101001100011010010001111010001100101100111110110
011010010111010001100100100100010100011101000010000110110110
101000110101100011100011001100000110100110010000101000000101
001110101111100000110110101011100101110100100100010000011001
110000001011100110100011101110011010110000111111110010001011
010100011011111111111011110000000101101011101001010000010101
011101010000010101010011001111101111110111101000100010100110
111101110101110111101001000100101010011000111110110101101000
000001101000001100110110100111101100010110010001101111010001
110001001101100010100101011011011101000110100010110100001001
010010011000110010101001101111011100011110001111001011111110
111101001011110000010011010010010011111010110011101011010000
000110100111101111111010111110101001110110010111111001111011
