001111001110101011000100101111111101011100111010111011010011
010111101000100110000010010001110110111010111101001111010010
110011000000000100111001110110110110010110100000001111000001
001100001110110100010110011100010000010100110011011000110100
110010111000010110100111010010110110111000110110101101010011
001011110100001010001111110001000010110111000110110101000011
000001010110110001010001100111010110110001001000001001011100
010011110111010000010010101000100110001000111111001010111011
110101010010101111010100010101101001100101000100001010110010
001001101111001011111101100100000101101010000001010111000000
111010110000001111101001111101101111000001011011100010111000
011100101100111101110011011111100100111100001011001001100010
001100110000100011011111100000010010101001110010011110000111
110111011011110000101111100100011110111010000111110000011100
000011000001110011111101001010001011110001110111100011100100
101000110101110011101111000010100010100110110001011100100111
101100101011011101111011110010011110010001101111111110010100
010001110011000111010010111100001010101111001110100011001111
010111011011010011000000111010011100100001000010001000001000
001111110110000001111010101010101110001011011000110111011100
011000011100001001000110100101001101001001100001101100110101
100100000100011010101000110011101110110111010100000111001101
110010111000001010101011000101001011101101001000000010010111
011101100100111000010111101011011000101100101010000101110101
110100101101100100111100100011011001111001100111000010000101
010101010111000111001110001110101110111111111011111110001010
111111001101101010000100111110101010111101010110010110110111
110011011001001101100101001100000011111000111011111101000010
110000110100110001010101011010100011010100101010110111110000
010000101111000010101001011100110101001100110111100010101101
101000110100001100010110010001111001010011110100000011010010
111010001000010000100111001100100101011101101001001011000111
000100110001001001011111010100000111111110000111011101001110
000111001011010001100010001111110110000100111010000101110101
010000110101110011110111011111101010000000001000000101101101
100111111100101101101110100100001011100100111101100001010000
010000011100101001001111001000001110000000010100010110111010
111011011011111001111010011001101100001110000110100110101010
001011111110000111010100100110100110011110001000000111010011
001111010011011000010000100110110010100101010101010000111000
