000000101101000111111110000101010110101011101000110111000100000011011111001000011110101101101011110100010000001101001010010110111101110111100010001110000101000100001010110101001011
000011101010101110000101000111101100001000111110010100110011111010001100011111111001111111111100110100001010101110001110110101001010000001011100110010010101000101001000101011101001
100100100001111101111000111010111001001111110101011010101011110010011001010001100110010011011000110110111010011010010111010000101010101110100011111010000001111000100011000001110100
000101011001011110001010000010010010111101010101100010001001101100001100001000011001101101101110000001011110111000111001010111100010110101001111111011000110100111001001011111101111
110101111011100010011111001000001110010000001001010011001111000011100100111000101110000101111000011100010010111011101001100000000110110111001010000111101101000000000101011001111001
001011110111111101101000010011110010010111100000011000000000110001000101001000101111000000110111010000110110111010000001010010000110101010010101101010111111101111101011111100100100
000110100000001101000101111110100000110110100000101000000000001100010011000000001000101011111101111000011100000100000011001101100100010001110100010101001000111101110011001010001101
011011100111100010000001100000110011110101001111111111010110010010111110110010001110011101101000000000011000000111111100111101010000011111101010011010111100100010101111010010010100
101010111111011110100010110001000100010111001010111001111111111110110110100001111001111010001110111110110101001101011101011110001000000001101110101000110010100110110111001100110101
110100100101100001100010000110110111000101101111001100111011101001101111000011010011000011100010001111101001110011011100000111101001100100010101101000100000010101101001110001010010
101100011000010111011000111110111110110101110001010000001110110101011011010100011111010100011100110111101110001001110110011000011100110001110101010001100010000000010010110001010011
110100101100010001110100111100101110010100101000111101110111001010100111010010110011100010000000110000000101001001101111001000111000001100001001100001100110000011011000000100111001
110100000100110101001110111111011110010101110000001011000000101100110101010110110011011110100111010001001110111011110111101000111111101100000011111001101110010010001010001101101111
010101010101111001001010000100010101110100100100010000011100001100011000010011100111011100111000101100101001001011100111010101111010100111101001101011111000101111110110100110101000
100101111100011100100111100111001101011010000111001000000011111100011101011110101100001010000001010111010111000010110111101000111000000101111111101010010011110001011011111001101111
011111110100010001000111010001101000110100000100010100110000000111111111000001001111001111000100010101101011101000000011001110110100100011011111000110111000001100000011110010011101
101111001001001000011010111110010000101001010001001101100001100110111000010010001010001011010110111010100101000010101111100011110101000111001110010010100100010110011010011111110101
111010100000001110100100101110111000010101110110010000001101011011110100010001101101001111011100000111100001110001011110010111100101011000111011011001011100001000100110110000001010
100010010000111011100011111000001110001101110101111110000101001110111001111011110011011011100111001110100001010111010001100100110011000101000110101001011111100101000000001100110000
111101111001100101011000100011011010111111011111011111101101000001111001101010010011011011000010000000000110010101101001100101000001110110011101101100101101011010101001111000100000
110110010011001111000000001101101000011001111100011000000100100111000111010001011000011100110110111001101001010000111111010011101000010010111110111111011001000001011111001100100001
011110110010101111100111110101001010010101000011010100100111000100100110011101010100001001110011100001101100000110010010010000101000111001001010001101010010000011010001010001111111
101011010010110111111101111000001001010001010111000110001011001011100100000001011101001000011100101001100111010100001110010110010010001100111011111010111111001110101011100011100111
001000010001100001010110000111111101100101110011110000001010000000101001110100100010000111101111100100000110111111100000011110100100000011011010001101111101110011001010011100101111
001111011010011010011001010001110001011001110110110101010010101100111100111111110110001010101111100100011010110110110111110101110001011010101010001000100100001110001010000010001011
010110111000111111011000011111100100111101101001110011100011100110010000011111101101100001010110000100111001000011100011011000011010111101111110101101101111011001001011000001000101
010111001000000110110010010101110000101100010010110101101111010111111101000111001011111001110010110011000100110001111010110010001011111011111011100110011110100010101010000000010100
001100111000000100010110110110000111110111010101010000110100000011011101001100000001110000101110111001111100111000010011100011011100000110101111000001111001001100111111100000001110
011101100111100111111010011100101100100110011111111111011100010011010010100100000000000111110101000111000010011100011101000001011011010001111100100110011010111111110001101000010000
111010010011010011010011100111111011000010010100111011110100011001011010101101101111011110000001101101100111110011101110010011001111111100111011000010001011011110101101000110101010
101111110111001100100111011110100000010110111000101001001000011011010100110101101011100011011001110110100101111100011011100101111011101000111101011100101000000010110011010001010101
111011001001001000011110001001011100001101010001011100111101101110001101111101111111101010101011110111000000110010010011001101111000000011011101000110001010000111000110001011111110
010010101010000100000000100100001011110110101111101010010111110100011011111100100000100110000011001100101111100001110010000111010011011000011111111011100110000001110101011000101001
000101100001000100111001100110101011110100100100011101110110100010001001010011011101011000101100100111100010100101111110011111011011100100101010000000011011011100010110100111111100
111110110100110101001110011010110111100110101010010101100111110011010000100001101101001010010100110011000010011010111111010011111011100001100111111011110010101100011100011101001010
101100100101101000011010010000010111010110010111101010101000101000000000100100111101001101000110001111010111111010001011100100010110011111100111011001100010011011100001110011111101
101010000111000010000101111010101100001101101111001100011000110110010000101100101001011010110101111100000111011101011001001001101010011101011001000000100110001111111110101101010001
101001001001100111110110111101101010011001110100100100100000100111010000011110110100010111000001011111111011100111010100111101011011010000101000100010100010001000011111010010010111
110110011001101110000011011001000101000111100101100001111101000001000000101010000110011010111100100010100010001011100011100110111100001100000110001100011000000000111000101100100010
110110011111110000000000011001001100000101010010000001011101011010110110101101100000010011101111101111101000100010110010011001001010111100100000101100000110000100001110110100110110
010110101011011110101000001000001011011011111100111100100100000100101000100011010010000101110110000011011001011001000100100100111111100001011101001111001011100100110001000010010100
010110101011101101111000111011110111101001110010000100101000100000100111011000101101000101000000101000011011101000111110001111010010111001111101111000010001110010001100101100010001
010010010010101001111000100101101001110101000101010100110100000001111100010111010100111001000110001100001101011000000101010001100111000011110010011111011100100100011110001101101011
110000001011001111001101000101010100010011100101110011100010111010011000011110100110000101000111110100101101011011001101101111101100101101101110110001010100011010111010100011000011
001010111101011101110100010011001010001001100111111101100101001111101111101010101111110001010010011101100110010100101110110000000010001001000111010111000101101110001011110111011101
000001000110011000000011100001001000001011100011011101110111000010011111100011110111111111110000100001011111110000110011111011000000110000011111010000100100100010111110001111111111
011010110001110100100101001101010011100011001100111011111010111100100010111111101110111000110010000011000111011000101111100001100000110110111100000101011000011110010101101100111001
100000100101101010001011010000001001001110111110111111110000000110001101100100010011100110001011100100001110001010111111100001110101101100011111111010101011101011110110101111001110
101111101010100101100101000000101110000010101011000001000010000010011101001101110010000111100011000111000011000100100111100001010001101000000001101111110011001110010000110000110000
101000110100100110010001010110100111111010110001101001000101110010001011011101111100000011110000110111111100111101100010111011101100111001101000110100101001100100011011000010111000
111111111110100111010001100000010101000111111111110000000000111111101010100010010101111010010110011010001011110111110111100000011001101100010100001101100111001110111010011101001001
101111001111011001010101111110101101110010001010100110100011100011101010011110111111110111111101011000110100010100001010010111110100101101100000110011010111000000010000010110000011
111111100000101001000000000111111010000110011010000100100001010110111010001111111100110100110111001111101001111001110010110101101101001110111111010111100000011111110011100011110110
000100111001100011011110011011101110000101010001100000000100000001111101001000110101010100011101100111110111110100101011111101001011110010100100101010100101010010110001100110010010
110110011011110010000011001101011011000111000111111111101100101101110010101010000011011100000100111111010001100100001001111000100101001010100010001011011001110100110011011001001000
000101000110010001011001100010111110100001110010111011111001110110011101110011000110010010010011110001001010100011000101101110101010100011101001001000011011100101010011111110101101
000011010001011000001110011100001011101001001010010101010100000010110101010001110111110110101110111001000111000010000100110000110101110000010010010111000000001110001011100001011000
110111001100000111011000001000110100001110111001110111001100001011001010101110011000010011111110010111110100001001101101110101001001100110011111000001110110010011010011101001111111
010010101110000101111011111101110100010000001000000100000110101011010010000111101100100010110011001110110011010110111110110001011110100010010010100010101111101000000100011000011010
100011111101110110101100101111001100010101000100100111011010110100110111011011111001100101000100001000111000011010001010100011001111011101001011100100001110110110111110000010111011
010000111010010010010101100110100010111000010001011111111001001100101110000011110111100101010011111111111100110011000110100011100001010010000110000101010110011111001111111101011100
100111111010111011001110111101100011110010111101111001111001101011000010100100010101101111111110011010110011000001111000011001110111011110001000001100011101111101000100111111111101
101111100111111000111011110011000001011111110000111001111000000110101011101100110100001001100100110101011110000010000010101101100001001000010111111001101101100010001100010110101010
100100100001111110011011100000010100110011011101000111000110110101100100000011010110011001110110001011101100111110100001100100011100100100000000100110101111110110001100111000101000
111001100100100011101000100000110001111000110001000010011011110111011000111110111001001101001101110110100110100100100100110110101101111011100101010100010100000110101100000101101011
110010000100010000001110010001111011100010011001111111111111110000011100010100110110010010111100100001101011101100111100010100011001101000000110111100001101001101100100000111011000
010000100110100011000011010100001010100101010111101110011000100110100011001010011100001100101111001000011110111011101111110110111010010100111110010100011011101000101010101100110001
110001110110001000011110011011011110111111110110101000110111001111101100111110001001001011001111010111110100011110110000110010000000111010111010100101110011011111000100101011100100
011010101111110101111111011110010011111101010000000101100111100010100111101011011110010111011010000001101111100100010001011011100100010010001001011110011101011010010111000111111000
111011010110101101111011001000010010101111011100110101101111000010100000001111010111110000100110010111110000100100011010110101001110011110110110000010100011000110001110110110111101
001010111011111110000110100010101001001010001101001001100010011010000110110000000101110101000101001110010101000000101111010001000011011110001101010011011111000010011100100000101101
000010010000101000101101011111101010011111110101100111000000001001000011111110100010100001100101011111011001000110101101010000110011010000010000110110101111111100000111000010011011
110111011001011110101100101101010111100100100101001101101101010110010001010010010001000000000001111110111010110011001001101011010010010000110111101010111110011011011101010111011000
011010100110100000011011001100111101110100000011110001100000100101000000110101000000010001100010000100111110100010010001110100010011011001100001000000111001110010111101010010011001
100111010100011000010101100110011001100010011001010110010011101110001110010110100110001001101000010101100101001010100010101111010111000100001101011001001110000110010010111011101001
111111110101000000010100101010101001010011010100111101010100101101100111101111110101111100100001000011111100100010011100000011001001011000110101100011101100111010001101101011011000
010000110100010001010010001101001000001001001101011101111100001000011111001100111100101111011011100111000010011110100001010111101111101111010000011011101001001011000010101100101001
000101011111111001010011011010001000011111100111000010001010000101010000010111001000111110011001000111110000100010000010101010011000011010101100101100000010101101101111010010000001
011001010010101111001101011110110101000011100010100100011010000011111001000101100010001110101001111101011011010101100111110101000000001010001111101110110000000001110100010100011001
011101001000100001110110101110010001111010100100001100110011110110011100000101100101110110101011001101010101010001111000100001111011000011011101010010001000111000000111010111101010
110010100010000000011101101000001111001111010010100111101110110101110101100010101101110001010100001000111100001110101010011011111101101001111011001110000101001110000011000111000100
101000000000001100001100010110101000010100001001011111010010100001100000000110000001101111010001100100110001111111001001100101110000011110100000000100110110100111100111000000111011
010111010000010001000101010100111100000000011010011111000010110010111111100101110001010000011010001000000100011011111111101110101000111110110111111110110000110010011011010110011101
010000000000011110010010000001001011001111011101000000101111111010000111100000000001111010000010001010000101111110110010000110011001110000010110111000110111100100111010101101001110
010001100000100110111110001111111111001000111001000111110000101100111010110101100111011101110001101010101100101001011011010100110010100010111011000100111100011101101101010001001111
100100000011001100001010001110001000110110110000111111100001011100101010101000100100110000011011110100001001010101001010111011010001110010001110111001100110001111001111000100111101
111110110100000110010110111000010011110011010010000000110011010101010101001101000101100001001000001100110111110000110111100101001011100100100101001001010101000111001001100100001100
110101101011101110001110110100101101110000111110001100011010100001010000011001000110110010110010101101011010101111010010000000100011110010100111001111011011110010011111010011110000
111000110001011000101110100111110010101111011110111011110001111011111010010100000111100001100000000101001111101110011011100100100110111101100100000101110011011101000101111010011010
100011000010000011000000001100000011101111110111101000101000000000101010000001011111101011000111101001100011011101110110110011100101001011100100110100111001011110011101001001111101
111100101101111011011000111110111000000011010011000000110011111100110110010110110110101011001001010010000110011101101000110010111001100101100001101111110000000000000100011001110110
111011011101100011110100101110111001100111111001111101101000010001111110100001000100000101011000110001000110011000101001011101001011111000110011111101101010000110100110100000011011
011101111101101110000100011001010011101010110110001100010010110001111011101001111011111111011100110010001110011101010111001011011110001100111101000110000000001010100110100011010011
100011111100000011101011100000101110001101010101100010101111101010010100101101100010010111000101111100011111110011000111010010110100011011111110001101001101110000011001010111010101
101100110001000010010001111010010100000010001001011111010010101000111101001110101001001111100010100010000001111101010111011001100111010011111000010001010110101010100011110000101110
011010101101010000101000000000001110110010011101000010101010000001111011110000001110100001101101101111100001001000101111010111010110101000010011010000101011010000100110101001001001
010100011101110110111011111101000011011011011010000101101001111001010000110100000001011110110010001110111010011110011000001001000011100000111010011011001001001010110011011100100110
011110101000000010000010001011111100101110010100001001110011100101011101000010010101000111000000110001011111100101010110000110011001111001011100000111010010110000101010100100001110
001110011010000110101101000101111100110011011101100010100111000000111100010110011001010001010110010011110101000101011111110100111100101110000101100100010001110100011100010001110100
110010001100001010100110001111010010111111011111000101110010001010101110010100101011001010010010011011100011111101011001101101111101110100101100010010001011100000000000100100111101
