111110010011101000001001100001100111110101100100100110001100
000001110111111111100110011001100011101110011000001111001000
111110100011111100001001110101010001111111010101101110101110
001110001111001001001101000000011000000001011010010101110100
010011100110100001010010100010010011100100100011101111101100
101011010101100110000000011000110011011101001001110111110101
110011100101100000010110101010111111111001011010010010010100
111010011100000100000101001111110010110100001101010010001001
110011011100100010100100000101000100101101001001110010011101
110010011111100001100110111101000101001100110000010101001001
001100010110111001111101000011110100010000011000000010110100
001111101011101110100110011111101000001110100101110101101000
111111011101010011011011000111110111110011111111101110100111
100000111010110001101000101101100010111000101000001001010110
110110110110110000110101101111011101100100010111011101011011
000111110010111010011011101010111001101110000100010001001101
000010001111100100100111101100010010001110110011110111101100
010100011001111100010011101011110000000100010010001101000011
111111011000000101100011111111110101100000001011000011011001
100001001001010110100011000101110011110001111101110000111010
001000011110011111001000000000010010110100111001100100110111
111101011011111101011011100011010011111000110111000111010110
010111100011011111100010101110000110000100000001110010111101
111010001110010111011111000010100010101010011110010101111001
000001100000010010101000100100111001000000011100110100110001
111011001000001101000011110111101011111010111101011101000100
011110101000101101000011001111111111101001010000101011111001
110001011000000101101100011100111100100110101110101101110001
000001101111111011111000111100100001000101001010100111010001
101111001011111101011100101111101000010001101101001001101001
100100101110010001001010101111101001101011011001011100010001
010111100110110100111011010100000101010110010100111100111110
101111001011111100101010111010100011101110111111010010001111
101011010011000111010110011000111011001110110101010100010100
101110111011001000000111101011011101000011010001011010000010
000001100000100000101111001000011110010001000110111100000001
001001010000011001011101110101111010010010100110000111111010
001111010101101010001100110101110000101111001101100111110000
001000001101100110001000011010000000110101000000010011010100
111001011110101010010111000101010000111111100110001010111010
