111011000100011010011011011100110000000010100111001111101000
011000011010001000010110100010000001000111111001101011000111
100111010110110111110110001101011010011101011011110100101100
100111110011100100101011111111000011110000110111110011101010
111100101111011000001010110111011011000100110011011101110011
100111111010101011101100110010011000001001111110110011001000
010011001100111101011011000001001011111001100101011110110001
110000001101111111011011101011010100110000111111110000000100
010100110000111010111010001011110001100100101011101100100110
000011011000101011110111100011110011000111101110001011101111
011111000101001010001100100110100110100100011010000011110111
101101011111100111010101110111011100101000110000010101011000
011000001111110101010001100011110001100110110010001011001110
110011111001111100001100010101101110011000000100101100010101
011100001000001111111011100110110011010101111111001110110101
110011000100110100101100110001110011010101110101010000011011
101000001000000001000010010010000110101010101111011101111110
111101101010111011001101100110100011100001111100111100111110
111001110001101100010001001111101001001111110110111001001111
111010001001010101011001110000000010011101001110100001001101
011100111101111101110111100010101001100111000000101110001010
111100000000001110010011111001101000001100000001111101101010
110011111100001010110001100011110011100101010110000001011000
111010010110011110111111110000000100011001111101001011001011
110000100011100110100010001011101010001110100100001101000110
000101101101000101000000010111101110000010110000100110110110
101010110111100001010110010010111001011010110111000100000000
101001101010010011111000100000001010000011101111011101001001
010001001101001100100010010110111010001111010111110010001010
011111111110011001101110101100000100111010101101111010001111
000110110000110100110100111000100100111110101101001110100100
111111111010110000000011010011000010010000100110110010000100
101011000111010001111001111001100100100110011011000011101101
111000011101011110000000001110000001101100010010001011000001
101100101110101001001100001001110100011101010011000101111101
101010100101010010001100000011110011000010001000010100101101
011110111011101111000011110111011001001101000100011001110010
010111000100101101011101001110001000011000101111010011110100
000101110100101111001101100001100000011110001001011000111101
010111000010000100011111110010100000101000100001011110001010
