100111000101110010000111110100101000100010111010110011010110
110101000100101001111010111101011011101010000000100100111010
110000001000000000110110011011000000010100101100111100111111
100100111101011001111011111100110110100010010010001101101001
011111001010000101111000111000010111100000111011100100100100
000011010101111010111010011100111010010011110101101001011111
100111101101000101111011001111100100001111111100110101010001
001001010010101011100110011110101001000000000100011101011010
101000110100101011001110000010101101010100000111011101000001
101000001001010100111011011010011101011110010101010100110101
100000011000110110001010100000111011001101000100101110010000
101010101110001100111110010011001010000000010011001101101111
100000011101001011011110011110101010101010010011111000000100
111001110100101110101101111110100110000011101001010010101011
111000111001000001101111000100000001010100111110111011001101
101100010001001001101101100011110111011101101000011100011100
110001101010111011000011100110100100001101101101100100110101
000100110100010101100001011101101100000100010001011001011111
110111001110101000111101100111110000001101011110011011000110
101110010111000101001001110110110110111000001001000001101110
110110000110111000001000010000000000100001110011001111000011
110000010100010100110110101101110100111111001100110001110101
011011111111110100001011010100011000100001110110110111000010
110111110101000010111111001111110010001010101011011100101110
010001010101111010011001000101110101100110000010100100011001
000001010111101101011110100111011111101010001011111011001111
110011011110010100101100000000110100011001000010110001011101
101110111100000100110101011001100001001101101000001011001000
011011001101101010010001100110010000110000111111111001011110
111100100000101110101101100001101000011000011001000100000101
001111001000110001011001100111010001001111101100100000001001
010001110010001110000110101010011011010000101111000011011111
011010110000110001011011100110111011110000101000100101101001
010100011010101001100010101011100101000101111100001111111111
111000001010000101101010101100110100000010101000011010100000
100010100001000111001110101011011011101001111000001001110001
100010001000101100110001001111010011000011100110000101110101
101001111111011011111010000111011101111010111111111010110001
011100111111001001001111010010101010011010000001011101111010
010101000001010010110101000011010101100010101001001001111010
