001000101010110101101001110110111011101000000100110011101100
010010000110110000101100100001001101011101010000010000011000
001111101011111011011111001110011011011001010010101001110010
110000100110011011000011001111101001011010111000001110110010
100101000010100111111110000100101000000111000010101010110001
000000011000111101100111100000111110000011010101001011000101
100011000010100101100100111000011101011101010111010000101001
110110111010101111101010011101011100000111001011101001111000
100001110001101111100010100000111100111100001100110111001111
001110111010011111101010111010100111000011010011010010001110
100100111011000100101011110000010111011100110100001111110010
001011100111100001111101000110011101110110111011001111101000
011110010001011010011010001100111111110010011101110111100100
010110111111011110001011100111010001011000100100010000001101
111101101011100010101011010001000110010110111000011110101111
011101110010010000001100100000100111001001011001010011100101
001101100010001011101011011100010100011101011101110110101001
001111011011010011111111110001111001010000010111101100000011
101000110010101010001010110111011101010101010111010101010110
011000111010101101001101001010000101101011100111101011000110
001001110010111010001010111010011000100001010010001110001000
111000111001011000110110100110001100110010111011011011011100
101010011010001100111001111101010001010000100111000010110001
110101101001100111000011101101110111001100110001001011101010
000011010100000010011000111000010010001100011100100101100100
110011111000111010101100111010101110000111011011010100000010
111000000000110100100000111101011111011011111100100011000100
010010011111011000000110110001100010010100111100110101010001
110101111100000110011100001110000111110111000100111110101001
010101100100000010110111011010010100111011111100110001001101
101110101010001111110000100101100111100011100111011100110101
000011000011110000001100001001011010101111111000100110011111
000100111100111101110001000100010011010000100110111101101000
111100110011111001101110011011011011001011000110110101110011
010011010111101110010111100101101111101010101110001001001110
010100000111000101101011010011010110101000000010010111110111
101011010101110001011111100100000011011101011100110010000011
001001101110101001101100101110101010110011000011100111011000
100101011101001001001111010101000000000110011101011001101011
000010010000000100010101001001100011000001011011101011111100
