111010001011001011010011111001111001000100111000110101101101
101111110110011010110110100100011110000110011101111100001000
001101101000100111010101100011001101101101100011111010001000
001001111110000111101100011001101001111011100011101101001101
111000110111110111111100010010001001010011010011001010000010
101101011001000001111011111101011000100000110101010110101011
111010001011101100101110100111001100001000111011010100110011
011011111111100011000000100000100111000111000000101000010110
101011010111100011011011100001111000100001001011100000100011
010100010001100000111110011010010110011001111000001011110110
100100011001000100111010001010010100010100111000000101001100
110110011010101100111011100001010010001001100010011111011000
010001010010100010100101000000011000100001110101000110111111
011011110111011111100011100001010101000101000111010011000101
000011000010011011110001000110111100101010110110101011001011
111011100100001101010101111101101001001110111101111011101101
111011100101001111011011001010110101111111001100111000101010
100000001101000101111111111111101110001000100110000101001000
100010111010000101110011000011011111111010110011000100100110
011111011010011000001001100100010100001001111110000110100010
001001100000111110000100100100001010011101101000010111110101
101100111011111100001001101100101100100110011010011110111111
101000001011010010010000110110110101000110111000010010100100
010010001001000000110111111011000110010011000000101000010100
100111101011111111000010010110100100110111011011001000001011
010100011111100011111001000110110101110000101101011001000110
100010011100000100010110111001100011000000100110110010111101
010101010011101010001011101111010110110010100010100111011000
001011101001010101110000001010101011100011010000100100000110
001011011101001001001110010110001110000111011101001001110000
001101110011010110101001110110000000000010010010101010001000
001100101111000101100011100101100011110111101001000010011100
100111110100010001110110110100010010110110110010011110100111
100111010110010101100111111111011101001010010100110001011001
001101111100010000010100101101001110000010000010010111010011
011010101001111010111001110100111011010111110111000000000011
011001000111010110011000101110000011001111110101011111000010
101000101100111001101000110110000110010100000010011010001111
001011111011100110011100101011100101111101101000110011001100
010110010000010011101100101001101111010011111111100011000100
