000101010001110111100010011101010000100011101110111111110110
110000101100010111011100000101110100011101000011011110110001
011101101100111000011110011010010010001100010100101011111110
111010111100101101011101010101000001110011111110010011001111
111110000101010001001000010001001100010011011101010111001110
110110100000110010000100001101000011000100101100000011101000
110011101010011000000010000100110101110110011110001001000111
001010000001010111010100000101011011011111011111011010001000
001010001100001010011011000101011111010001100010111101001011
100001010101101110010010111111000100011001110111001111001011
100100111101011100111101001000111011110100011100111111001001
001010010000011010110101001000101001000010110001111010010111
110000001010010100110110001011010110111000011000100111101011
010110000110001011010110101100000111101010000010000001011000
000001010001001010101010000000110111100011101110001100010010
011000010110000010110101010000110001011010000010101001110101
110111011011110010100101000101010111101100100010100100100100
110111011000100111110111011111101111011110011010011010111011
000010100011110010100010010111101011000111111010111011000100
011111100001100110011101000010110011110111001011111101010110
011001100011100001110101000101100011101001111110000100100111
000111100101010100010100101011000101010000101111000001100000
101001010010111011001101111011111100000101111100101101011111
010100000101101010011001111000010101010010101010001110011000
111100110000111110001000111011111001101011010001000011100000
010001100010110010010000101011111010110010111111100101111000
110100111101110000000110000011110000011101001000011110110111
100101100001101001010111100110001010010000000010001001111000
101101111101011000000101000111111000101001111110011111010110
000001100000101111001010100110001011100001101100101011101111
101001101111110011010010010001101011110111011000110100111101
011011001010010101010011100100100000000100001000101110101100
010000010010000001101111010000010110001110000000100111100100
010100110100111001001110010110000000100101101001000001001001
010101111011000011011011011000000101011000110110011010010101
110001110101000010101011010101100000111001110011000110110011
001011010100101101100010000010101011110101000100100001000110
010001101001110011000101101111111001100111001100101011110110
111000100011000110010011100100010001001010110111110101110111
010100010000001100011000100011111001000000110001011111001100
