000101010010111001000000011101100001000101110110010010110010
100110110100111000010101111110100000101101100110101010011111
101011001010111011011110010111010010000101100001111011001101
010000000001011101001011111001100000010111001000110001111011
100011010111010000000101010111010101111011000000000010101001
011101001101011101001100101110110101010000010110101010001011
010100000010010000111101110111111011010111011001101110100111
001010101010011111100010101101001010010010010011100011110000
110110011000010010011101111010101101111011010001110011111010
110101101000110110101010110011000110011111011000011010011001
100010101110110100101010010101100110110110010111111101001111
010111110110101000110011010001001010001101000110101001011110
011001110011100010110011001011110101000111011110111010010001
100110101011001010011111111111101101101111011100000010110101
101111111010100011011101111111011110101111110100001001110101
011011111001111011101111101111111101000100100100000101101101
010101111111100010110110011101000001101000101001100011010001
110000011001000101100101110001000111011010001010011111000010
101100100110010110110110011111100111111110110001110110011110
000000011001011110011100001100010001010000101011110000100101
001111100101001101000101111011101010000101000110111110100010
011100110001000001011011001010100011110001110010001110110000
100101101010010011000111001111101100101101101011110000000001
010010110101011010010010100011110010100001011100010011111010
000000101101001100011010001000000000010101000001010011001110
100110010010100100110100111111111101001011011001101011010100
000110000110011100000000010100000111101100011110100010000011
100110100001001001001111100101001101111110101100000010010001
011111010101011000110011000010110010000100101100011111010010
111101000101001010001001100111011010011001101011111111100000
101010001110111000010000110001001111111100111111100001010001
010011100110111001000000101010101001100011011000110001011100
100001011011111010101010110110001111000010000001101111001001
000100101101010010010001010000000100001110111100111001000111
011101000000100101010001000010001111101101001100100101110101
011111111101011010100001101110011110011001110110100101010111
101011110101100011100001110110010111110010111011101111110001
010111001100100001000100111100000101001011111100011010000000
101011011010110111010111001101011110111111111011001000000010
110001000100010011011111101100011101111010010010010001011011
