101111100101011101001111000111011001010001100101100010101000
100010111101100010011110110100101010100000110110100110111000
111000000000100110011100100111111000011001101101111110010100
000001011000011000110010000101101100101000101111110011010111
111101011001101001110001111111100101100111010111111110101110
000101110011101011111001010111111011001100110101110110011101
101110101111011101100000111101101110100110111100000011011011
010011000100110101110110000110001110101111110100101110001110
001010010001000000000111000101010001100101100001100010100000
001001001011000101001110110000011000100110111001110000001111
100000000000001011000011011011001000010111101011101110110100
010010001110111111001111000110111100011100100011101110101001
000000110010000111010011101010011010010010110100010100111101
000000000000101010000101010110110011110010101101000101111011
001001101110011101110010000011010000000111000010000110110010
101110111110100010111100011101000001000110111100010110101010
010000010000111111101011110011100011000011101100101001000111
000110010101100000101111011100001000011100111000101001000000
000100000101011101110101101110011110110100011011110010110010
100110100100011111110110101111110100111101100100000000110011
010110001001110111100100101011100010110010011110100010100000
001111000001010111011101100011001100010001110100110001000010
000100010101001000000110011110110010011100001001110010011000
100001110111111000000011100000010011010101111000001111111011
010001110011101101111010010110110000100011010001000000001100
101100001000101001100101000111100010011111100010100000100010
010111000011001000010010011101000011101110101100011111000010
110100100101111000101110101010000001001010110010101011101101
000000010010100001111110110110110000100101110100110110010001
000011001010101000110010001110110000000101000011000000111000
011111011000011110111110101000101100110101110000000101100101
111010011010000101011111100001110110001010010101100111000011
110100000101110000110000010010110110011110111110101001011000
000000111001111100011011011110011000011111101111110100101000
010010000101001001111011000100011110110001011100011111000001
111010011010001100010011111010100010010011011100000101110111
101111001011010111100101110101011000111100001110100010010010
111110011110111101011111011000000101101011001010101111110011
011000001111101110111101101001101011001011111100001101010000
000101111101100111001101110101111111000000101010100100111000
