010110101001011111110000101000111010101110011110110001001111
110111111100110101110101111011001011100000100000010001000101
101000010100011010100101110100011101111110110011010111001011
110101101000001011010100101100110011101001000010101011000110
011011111010110010000000111110010011001011000000100110001100
011011011010100101101001110010111000010101010110101111000000
110100001011001011000111101110010101111110010110110011011000
010101101001100001010011101110000000111101100000100010000011
110001101001111111100000001010011000100101111101011001010001
011001011001010011010000011110100111100110011111000110001010
010011010101001001011110000100111100101000010010110011000011
111101011000100010011010011010000101010000000111001010100101
100011000001101101111100010000111101110001100100000010011111
101011001110001011000110111001001100010011110011010010011110
010011101101101101011001011111111111100010000001001010010000
000111101000101000101110100011010101101111011010101001101001
100101101101001011010001010111101010011011000001100011011111
001100000010011011001000000001100001111011001111000001010110
000000110111001111010001100000100001010011111001011111001001
110111101001111111000011110011111100101010011111101110001111
110001100011101111110000111111100001110110110010101101110010
111101111001001101111010100101011110001100000010101000001000
011001100011111000100010111111011001001100011010001010011010
110000100110011010111110110100100111001111111110001011100001
011010001011011011100001010010001100000100111010110111101011
000111000111100101010111001111000011011000010011111010010100
100110111110000111101000011000110001000101111111111100010110
110010010110010110010010001101011111101011100111010100111001
001001011100110010101000000010001010110111101000111111101011
110110101100011101100100001100101001011101010011000101010010
001011110011010010110111110000001111010111001110110001010011
110110111101001100001101101101010001110100100100101011111110
010011000011011011011011010001100111100001011111001000101011
101001100100101101000101010100101110000111010000001000000111
100110000001110111111111010011011011100011001101111010100011
011010110110111111010011000011001110101100000001011000101010
111001111101001011000000101011000000011011101100000001001011
110110010001001001011011101011110000000111100010000110001101
100100001001101110110001100101010101001011000000111000111101
111101111101010000011010101000111111110100010100011111110111
