010000100000111010000111110001110001010010001110101101001100
000101110110011011000110111011101101010111100010011001111011
100010110000001010001011111111011100011101011111011000101011
110010111011111011010011001010111111111110001010000101110011
010100101011000011000110111100111000010110100111100000101010
001011111101111001001001111000101100101101000100101000000001
000111000100011111010100000100011010111001100101101011000100
011101010010000100100101101000111111101010000110011111011101
010101111100010011000100001011100010010010001101001110101100
100110010010101011111101011110110101000010101000100001111110
011100100110100000010101011111101111101000100001110100100111
101111100001000011101100111111010000110010111111010001010010
010000010011101010100101101111001101110010100111000110100011
000001011001100000110101110101111011010100111001011011010100
000001001001101010100000001111100001000101111111111110011100
100000001001010111000111110010010111111010111010011010000101
111001010110010110010011111100000100001111111110101001011011
000011111010011101111001100000100001100001111100111001100111
011000101100101001011100010011110101001110000001010011101001
101111001110001101111010010110110010100110011010110101011000
101011110010100000100010110011000100000011100001001100001001
111001100000011110111111011000000100000100101011100110111110
001110101100110000011001100001111101011001101000011000001101
111101011110000010010110010000111010111001101011110110101101
000100110100110101111000001011100000011001111101111001110000
100100000010110001010000000101000000101111001000101000011110
011100101001101010001101011111101110111001100101101011110100
111100111010101100110110001100110110011000010110001011110110
001100011001111111110011010001010101001110010100110001001000
001111111011100001111110011001111000101001110010000101010101
010100011000001111110100100001111010110100000110010011100111
110101011000011000100000011110110010011011111000000101110100
100110111100100111010110100000010011010000101001101010101100
100100010111010110011111111111101000000110111111011100101010
110100111111010110011110001111011000111000111001010111110000
011110100010011011100001111001011011111011010110000111001100
110000111000111000111110101100100001101110110001110111001111
110011001011010000111000001110100110110010110001100011111000
001001101010110101111110001101101001101101010001110110010000
000001000111011110111010111011111010101100111000001011001000
