010101010010010101001111001001111110011010000011111110110101
000111000111101011000110000110011000101000101001110101110110
010101111011000000000100000001110110110100001111001001111000
111001111000000000101101101100010100100011011001011101000101
000110011110010001110010100100010010000001100011011111110011
010010000111010100101000000010110111011111101110000101001111
011110011000100011101000000001110001011110000010010000001111
010001001001001111010010111101010011110010110000100011000000
110111010010100010111011111001101100001011010110001101010111
111000000100100001110101101010001111110001001101101010100101
010111011111111100001101010000101000100011011101101100001101
001011010000101100111000110010011111010110111100110000101010
001011110100110000001000101000001100001111101000100010111001
001000010110100011110101000101101001101101000111001100110100
111011101001101000101011001011001111011100110100110110101100
010110101000001010011111101000011101111001111110001001001000
000101011100000000110111011000101110111010111010111010111000
101011100001100111001000011100111111110101000001110011000101
110100000100000000100110100111110010000001111010100101010001
101110100111001011101111001111101111101001001111011101011111
010110100111011111011101111111100000000101010000000110001100
000011111010011111011000011100011001101110101111111110110110
001001010001011011101001101111011100100101111101101111000110
011110000010110010101100111110001010111101110111010100110100
011110110100100111101100110000101110001110010010100010101111
010111101001110010100010100101001001110011101100111101101011
001010011011101101111000111000100010101000011010111010000001
100100010111000110011100111000100001001000110101110110111011
010001101100000010011010101000101110110100001011100110101111
100010010101111001010001101001010011010011101010001011001011
110110110101100001001000010001000010111111110101010001110111
111100101010001010010011000110100000010110010011011101000111
110100111111000111000111110001010110100111110101100110000110
001010101110101001101001101001011111110001101011000101010001
010011101101011001110011110110001111100010110011111110000111
011111010100111000000010101100101101111001110110011010100001
001100011101101000000000011010100101010010111101100000110001
000110011110110100001000010111110101110001000111001010011011
100110001110011100010011010010110000011101001110000000000111
100010100001100010000111001101010111110110101111010011001101
