100010110000100100010111011101011010000010111011100010110110
000110101110100110111000010100011001101000011100010100100111
010110101001000100100101100000011001001011011011111111111010
011011000110110000001101101000110000111001010110000100011101
011000101110011010110111010011000010010000110001110110011010
100110011000100110010101010011111000110100001010010111010111
010100010000110100010101011000101111010001101011100111100001
100111110111011100111010111011111111101100011000000101101110
110101111100100000000011001101011111100111011011100010011011
011111100101010011110010010000110001011010000011010101100111
011101010000011111011101011001000000011010011101100000000101
101100001100001000010010011101110100100001000111100111010000
001111001010100001000011011101111011111011011100001011000010
000100110111111110100111010001110011101101101010010010100000
000000101010111100110100110010011110101101011011001101110011
100001011010001100000010000000111011101011010101101010110101
000111010100010111101001101000011111000100000001110010001011
000100010011000100100010101101111010001100111000000000011110
110010111000001111010110010001100011011011100001001011011000
101110010011100001100101010101101001000101001110110010000111
010111110000000110101001100110010000001111000000111011001100
010001001100110010110100110101101001000000101010000101001011
000010011110000010000010101100000100110011011100111101011001
110001011100001000111100011101010101110011111001110101100000
110111000000001011010100111000000110000110000011110001101111
100000111010011001011101001111101111010010011111011010000111
110001010011001111110001100000100111100110100010000001000110
111100000001111100110001001111000111110111111011000011010100
111100011011010101101011100001101011010111100111111100100110
000111000001101011000110110000000001101011010111010011000110
011101001001000100001110101101111001011101110101101000101100
010000100101000010110011011100110100000111001000110001001111
101011111000001000111001011011111010010001101111101101101100
110111110110010001001101100011010000010110100101100111001111
000011111100010010101101110111110011101110111010111100110111
110011100010000111010101001110001000111010001010001011110010
000110111000001000001110001110000101111000011011100001000111
001100011111000011011100010000100000110001011011010100011111
001111100001100100011111001011110011010100101110011000101000
101101101010001110101111100000011101011001111000110000111110
