110000100011000000101011001101101000101001010000101001111010
011101011111111111111000001100000100011011111011111001000101
011001111101011110110001011010111111110100010000101101001100
111000001011000000101111001111000111000010110000100001001111
000111101100100001010110000100001001110011101111001000011111
001100100100010110100100010111110001111011001100011011001000
110010001001011111101100100101111101110011001011001001100011
001111010000110011100001000011000011101000101111010101000010
011001000011001010110100011101011100010110110011010001010010
100000100100011111000110000111000001011111100100001010101000
000111110101111010100110111101111011000010101111100100101001
000000001000100010101100001100111101111011010010111010001101
010110100100101100010000011011101001101101110010100011110010
100100010110001110111011111001011100001011101011100011000001
100001111110110111111000111001000110010001000101011000000100
111101000001000011011111100011000110001100010111111101010001
100011110010100111010011010011101011000111100110011101010010
111000101011011001001111000111000100011011110101001100001000
101101111010001100100000101101011010011010101111010011110011
000101001000101011000100101101100100100000001000101000110000
001100100110011110101100111010100101111101100100110001101001
100100111100100000000110100000001111010001100001000110110001
011000000100111010100101001011100101100101010001010100000110
101111111111111111010101110111111110000100011001001011110110
101110101110111100011101100010100101111010000111100011011010
000111110111110011111111111011010110000001010110001110010110
110101000011011110010010000101110101100001010111001010110100
101010100101001001011100110111111000110011011010110011101010
101010001001101111011110011100100010011101110100111100100000
001110000001000100001001101101011100100100101101011010010101
001000111011101100001000011111110111101111010011111100001111
111010000000011000000111100111111000011100010100110111011001
110010101100111011001011101011001010010011011001111000010001
000111000000101101010100010001010110110100111100011111011101
111110100111111011011001000101100111110001100011000000001100
101111111100111110101101101010001000000011110000010110000001
011111111011101010100010111111110000011101001101001001010001
111100000010100100110100011111100111000000001000001100110011
010000011000010010010111001110000111001010111010000101000000
100001111101001000100010100110111010011010010100111011100011
