100001100111100110010000100010100001100010010101011010110100
010101110101001110111000111001010011010100010111101000011001
110011100111110010111100010001111011101001001101101100010000
100101110010001000110000000101000001111011000000101010001011
000001101011011011011010100000000000111110011011001000011011
110001110101001111011011001101000101111101100000011110011011
111001001111000010110100011111110011001010101101111110100001
110101001001111100001001101011011111110011101011100100110011
010101100111010000100110110010011011110101100010110111101000
011101110110111001000111011111001001100100011100110111100001
010111001101010011010011110010001101110100100011101001000110
000110000110000001000110110001111000101101011110110110111011
000001100111001101111001101100100110111011011101110100001111
011011110101011110000101000000110010100100010100110011001110
111001011111001010111000111001000011110100001010000011000110
000000010010100110010110010011100010001100110001001010100101
001110101001010010011110001110100101010110100001001000100000
110001010011011011100100010010100001110100000001111110011110
110111111001011101000011111010000001101111101010110011010100
010110001000010101101100111001000010010010110110011110110000
011001000011101111011011100101111110010000111110000011010000
110001101101011111111100100100010001011000010101001101011111
111111100010100000001001011010111001100111100001001101111101
100001001001000100111101100110000100011111111010101001100100
100101001001010100111001110010001001101011001000010111010001
000110110001011110010100110111100000101001110111100110010111
101001000111001100110110010101011000110000001101110000000010
001101110110100000011010001000000010110010001001100110011101
001100011000111010100100101100001010010000000100100110110101
101011100111101101110001110010011011100110001000111001101101
111110001001001010111111001001001001000111111100010011101111
110011110101111000000100011011001001011010011000011000111110
010100101110011000100110100000011010010001101000001111111010
100010101001101010100010111001100100111110110001111101110110
100110000100000110111110101111010100000000111000110100110110
010110111001011100010100111010010101101000000100000101000110
111101100010010010110001110111000111011110001001100010100110
101000101100100101010011001001100111011010011000100110110100
010000010000001011101011110000101111100110010001011001111011
010101000001001100111001000110001011011100011001100100111010
