101011111010001101100001101010100100000011101010101011101101
110100010001000111010111001010100000001111100110011110011111
101101111101000010110000100001111011100000111100001100110110
111000110111110010001001111111010111100100101101100010110001
110000000010000100011011100010001101111111001011100001111101
001001111001100001110000011110010101100111100100010000000010
010000100001010001110110100001001101010111010110011010101100
100001101110110101010100111011100000001011111111000010101011
111010100000111010101110000100111000101111100101110111111010
010011000010011101101011010001010101110111100011100101001111
100000000000100111000111101110001010111111001101001111011000
000100010010001101000001001100101001010111111101100011111001
100111111010000110010011100100101100001110010111110000011001
111001111101110011001011001110110001010010000110100111101000
011111011000000010100010111011101110111110001010110111001001
001100011110010111001011111000110110000010011000000001001001
111111001010010010111011000111000010010110111111010110011011
101011111110111101011101110110001110101000010010100101001010
011110100110010101010001100101000011001110110111000111101011
011000000001010100100110010110100001001000110001011010010011
100001011100000010010000010010001111000111101000000111011110
000110100101111101111001110110001011110001000110111000011111
001110001100111010001001001100010010101010111110110100011111
010111011000111000101001111110100000100101001101010011011010
001100110010000100111010111100011111111011001001101101100010
101001000100000010101110011100110100110000001101000100010001
110101101010101001010011011010011100101110011110010100001101
001100001110110101101010111101011100101100101101001100101010
100101010000111001001000100100100100001101101011010001000111
000100110000101110111111101011100110100001011101110101101110
000001001100101101001100110011111000100110101100101001111110
001000000001111111001100011010100100101001010110011011001011
011100101110011111101000011100100100000010000111010110000010
111001011010111100011111101000000011000110101110100101111111
100010011011111011010010110000001000111000011100011000111000
000010010100001111000100010011111011000110010000100010010010
110101101111010100011011101000100101001100111101101011101111
010110001110101111100011110000100100110001101101011100010001
000110101000011111100101100101101100111110011000100111101100
101111011001101101001110110001000000000011101011010111011001
