111110001110111000001110110011110001001111001101101000011001
010001100000100111101010110110101010010101100111010000011011
111001101001101110011110111111111111111110110010000111101000
100000000100110001110110001000111001011000001101011000101100
000100110001010001101000000110110001000111110001010010010110
000000001100000000010000101100010011000101101101110001101100
110100111101101111001011001001110100110110000011000010010010
111100101001001010110101111010010100001011000011000101111000
101011111001010100000100111010010001111111011111011111101110
001100001001100011010010101011010110101001110011111000011101
111001100011000111000000111110111000010011110001100000100000
010011101000101100110101010010001001101101010011001111011001
110111010011000110110000000101101001101010010000110011001111
101111001010010000110000000111101101101010000001011001001101
101010011111110100001000110111111011110000011001010011011011
010001100101110011110101111011100000000110000010000011100100
111011000010110001011001100000101011101011111011000110110001
000101011110110111000101101000010111001111111010110001110011
111101010101001001111010100001100110110001010110111111110010
110111010100010011100001010100101111011101000000100001010010
010110111110110010111101111000100111100000000001100110100000
010010010000010100011111110101001100111110101101010011001000
101111000000100100010100011110010011011100101110010110001100
111011010001111100111101011111011100101010110111001011110100
010010001101000011101110111110100111001111011100010011001000
111101111011100000110011010001000010011100110010101101111111
011111000011111101100000011010101010111011101111010111001011
001110111000011000001100110001000110111011110010010110001100
110100000001000010111101100100110111010001010101010100111010
011000001001110001111000000101110001001111011101101000011010
101110001001110001110001000101110010110100101100000000001001
111001010011010010110110100101000100101101111010101011000100
101001010001001000110010111110110100111111010110111010101011
101001011010111010110101111011110000110100010110110010101000
001011101001111010100010100000101010000110000101010011111010
000010001011110100010000000110111000000011000111111001010111
100100100111111101111110000011010001100110101110101001111111
000100101010001111110101011100011001001110100110000001100010
000100101101111110010111101111100011101011011110100010101000
110101100110011001111000011111111010101010010010100000101111
