101000111011001101110100001110010111011100000100010010011111
111010000001011001011000101110111111010100000011100000100101
011001011000001000101010111110101100011111001101001100101001
111100110100110010110000110110110110100101110010100101111001
010101100010101101010101001101000010000001010101110111110011
011101000111010011100101010011010010101100010011111000000100
000110010001111110101000000101110001110111101010100100001011
011010110001110101000110001010101000001000110111100100100000
001110010001011011110000101111111000100101001110000101010010
001100100110101111101011111101111101100101010011100001011000
000111010011010011011101111001101011010001001001011001101110
001111011010100101001010011001110110010001000001001111010101
100101101100101000100010100111100111000011011001101100110110
011010100100011010111010100110010011010101001111111110010110
011000110100100100100100101100011010100101111001111110001110
010000110001101110000010101011001101100111001000111100011110
011100110001010100101000010000100000110010110011010000011000
001000111110001011001100000011110111111000001010001110011001
100111000110011110000011010111101001110101100010000011000010
010110111011101111110100101010001101011000010101110011111101
001111101001000101100101001100001100011001001100101011111100
001101011000110101111100011101101000111010011011111101001110
000110001011001110100001001100010101101000110111110011101110
110111001000111011001101000110011110111000001100110100011001
011110001001110010001101101000001010010110100111011010110011
010100111010011010111100010011111111100101011101110010110110
111100110100011110111001010100110011101010000000110000110001
100011010101110000000100011101001101111010011011111110001000
100001110011010111010110000010000101011100001101110001010110
001101100111011110011000010110111101001101110110110111011101
011110000010001110001010111000100000110000101001010111011001
111001111000100001101001011111010101110100101100011100000011
001011010100111001010001110100000001001000110110111110010001
110111000110000001110100001110010111010000011101000111111001
010101010110010100011110011110101000000000011110001001010111
110001101111011110100010111001100010111000101111000011110011
110011110001010101000001111000100011100100110100010111111100
110100011010111011101011110111110001110101001010100100111100
001010111000100110000101101100111111110111110000111111111011
101101011011010001011111110011011101101011111001010011010101
