110111100110011110011010001100011011000101101000001111010111
111101011111111001000010000111001111101111100111010111110001
011100000101000100111000110011111101001110101110100011110011
111001101100010110101010011010001100011111010100000100111001
110001101110001110010011000000101111101010101010011110001110
110001100010011001100001100110001111100010110011101100101000
010110000011000110001101000101101100110000010001010010101000
010011010110111100101011110101001101100001100001011100110001
111011100101000111011111011101101101000110111111101000111111
100101001011011111011010001110101110010101101111101010011111
111100010001111001101101110101001001111000010011101110100000
000010100001011010000000011001111100101010000110001100100000
110101101101100011011110110010110011101011001111000001110001
100111111010111001001010000101111100110010011000101110010000
010010010101010110101001111011101001101110100000101100101111
011010101101101000000001001010010000101010110011010101010011
001110010111011001000100111000100001011010011101110001011100
001101101110000101010101100111101010001010101010010011001011
111111101110010111001110101110111110001000010000001110000110
011011001110100010111100110100101010011010010000001011000110
111100111110110000110101110000111010001110011100011110000010
101110010110001000010100111100110011011011011101010000000000
011011111111101110110111011100100101001001111010011111110111
110001101111010111000010101110001110010000011001101001111010
000001001010111101011011111000100101110110000100100101000000
101111001011100010011111000001001011110000111011000101001010
100111011001110110110101100001110001000000111000110011101011
111010011001111010111111001111101000110010011100001101110010
000000101111010010101111001110000001010010111110101101010100
101101000111110110001001001001000000011010110000100100011101
011111110001011010001001111001100101110110011000010101011110
000000110110100000111100100000000010110001001100101011001110
101011111011001101100111101101010011001000001010001101100011
100101100001111011011101000010000010000100100110000001110011
001000000101111110011000101011001000010000110111010011111000
010100011000100010101001000011101010111010011110001001011100
100111101100001011100010000001001100111001001000101010100110
100101001011101101000100100000100001111111101011000011000010
011100111110100010011111000101000101011011010000100101101110
100110010001100100010110100000110001001001010010000110001111
