001010101101111111001011101100110110111100100111100011111101
100110001100110001000011000101101001000010111011001011111011
011101100100001010100000111011000000110000100101110111001110
111111111000010010111110010000010011011000100100111100111101
101010010011011101001110100010010001101110111001110001011100
010100001011011001110110001110011111111101110011111000000111
010110010010100100000000100101000101010101000010011010000101
101100000110110000111101011010000010110101111100111001100101
010111001111111011001111001111000110000111010010001101100100
100110110001100010011100110011011101001010010010110010110111
001010010011001001011100010111001111101011101011011000110001
011100001010110100111011001011111010010010101101010111010111
010100010100110100110101000111101110011011110011000001011111
101110110111100111000101000101101011010001110011111111110010
011010001001011000010001111000101011111000110111011001101000
111010111111111000100101001111011101101011000100101101101110
010001000010011011010101101110111110111100001010000111011111
100111100010010010000011001001000101011110000001001000001011
001001100011001000010111111011100111000111111001010010010011
100100000110001000011100001101111011010010110100000100011101
010110011101000001100011110101110100001111111011001111010011
010101001001000101110100011010101110001111110100010010101101
001010101011101100110011011110100001111110011111101001011011
110001111111011110011110110011100110000110000000000101001100
001111111011000000110001000001100001010100110010010011001010
101100110101111110001001100011110101001001110111100011001010
100101110110010101101010100111000001001000000110110100010111
100111000110011001111100001000101011111111000000111111000011
110000111110100100110101100000110000101111110001010101010001
001101011010010101011011101011110101001000010100101001010101
011010010010010011100011011000101001101001000111010010110011
111000000010100010110100010010000011000110001110010111100010
001100111010011111011110101001010001101011100110100011011110
111100000111100110001111100011000000100010111100000000011010
110000111011011110011101011110001011100010001110111101011010
100011110111111110000110001011011110001010110000100001000110
001110000000010111110101010001100010111000111101100100011010
101101110110001110111100100101111001100110111111010011111000
001000000001101001010111111110011100001010100010100001101100
001110100101011011010001011100110010011110000101001001010000
