001101110000010100111111000111111011111101011111110101001101
011000101110100011000110011111000100101010010100111110111100
100010011111001110101110010010100110100100101001101111011110
101100100001000101000010010101001110111010111100100011111000
100101101110001000010010101101010100101110011010000101111100
101111010000100111001110100101110110111111001011100000111000
010100010000110010111010011011110001111011111001110110101010
010000110101100001001011011110110010110111110101111100010110
000010110111000010111010100100110100011011111111010010011100
111010010111101001110010011101000100010101000100010001110011
111010100000011001011100011111001110011110000101011110011011
011000001101010101010010110100010010111010111111101111011010
010100011111101111100100100011101110100100111100101110101100
011100110000100111111001001100010000100100111101111000100000
010001111111101011000000010101011111001001111100110010101001
110111010111100011011100010111110000011101100111001000000111
110010001011011011010001111100000011100001100010110000110101
101110111111001000111010010011011101111101110010001001111000
001001010001000111011011111010101111000111010011001100001100
100001111100011100010001110011111001110011111101101110000110
110010110110000000011011110100101000010000000010000010100100
101111111100011101100000100110101100111111101100001101001101
000101100000111001000001000011110110110001001000100011001111
011000101110110111010111000110110110011010100110110011000100
010010110110010100000010000010001000101001101010001001111000
110010011001011101010010111010011001000010110000001111000001
101001101010001111001000010110010111111111010101111110001000
001100101111001011110011111111101011000010111011010101010000
111001101110110000100011010010100001001101101100001000011001
010001100010110100010101011010001101000000110100000010010110
000101011110101001000100101110001101101011010001011011000101
111101001010001100010110100001000011001110111111110001111111
111101010101110010000011010000110101011010111010010001001100
111110100000100100001011011101000110011000011011111011100000
110111011100101110001011100010111001010001001100100100010100
101000000111000111100001100100100000000110010001100110100110
001100001011010010001010101101101011111011001111111101000000
010001101000101100100001011001111101011010110111101010010011
111010000111001100110111101001110100110011010000110011010010
000001010001000110111101110000011010111100001000001101101110
