111011010001000011011111001100000111100011100100000110100000
111111101101100101011101000100111110011110010010110100000101
001100110100011101111000100000110100101000100111111000111101
001010111110100010111001110101100000001110100011110000101001
101111010001000001111011000101110101010011001011001010100000
110010000011110100111000000010000100101101111111111001110100
110110000001011001001101000011111010010000010011010101001010
111101010110010001100110001100000100111010001011010100101101
101000010011100001010100101010011101101001000001101111110100
111001100011110101010000110100000110001010100010001110100001
101111000000010111111111101111001000011101001100010101010011
100011100101001111110011101001100110111100101100011111010101
101000111011011101000000100011101011110000101010100111101101
001010010111000011011010111111001101111100010100010111000000
010110000001010011010000101000010100011000001000010100011110
011110110000111010011111110100010001110000011111000111010100
011101100100000000110111100010001011011011011100100001111111
010001111101001001111101011110000110100110011111110100001010
111110010100000111110101111000001100011111100011110100011011
111010011010010010001111001100001001110001110001010110101101
100111100100111010001001000101100110010010011001100001100001
001110001100000010010010000110111001011111001001011010001111
000110000100000101011001111111100111001000101011011011011110
011010101110000011110011100010100101110100011011010010101100
110101110000101110000110100100010010101100001110110011010000
111111001011110111010101001111010001001001010110010010011010
001111001000001101110100110011001111010111000000011010010010
101010000101011110111000000111110001010111101111011111010110
000110110001011111110101110110111110110011000101000110000001
001111000110010001100101011110101001111111100110110011110000
010110000110110011100101000010111100111000011000101100001011
001100011001100001010011111111011000000010100010011001110111
000000101110100010000000100001111000000111110000110010100000
100011111111100010001111010011100010101000010011100000101111
101110101101010111000101100100100011111101110011101000100111
000001011001100101100100110011101011110101100011010000001111
101101000000011000001111011001111011110000011011000110011000
001000100100101111000000100110100100001101101110111001001100
000101001011110000011111010110100011111101100110000011111110
001100101010111010001101000101001111111100011001000001111000
