001011101101010011100000100111011010110000000110100111110010
101011111000001111101010000100111001001100011011001111110010
111001110100001110001101011011000100001101101010100011001110
101110110110110000101001000101100001010111011110011010011110
111001010001101010001000000111011011100001111100110001110101
001110101111110011000111111001100001000111000100011001110100
111110011100100100010111001110110110000100010001101011011011
001101110000111010100111001011011100010011111101110101000111
100001101101110101110010110000011000010011010000111001001000
001011110011100000101110001001001110111101101110011101010100
010000001111001000100010011111001111010011111100010110000111
100001010101000001100011111011010010001111100001101000101001
111001110111110101011100100110001000001100000010111110011101
101100110001011011010111001111111000101101000001000011011110
011111001010101000101110000100101001011000000001011011101101
110001101100001111000001011011100011001010110000001010101111
101010011010101111100011100110001101010101001100001101111100
110010010011011000101110010010111100111000111111110101110101
101100100100100010011011000010010101111101011110011111011100
011101010101101011100101000011011110111101010000000100010101
000010010011011101000110010111001001111111110000110100001000
010010000000011000000111111110110101111011110001111101011001
111000111010010010110110100100100110000100001101001011011100
110110010010000110111101011000001001101010100010101101001001
110101100001100101010100101010111011100100000100101001011011
100011110111110100100110111110001111110111100101010010111101
001110100101000001000010111101111100111100011001111100010111
100100011001101110111100101110100100101000101111000011100100
000111100110000011011000101110111011100011101111111101110010
001000111111011101100100100011010100001000010101010111001111
000100101100001110001111001111010001011011100101011000111100
000101011110001011001010000101010101011100100110011011011000
110111111011101110111011011011000011010000011010110000100001
010111101101000010011110000100000011000011010110001010000010
110010101110001101110001000111110000010111110110110000101011
011100011110100010011000100101100011000110110010000101110101
010111110001101111011110011000101011001001110000111000111111
110110110000001101011001001011001001001001100101100101110001
011110011111111011100001110101010111010011001101001001000000
110101001010100110100001101001110110101001110010011110011001
