111000100010000000000001101011000100001110010110011101001101
000010001000110100011100110011101111010101010010001000111000
101011110101010110110011011100010011110000011110110101110111
011101110010100010001010100111100000101010110000101110110100
111100111100111010011110100111101101000001000011111011101110
001010111011011101010011111111010011000100101111001111011110
110111101011111100101111001010111001100101000010110000100011
000111000110000000100001111101111101001011010001110001001011
011110101101011111101000101011100000100111111111010011010000
101001000101000011001001001110000001100110010101100110110111
000101101000100010011110110000011101110010110110110110101010
110000111110110111101111010111100010100001010001001110110010
000011011011000010011000101000011111111001111100010011110000
110110100010011011111011001010010001101000100001110110011000
101011000100111101100111111011100010101101001101001110010011
001100111000011110110100101000001100111111101000011000011110
001101101111100100110000001001010110100110000101011010111111
111000100011001111001000111001100011000101110100001100110000
101001111000111110001000110111010110001011110100001001111011
110111011001001110001000101110111000110001011101010111001100
011010011010100110011111001000100000101101101110010000010101
101111010000000101110100010110111110001011011101000001101010
100100111110100000001010111100000101011000101100111000000111
111101001100100110010110010001101100000101011100011110100001
000010011111111100110010110101001011001011001000010100011000
010011001011100001001001101100110111001100000111100110111110
101011100000001111011010001111000100111001010101100111011000
010111100010001010000010010111100001010111101110101011101011
111101100111101100011100100010110010101000010010110101000011
010010111010110100100011111000110100001101010111101101111110
100100101100001011110110100100011000000000100110101110101100
111110001010010001011011111011000011111011001101110001111011
001000010011101111000000010101011111011000101001001001101000
011011100101100111100011010101101101101110001110010101000110
101011101101111001111000100011010100000101010000001010111000
011100000111010011111110001110001101011000111001001011011011
000110011111101110000011011001011111100100111000011110000010
101000001100111010101011101111111101011010100010011001111001
101101101100100000101110100111001110111111001110101000000011
001011011110011100001011010011000001101001001101100010100011
