010000110101011111110001110000011101000001110100101011101101
001010110001000000100101011011000101110000011000100000100100
000001011011010001111011110010100001010100111011101110010011
001111100111011001011010000100100111001100011000101100000001
111001011100010100100101001100010010010110000101110001101101
000101010111010110010111011111111110100000101101101011010100
011100110101001110001001001001000101000010100010100100110010
000100010100011010101010000101101010001010011111110101101010
001101001011101100011000000111010010101110111011110101001011
011110110001100010111100010101111101010100110000001011101110
011011000111010010100111011100011000010000111011010100010110
000110110100010001001011110100101110101100001101010010001001
001011101001010101011101101100110100000100011011010001000110
010011001000000101100000011001001110111101001011111011101100
001010111001111011001000000011010011010100110011001000101001
010011110010110011011000110000000101110100000111001101011010
001110001001000110111000101011101011110010110010011111011111
100111001000001000100010011001111101111111011010100101000010
010101111010101000010010100101101001000011110010010000000001
101110000000111101111101001011111110100101011011010101100111
011110111111110010000001101010110110110010110001101111001101
100000011110011110110100100000100010011001001110000111010110
111101010010111101101011110011111001011111111001101110100011
110001101000100001110000111111011011010010110010101000011001
000010110110010000101011010000100100011110010101001101000010
110001110011100010001111011010000011110101000011111101001101
011100001001101001011111001110010010000111001110001110111110
011010111111011111110100111000111110011100001101111000011000
100101011110100001001100011001001110011010110101111111001011
010000110000010101101101101011010010100110111010111100111100
011000100110100011010100011011100010100011010101111110110010
000101001011010001010110001111000010100111011111011000000011
101010010101000100100000010000001100100001101001111000011001
101110101110010101010110110100110001001011100100010011110100
001001000111110100101110001110110100111011100010001010101110
000101101101111111111101111011000010010100010110111000001001
011100100101101100011010111010001111010001100010001011110110
001111110111000001000110011010010110000000100010000010101101
011011101000100011100010100111000000001000011010011011011000
000000111010110001010001101111010100110111010111100100001000
