101100011001111101000100000000000000100111101111000111011100
000101000000001010101110000011000111101000100111011011101101
000100110010010101110111101110000011100100010011100010111100
100011001011100111001011010010010000111001111100101011000110
110011100001010110111110000000000111111001110011111100110001
000001111111011000111001010101110101010110100000111000010100
000010000110010110101101011011010111011110001110101000111010
101011111110011101110010111100101010101100110101111011000111
001001101001100011101001000001000101100011011010011100010001
010110010100111000010100110010010001111111110101100101010111
111011100111101100101101110111110110111101000011001100010010
111100100000010000010000100110110011000101000101101110111011
111010110000010101101110111100011110100101100101100111101010
011110100101010010110100111110111010101111100010010010000101
101100001110100101111010000100001000010101000000100000000011
000010000101001011010100111110111101001100101100110110111011
100000110110000011111001011101110110111101110110100101010100
000111000010101011001110011110101001110111001000111000101110
111100101010010110001110101111100111000000111110000100111010
000000100110000100001100101100110111001010010100011000001001
101011011111001101011001101100100101001011001001111101101000
011111101111101101100111000001011001011011000001100001100110
001111101011000100111011011101100111100110010100001001100101
100110011010101001001100111000000100011010110001011100010001
111110010100101011111011001011000110100011110000101111000111
100001011010111000111101011110011011011010111110101010110001
111111100101010110011001100100001100111110000001001111001000
010010110101010000010101011011110101101011011000000011000011
100011011001001000001000000101101010100110010111001000000000
100011010010000100111110101011000101011010000010110010001000
010010111101110010000101001110111001011001001010010001001011
010100010001011000001000111100100111110110100000001001000001
110100000110011010010110011111101111100100110101111010101001
000010000110110101100010100001001111100011101111010111000111
011011011001011001101000101100101000011101011001010001000010
001000101101100011001110000101110011110011110010111100110111
110111000110011110111110111110100110101101111100010011100111
100001101000010110001011011010010000101011011111111101011111
110100101010010010101000111011011001011010101011000100001001
010100011000000010001100001001100001100110110111100110011110
