110010100110000111100010100001100001110001011100110100110011
001111011111001010000000000111000110001011101101100000000111
011000011000110010010110101011011111011101010011001010000110
100011000111110110010000001110100101011001000101100100010111
101100010010001101101011001011110101111110011100101001000000
101100101100011001010010001011110001110001101110111011101100
011101100011110100100000111000011000100110101000111010001011
111111001110010000101001010000100010010000010010011110011010
001011110111111011001010001000101110000101111011001100111111
111001000001101110100101001011000010001000101110100011000100
010111101110111111000001010100011110011010000110000101011010
111001101101111111100110110001001000000110010001101001001000
100001011100010111101101101010111101000010010101011011110101
100111001100000000101001101011011101010000010001011001010000
000001011111000011110111111010111111101100111110010001010000
100100100111000000110111000100010101010111111110000110110001
111000101001110100100101100101011010100011001001101100000010
101111000011001101001100101010001011011010111110011011010100
110111110000101001000011011010111010011001111001001110111101
000100100111100111001011011100011010010111110010111111110110
001000011001011111000100010010011111010010001010100101001101
110100001011110100100001010010011100111110010110111110111110
111001101011010011001111000110110011010110001100000110111110
010011110011001101100010011010011010100000110110101110110010
100101110110100100010101000011011010011111000110011101000000
000010100111101001100011100010001100001011101100000101000111
001000010010011011000110100101101001111100101010010110011110
101101001110111000011010101000101110101001101100110111001001
001011100010101101010011110010011011110001011010011100011100
110001011101001100101100001001011000011101000010001100000110
101101011001010101000001101110010100011100001010101000010001
101011010011101000100000100101011111111001011010100010011010
111110110001011001101001101101001000001011101101000110011010
110010010101000100000000101010001110100001001101101000111011
101001000011010010100111011001110101101001011000110100010001
010100110010011111011100110101101111101010111111010110001110
000101110111101111111001000101000010110110001110101000110110
011011001010001010110100000001100001001001101110100000110110
011110001111011010001011010000001101110101111010110100100001
101011111010110010001001011111000101110011110011111011000100
