011110001011000111111001101001110100111100100010111001100001
010000100001011110110101111010101111000000010101111111100111
011000111011110001111001000001110100101101000010110000101011
111111100011001001001000101010100101001010100100111010101110
011100111100111110101100010110000111001100111101000101111100
111011110100000011100100011101000000000101110100100100011100
010011100101000111001000110110110111010111000101111000111001
100111001100110111110010110110111101000111001001111110101110
011010011001101010101000110000111001001000101101110000101000
010100110010001100011111100011110111001010110000110110000000
000110101100110001101101001010001111010110101101011011000101
000101111110110011110100000111000100101011101000010011101101
111000101101101101101100011110011001111110100011111011011111
101011111000111001010100010011101011010100011110100000010010
011100000000111000001010000100000011001111001001101111100111
000101100001100010000010001011100000010110001010001010110000
110101010110010011010100001101001001100100010100101010110110
110011010000010110111110011010101100010101110101100010001101
001111001100001011000100011101000101111100101111010110001010
110100001101100110111110000100100001010110100000101011110011
001000100101001000101000101010000011110000000001011000111001
001000110001100010111010110100110010101111010101101100010001
100001100101011111001111011001110101110110100010011000111001
110000110010110110100111011010110110111010100101110011010000
111001101011010111001111111010101001100001000000011010000101
100011100000100100011001000101011001111011111011011100101101
111101110001011000100001101000011101111010000010110010011101
011101110001010001110000101111001010010010011001110010001100
011101100001011011100100001100001100100001000000010110000000
011010100010000001010111100010110101110111111001000000011110
000111111100000110110111101001010110101110111101110110110111
110011111100010101111110001101110111010100111111000000011011
010110000001111000000111000001100010110110010100011011110111
000110011011010110101011101110011100101100110111000010111101
100010011000111001100101000000000101100010100101110110011101
000101101101001110001110100011111010000110100111100101001101
011010010111000000001001001101001010100010100001000101000000
000011101111011111011010001011010000100101110010110100110010
101001101110000111001111000000000011011011100110010111011001
000101100001111011010100001011011001111100111110010000110101
