000001000100101000000001101011000100011011011100110000101001
111011001111100011011001111001101111010010010111000110101101
010111100111001000100110111010100001011010001011110010110000
011101101100101001111001000001000100011100011101101100010101
101100000111100110100001110010110100010101000001110010001000
000100100100000101011111000100100010000110011010011101100011
010010000100000111101001010011000111011010110001011010110111
011100001110001000111000110110001110100000010010010000101111
010111110110101000110010110001101010001011101101101101111110
000001010001010011010010111100101100011110010100111010001100
001001010110100011101100111000101001000001010111110111000111
111101111101001101011011111100010001011011100101000111110001
001010011011111111001111011000101101001101001000111001000100
101110101011001010010001011110011110000100011100111111111100
001101111010011010010001010110010000010100011110011011110100
101000100100111101001101010101101000111110010001011111000001
001100000100111001100001110100101101011101010001001010000010
111010001010000011100010001111001011111001100011101100110010
111111001011010110100001010111111000000100111100101110010010
000000010100001011000101110000110101001110110011001101110111
011000000111010111100111001111101011110011110111011010101001
100000011100111100000100111100011100010110010111001001010110
001001011000111100011000111000111001000110010001010101011010
101010110000001011100100111110110011001010000011011001001101
111001010000101110101111000010011011100110100111101101010000
010101001101110101101100101100100101100010011110110010110000
000100001110101100001101100111111101100011000011010101011010
100101110100010100100001101100101110010001010000111001000010
001011110110110111101010011001100100010100000101110111100000
000000101100010110010011001001001100110011000000101100001111
000000010110011111110011110111100101010100110010111001010011
011000010111001001010100001110011100101110101001001000110100
111111100000101101001111010011011001110100110010100011100001
110011010000000101011111001011001001110011101011100111101010
000101100010111111000000011001110110000011000110101010110101
000100011100001010000111100011111110000000011001111000010110
101110011110110100110000000101101011010001001101111101001100
010101010010111000110011010010011100010000010100010000001010
100111000111000111111101110010001011100100101110001011011001
100100000101010011011000111001101001011100000011010000011110
