101111000011101000010111010011101101111110111011001111000011
100100001001010100011101011000110111001010000011011110001010
001000010001110101000111100110011101011110000100100110100110
010100010011010100001000001110011000010010001010100111101011
010101001111111011100000110100001111111100001100100000011000
010000011011101011001100010000011100001101110100010101010011
010110111100110111100000001000100110100100111010001101110111
001111001000010001011100011001101011101110100000001001011111
011110000010101001110000110101111001011101010101001111100110
110001110001100100010010001001110000101010101100101110001101
100100000111001000100110101101011101010000110000100011010010
000000110100010010111101100010101000011001011011100000010111
010000101010000001010010010001011011011111001100100101000111
110010000001111100111100011101100111011100000000011111000011
101110000101010111111100011010101000001111000000010001101011
101100010011110001010111110010101100110000001010100000110010
011111000101111010111111001101100110101101110010000011001101
011101101100101010001110100101010011001100011111011100010110
001011001010010100010000101100101000011100111001000000101010
010111101010110110011110100100111010001001011111010010110000
001100001111001000001110101110010111100010100010000110011111
101101100110011001101100101000111001111111100001000101010001
001110010101110001101011011100110100101011100010000011111000
000100000010001100110000110110110011110101110011110100111010
010011110001010101110010001101101000010010100000111100110001
110110101010011110011110000001000001011100101000101111010101
000111101101100100100010111001011101001110110110011111001011
111111110010010010110110001110101011100111011100101111111000
011011010111000000011011110000011001011010010010011100001010
100110111100010010011110101011100111000100001101001110011110
110000101000110001101010100001100011100000001101111011000011
110101010011001100100010010111111111100010100111000010001010
100100100001111110101100010001010101001000101010000100000101
100000001101001010111111001000000111101001111010010101100011
100100000001110100000110000100010110101010110101000011101000
000000000100000110110010110110111010101110101111111010100100
111000000110101101011110001000001010111010101000011100011010
101100100010110110000001111101101001011110111110011111110011
010000000000100111011111101001110001010100011011110110001101
010000001011010011101011110101101101010111100010000110001011
