111010101010000010010110001110101111111001101001110110011001
001000001010000010011100011100011011100100100000000100110101
001000001100100111111010000111010110000101001100001110000110
000000001110111111011001110111100111110001001101110001100001
000110010011000001010011110111110111000101111100111001001010
101111000001111101000110110101000111011110011011100101010100
001110010011010111001011001111000110111100111111011101110110
100000101111011001010110010011011011010001111001111000001011
000001000010111000111101100011111010101011011101100011001010
101000011011000110110111010001010111010001100100000011000011
100111000111010100101000110001011001011101000000101111011110
000011100011001101101001110100101111101100010010100001010101
011011010101111011100110110000111011110110001011100100111100
010111001010010010101011011101100010101000100110101001000011
111100000101001100100101010100000010111010010101000111111111
111111110111010001101110110111000011110111001011011000100011
011011011010011001111001111001000000110110001110101011000101
010010011111110101101010011111011011101110100100000001010011
000111111011101001011000100111011100101111111110110011011000
110001000001101000110010101010111000011010100000101000111100
010111110110110100001101111100001110101011100010010011100010
010111111110011010011100100100100011110001000000001000100011
100010011001010111011101111001010001001110101010111111001110
101010111100011010001101100011111110011000111011001100100001
100000100101101111011110010001101100010001100100101111011011
010011101011010101010011110100001100011010010100011100010100
111000011100101101111100010001011001101000000011011111100101
011001011011010111011101010010111010111010011010101100011001
101011000011001011011010101101000010001001111100101000010011
111011100010010100001000110111011111001010010000100001001101
100110000111000111100010010011100101110001010011100011000000
010010101111001000001100010001010100101010010001000101001011
110011100001110000111010010011100001110101011011001010111100
011001010000101110000100000000000111010101010010111110110001
101110010100101001010101011001001100101111000110001101101111
000111000001010001110111010110000100101000010010000001110100
100101100100101011111100011001001110110000111001010111111010
110000101101011101001000101111101011110011111000101101011001
101111001010011011100111110111010011011001110111100111000100
110000000110101001100010101010100001110001010011011101010100
