101000011011000111011000000111001010011100101110001111100111
110000001000010010101011001111000110000111111001000111110100
101110111000000110100000000010010110001100111100100001010010
111111001110101010110001100010111010110001110010111100111101
001001001110011000010000010010000101110001000111110010010001
100010001000000001101101011100001101110000101010101101001111
100110010110011011110101101100000011100101001001101001111001
001111010100000111011101010000000101000101111110011001011111
000011100110010010101101111111101011100100110011110001011110
100111000110011000001011100001011110101101100011111110001011
110110010010000101001111101110101001111001000000101110110110
101100010011010111111010111010100110101010000100100000110111
000001010110100111111111000000100011100011111101001101000000
000001100000111010011001001010111100110110010100011111001110
010101010100100011110100110011001110101011101100110001001110
010110010010111101000001011101100011101111111000101010001010
100000001111000110101111110000110010000100001110100111100110
011001000111100100101001001000011010011001010000011010010000
011010001010110101011010011100110010010011101000110101110001
000111110100010110100110111100110110101011110100111001010011
111100100010100100011100011010111010110011000111001111111010
110110000001010101110101011101110010011111110011011101100101
101110000000101111111111010101111001101101001000110110000000
010111111011001000111011000010010011111000101011011110001101
010000101100000010010011011010001110111011100110010011010000
010101110001000101011000001111111010011100011110001101001001
111100000000100111111001101101110110110000100100010100011010
100001111001000101000110101101110111000111010000100111001010
111011000001011001011111010111000110101001010011001101011011
010110001101000010110110100101110010001010100000000010000101
000100001110100000111011100101111011000100010111111110000110
100111011101011010100110011111001110110000110111101101011001
100001010101001001010000000010100010011101110111011001001001
111011111111111110110011001000101011000001100001101010110010
110100010010111001010101010100110000011110000100011011010001
111101100110010101110100000111001010000010001100101000111010
010101101111000010110001011010001001110101101000111000010011
101011011001110100000111001100001000010011111111001111101011
100000111110010010111100100011110010111101110000000101100101
011110111100111101111000010001100100101000011011101001100001
