110110111000011011100011011010101010010000110100111001100010
111011100100010011101100001001100100001110100011001100100010
010111001000111100101010010100101111111101110101101111001101
001110101001001010000101011101010100100011010011110101000011
000111000011001110101100111011001011110111011101111000000000
001110100001000001010000110111000001001000101001111000111001
010110100000111011101100111001111011000010011001010100001011
101100011000011111111110011001000011100000100010010111111111
011101010101001000010010000101101101111011000010001101101000
011001110010110011010101010011111111001100111001011110000110
111010110011010111001111011011000111111000101001101010100001
110101011100011011100101111011111100010011101100110000110001
010010100101101111010110010110010000100100010101001110101011
101011100000111101001011111100000001111100001101000101111101
111000001010111110110000101110111011001100000001101011001111
110110101100000000011111010001111101011100001010101001001110
110100100000111111011111101101000010001100000010000001101000
101101110011101100110011010010001000011110000010100110111111
110110011111101010010000100110011101001110101000101011000110
100011100010110101010010101110111111000000001000010110110010
010011011010000110001111001000101000100110110101100110111111
100000001110101010000100010101101000110101101110001000110001
000011101001110001100010011000000100110101111001010101000111
011001111011001010101000111101010001011111100000111001101110
101111010110000010101110101000000110000000111101101110010101
000001101010000110000001100101111011110110011100111011000011
011011000000010000001100001011011111011000011000011100101000
010110101111101111111100000101011111111110111111010110100001
110111101001001110001110100010011100101100111110100011110001
111110100001110001101010001001101011000110010101011100011110
000101010010011111001011111110010011010111011110110000000111
000010001011111111000111011011110101001111111010010001000010
010101110111001110101101101001100100011101000011110011001011
110110011100010111010010100100101010000001011110101011001101
111010101110010010001111011100110100010001010011000011010101
011100111101110111111111000110000001000100111100101111001110
111010001110110001111010001001110111110011011001101001011101
010110001100101101101010001001101001101101111100000111001100
001000000101000110001111000011110111001111110010101011110000
111001111010100011111100110110010101000111010111010001011010
