000100110100001111001010100110101100010111101011110001001000
011101000011011000100010100100001111010001000100101110010110
110110111111001111000010001101101100000001110011101010111010
100010111010101100111110101011101101001111111011110111101101
111111101110110001110100010110010011111100101010000100100000
010110000101110111001010110110100001000000111111010001010110
101100000010010101111011100011011101111001101011100011000000
111101110101000110001111100111111011110000010011101111010100
000111000010101000010010011110010000100110111000011110000001
000000000101111111000100111101011101010100010110001011100111
100111000101011110100011000000100111111001110001001011000111
010110111001100011111000001001111001100111111111100000011001
110111000010000011101111101000000111110100111101100110000111
100001011110011010010001011101010111010111000010100010111010
000100110101011001010001100101111101011101011000001010011111
001000111110110000111100101101101001110011110100110110101111
010100111110001010000001001101100101010100110000101111011010
011011001000010111111001011111011110110000110011100001000101
100101001110000001010100101111111111111011010111110010101011
111101101001100001111110100011100111001010101001110110000000
101110100101010101000101110100111100010100101011010100001000
010110100110111110011101110010001010100110101001011000000001
100100101000000011110110000011001001000001000000101101101111
010010000010000100011001111001100100101001110110011001001101
110001101010110101000110111101000010110110101110010011010000
101000011001010000001011101000100011100010110111000011001100
100001101001110000111010011001001010101001000010001001010011
100100101111111010110010100000111100010110100001001100111110
110110110110000101001001011001000001011010100000010011001011
111001001010000111100110100111110100110100010011101011110110
000010000010100010000100101001110111110010001001011010111010
110101110111110001000100001110001100111100101011010100110011
101101000001011011111001110101010001001011001011000000101101
110001101011111001100101101011111111001111110101010110000011
101111011100110110001000000101001000111000010111010001010001
011000101111111101001100000111001001001010010110001011100111
100000001010100101011011000000110110011111010001000000001110
001110110001100001100111000010001111001111010000100000100001
100110001111001100000111100101001100101100000111010101011010
110000001011111000101010000100100010100010010111011001110101
