110100000111101110101101101111110101100110001011101100101000
111110110001010110100111000010101010111101110001011010011011
111101111101111111001000010111100110101000111010010000010011
111101011011101011011000101101100010001010100010000101111000
111101110100011000010111010110101000000100011011001110100100
110111011001000011110101011111001101101001111010101101010100
000011100111011010100001000100001101011011010101100110011101
101001010100001111101001100100100100001110001001101110111110
011110100101000111111100001010000100110101011001001001001001
001011010011101010111100000001011001000110101001111110111011
001100100001111001111101110010100000100011100000101101111000
011101100001001010011111100010101100111110111110000111101110
100001101001100001111010010010000001101000011010000101110111
010010100001101011101000111101011100001001101110111101110000
100010100000011000110100101101100001111111100100000010100101
011000010001000001001011100100100110100010110100110111011111
101010010001101010101101111011111111101101011111101101101011
010001000100111000001001010011101100001101011010110011011011
010011000111010111101110011101001000101101111100110010000100
001101011011001000010010101110001101001011110100011011010110
100110100110010000000000011000101011010110011001010100011101
000011100000000100011000101001011011000110010010111111001010
110010001111110000110011000110011100010011001000011001111100
001001011001010010101000001000011111101011111110011111110101
110101011011011000101110110111010110011100101110011010110110
001010000101011110100001011000101101001111010101001101001110
011100011110001011101010000110101010010100100001001011010011
010000110011001010010101011000101110111000011101110111111010
110101101101000110000110010101001101101100100001100011010000
101000001000000011001110001101100101110000011001101110101010
001110001111010101100011100110111110110110111010100101100100
101000011101111000011110011000001000101010100011000100001010
001011110101011011000111100011100010101100000010001010100000
111110000001011101000010001100001110111011010001110011001011
011001111101000100010101101110101101010100001010001111111001
011110101010101000111010000100001100101110001110111011100001
010101000010001110110100100110111000101100011011010011110000
000111111011000001011111111011001110011101100100110100100000
100000000001110011011101111110100001010111110100011000010101
011011101010011110001101100101111011000101010110001000111001
