010011010100101000001010000110011100101111010000000110010101
010001100100101100010000001000111001000001000000001101011110
100011011100000010111011110110100011101100101110001101010001
000110001010000110111000010011010010000010101100011100101111
111111000011110001111011010001110001110001110000111111001010
111110000111110110110010001110111111101011001011010111111001
110111100011100000010001001101110101010011000000101011111101
110111111111011000011001001101000100010011000010011001101001
011011011101110000111111000000100111011010100111110001000001
000001111111011011011100100111110101110101101001001011101000
011110101111101010001100000111101000110000001110100001010101
010010010100101111110110000100101111101001100111101110011011
010110000010111011110100010100001110100001101011110100101000
001010110101111100100101011101110110011100000101010011011100
000000011011101101101010110110000100011001100010110100111011
001010010111111100000010011001111010100001111111011111011010
000010100111000100110001000100101111000010000101011001111011
010111011111101101010011100010011111000100010110110100111101
111101011011111100010010000101000011111101110100111000100101
010010011111000110101001111100111011110000101101001010101110
001010111101011000101111000100101010000000110100110000001101
111000000101101101110110000100110000010011100010001100000110
001001010100101100011000110010101101100000100100110110110111
111111111101010011100110111100100110001010011111101011100101
000011110011000100010010010000010101111100101101011010101010
011101010110110100110011010010010101000111110000110000010000
101111011100001010100100110011011110000000001100100000101111
100011011001110101100100001100011000000001110100110011101110
000001000100101111110011001000011010110011000010000110000010
100110001011000111011000011010110000001110010000000100000101
110110000001111010101111110110000110001111110001110111110101
100111000010010001001111100010001011001010000110011101100010
011010100101011101010100001110011001111000001001100110100111
110011001010010100111101101011101000011001110111101101011010
000011011001110110010011011101110100101111011010000111101100
000100011011011011001001001010111100001001000011010110010111
001010111111011100000100111000010110101000001101011000011100
001011111010110111101111011110111011011010100100111100000111
100110100101011000111101101000111011100000111101101010010011
011010111011000100101100011101010110100010010111011110010011
