100000101111111100000111000010001011010100100000101010111100
111000111011011110011111011000000000011010000000111100100110
101010111110100000000011111010001110011111011010011110011111
011111011100111111100010110010001001100100011111111101001110
011100000011110010000111010101111010011110000101111100111111
100101111100010010010010001110000101100101110101011110110011
000101001011101000000011101101010100101000110011010010000101
111100001001111010101111101001111010110101101100111111011001
110110011101001000101010001011001111111100011110100101111110
111011001110100101100100000100010111100011001110100111101100
010010101000101111000001000111110000011111010000111011010100
101110101100010010110111110101001010000111100111000101110011
001001000001100011100100111001011010011110110101110111101001
011010011001101101101011000110110111010011110101100001011101
100011111000101010100011010111000011101100010010111101000000
001100101100001101011011001000010110110110001000010010011010
001010100110111100011000000100000100000110100111010111111110
010000111000100000100100000000101111011101001101001100100011
001110011110010001111110110001101101010110011010111010101101
000111001011001001011101100010111110000101101010010111101101
100100110011001101101000011000111010101010111011011010010101
000111110010011011110010011101110010100010001111100001010101
100100101101011111001110100001110111111101100111001101110101
101110000101001101000101101000011111010101001100011100111000
011000001010000110001000101011101010110101101111101011001000
101010001101011000010110011010110111111000111111101010010000
011101001100111011110100100101100001011010100101100110101100
010111010010111101001010110010000111000000000101011010100000
100100100000000101001101010001100001101111000000110000110011
101010110001011010100110110011111010001111000001111011101011
101010110101000001000111010101111101011100111110100100011110
111100011110011101010011110100100101001010000100110000010101
011010010000001000011010010100010100011000101001000001000110
000110001110111011001010001100000001000010100101111010110000
010100001011010010100110010100000001011100110010100000000010
100001011110111000110011100100101110000011101010111011000101
100111010001100111101000110101011110000101010010000010000001
010101010100001110011001001000001010100001001100110101011001
110001011010000110010111101111000101111011100011100110001101
110011011111001010000111010011001011011001011111110111101100
