000111110010010100011001110000110001000100110101010100011010
110001111000000000001000011011111010111110010000000011101100
101111100000111000000011101100010110010101001100001000111001
000011111010101111111101101001100100110011110100111001000000
110001101100111111101000011111011011101010000110011101000000
100111010010000101100110100111100110011100100101010111111101
000010000101101100111001110110110001110110010101100100111101
001110110100000010001000000100111111010110111111110001011101
110010100101111001000100010101100111100111010011001110100101
001100010001001000110100001010111111101011011001011100101111
001110001010111110110010000111110001111110001010110000001011
001101011111111100011001001100100111111110000111110001010010
110111000111001000011001111100101011000000010101101000110000
000000011000100011110001010101011101101100101111000001011001
101100011001100110101000110101100000011001111110010001010110
010000001011111000101100011111110100101101011001111100110100
110010101100000011110000101101100110010101011000100000001110
101111111001111110011011110000101100001101000110110111111000
100001101010101000010110110010101110010000110101110001001010
000100001100001100101011010100011110111101010010101001001101
011011101110110110100000010000011010011101001110010111101001
111101111001110100010011010011100111101010100110101100111111
000001011001111100010010111101101101001010010011111100101001
110000000101001001001111111011010010010000111010100100100010
000001000011011010001101001000001100100110011110011001001010
111111100100111001111101100011001100111010110000101001001000
111000000100101101011011110010001110000101110100010010111001
111100001100100001110010100111100011101110000101000100010011
001111100011010100001100000000011110111011001100000111110000
101101110100101101111010001101101100000000010100110111110001
110001011010111100000011100100001011000010100001000010111101
010010111111101011110110000111010101100010100011111010110111
011111111101110111011010011101111010001110100001111110110100
001011100100000101011010011111010001000101111000101111010001
110110011011111001010111011011000001000010101111001001000111
111001001101001110111000101010011101100011111001001001101010
000000001101010011111111110101101111101000010010010111111011
100010010101010101100000101001000011110100101001011001001011
010010000010111001101011001001111001101100011101000100110000
011111010110010100010010000111011101000000011000111000100010
