011111000000010111101110001010001100011001100001110010111000
111010111001101011100111000011101110100010100101011111101111
101110101000001011110100100101100100010101000110101101011001
011101100001100011010101110011011000001100111011100100010011
010111110010011001111101001111010100101110111100100011010100
011010000001000101110011111000000100111000110010100111110000
000000001000010101111001000100010000011001000001111110110100
000011000100011110110010100101000010000111110011101100100001
010111110011111000111010101001111011010001000000000001011010
111111000100111000001000000010101001110101000010001001110111
101010000000010111001111011110110100101000111110011000011001
010111100101010000001100001011001000010110010010110110000111
011111101110000101110101000100001001001110010010011000010100
000110101001110001110100000110000010101011010010100101101010
100010011100101000100010100010111001110110110110111110111000
101011010010101101101011110111011010110111100001100000100101
100010011000001010111011010111010011000010110011000101111111
000100010000011001100000011100010000000101010111011011100110
101100010110010111101000001011001100110101101011101010011010
010100010100111011110111110000011100111001001001010101001110
001100111010100001111101101001011110100000001110110111111001
110000001101010001110101010111100010001110111101100001000011
101011001010000101100000110001101000011001001110010101100111
011101001010101000010001001101111111101010000101010101010011
011001011111100110110010110000110110000110011111010101101010
111110000011010111000100111000011111001101010011111111110000
001110110011111110000100100000101011100110100011000101010111
001000101101100011001100110100001111000100101011001110000111
010111101011000010110001010111110011010111111000010111110010
010100101011011111110000110000011110110001110000101000011101
100111100101000011011101100111000110010001110111100011000100
001011001001000110001001001001110001010011010000101101001101
110010100000111010110100010110111001011111011011001111110101
011110110110100010010101111010011101010011000101001101101100
100010001010010111010110001010110010010101001101111111101100
000101111110101010111100100100101110101110101000001010011011
000101000100111010100111111001100010111111010001000111011000
011001100000010101011110110100000011110110101111000010000011
101101100011110101111110010110000001111001110110001001000100
101111100010010011001010101001101001101000010111100111000101
