100000100011001111010111010001001110011001000100000000100101
101100110000000000010111001111101100100100100010011010000000
001000100000101000100000101110000001101011111111100011001100
110010010110001110011011010100010001001011010010101101110001
001011010101011111001100001100010101110110100100010010110110
010000010100101000010100100010001111000101011011110111110111
011111111001101101011101100111011101010001110000001010011001
000011110010101101110000100110000111001000000001100011110111
001101110001101010101101111101101011000011111010100101100001
111101011101000010001011100110111110010001110100110011011010
010101001011110001101001101101100110010001101111001111100001
101110100010101010110100001101000111101010101001010001101101
110100110110011000110101100010111101001101110000011110001101
011001000010101000011100000110110111001110010001001011010100
101010001010101010110000111000101010000010111110000111100010
111011010011111011101010110010011101100011111100101010001001
001010100100100011110101000001001111101011011110101101110101
100010101100000110001000001101101100000100101000111100010010
110011000110010000101010010011101011010111111000110100011010
110011001010001001101010111001111101101101010100101000101011
100011100100101111110011111100111001110001001011001111000010
010001000010010011011101100001101011000011010000011000110010
110100010101010110110111111110101101011111111001000111010101
010011011101110000010110010010000110111010000111001101100100
010110000011000000101100111110111010111111100100111001110110
011110110010011001011010101010111101011111110011010000110101
001000111111101000010111011110000111111101110011001101100110
110000110110100010100110100100001001100100010001001001110011
000110010011100111110101000010001100101111011110011110001110
000001111111011111011011000100001100110101110111100100011110
000011100110101010001010110110100101010001110101001000100000
110000111100001101101010100100011111101111000100101000000010
010101100111011011001001000101110111111100110111100110000101
001101010101111111010100110010001100101011000010011101100110
101110111100100011011010001100010100101110100011101001001111
001101111110000110001001011111101011011010101011010011111110
010010001100011100010100001010011101111000010101000100111011
001001100100000011110001011010000100010001010101101011110011
111101110111110111010000010000000111101000111010111100011011
011101110011010100100000100111000101100110011111100101111001
