010100101010001010001110010100000100110001101011101000111111
101011101110101011010100001101110011001000000101100011001101
011000000100000101101111100100111101101100110001010001011000
110111110010000110110001111111100000011011010110101101000111
011010001000110010101110001101111111110000101111000001000111
011000000011000010011111111001101010101000000110111100111011
111011100101111010000000000100111111001101010001100000011000
011001110101111011110010011011011011111001010001110001000001
011110011000100011100001011111001001111010111001111011001101
001110010111011010111010111001110101101111001010010010010111
111011110010001011110000111101010101101010110100010101010010
101111000001110111101011000000000011111111101100100011101011
000011111101010111111001010010000110000100010011111110011101
010111001000111101001001010001000010101111101001010001101100
100010110111110100110011110011100010010110000110100000001011
100111101100100111011101100001011010010111000111011010010011
100101011001110000110001110110111001111000010100000001111101
100001011010000111100110101000101101011111100110000101111111
000111011010111101100001111011000110110000001011000111110001
010101110001110000010101011111000001101011001000111110100000
100000111000101111110111010001101000011100011010001001010011
001111001001110000011010110000011010111000110111010111000100
000110111110001100101000001100110011101010110010011110011111
001100011111110001011001010111110000110100001110110101101011
010011111000010110011101100111101111001010111001100000110100
011011110011101110011011111111011111100110010101110101111110
001100010000001010001100101111110110011101100101101001110010
111001100111010001011001000111001010110101011110111000101110
111111010111001100100011010000111100001011100000001100001001
000000011100001101011110000110110000011000110011001111100110
110101001110101111110011011001000110110001100110111000010111
011110000010111110001100110000100111011100000000101111100011
110101100111101110101000111001001000111111110111110101110111
111111011101011101011100111111010101010100101101001011101100
010000000011011100011010110101110001101011011110010111100001
011100111111010101011001000000000010101100111001010100101011
110101000000010110100100010010110111100110101000011111100011
011001110011001000100010101101110001011000000011110010011000
001010111110100110010111110011110111100111010101000001101010
100100011010010000110001010100111011011010011011101000001011
