101001000001011111010000001001011100110000101111000011000110
110100010010111111010010101010100100110110100101001110110010
101100111111010101101011011101100110010111010000100011101111
010001011101011100001010110100110101110011111100101001000011
010010101101100111100110000000000111100111000010000101010110
100000001011000100100100010100100110110100100010001001111011
000011011101001101111001111101111111000000111011001110000000
001000101111011100101111111101100001101101001111100100110101
110110100100101111000010001010101010101111011001001111110100
101110011101000000111000011010100011110011101001001001111110
111000001110101011111011011111000110011001011110001011101010
101101001000101111101111100010100011111011011000011111010100
000000001100010001101100110100001000110010000010000011010111
111011101111010011110000000011000101110110101010110010101110
110111100110101101001010101001011001000101111011110100111001
001110110101001111101111011101000110000111101111100111010010
101011100111110001001100111000110110101110111100101011100001
001001100110101001101110000100011110100111111110010111000000
100111110000111011111001001011000010000011011100011100100011
011100110111110101011101010011011010010001010001010110101001
000010011111000011111111100100001111110110111000111000111011
010100100111000111010000000011010110010010011111110011100110
010100000011011011101100010100111010001100011111010100000000
001110010001100111110001011100001111011110000111100100111001
010000110010010011010001100000111001001100000101101001101100
001001001101110001100011000110010111010100110001110100010011
111001111010101110110111111001001110001011010110100110011000
000010000001101010100110110010001000111111101100001011000000
000101101010111111111101010111101110110011001010110001000011
110001100101001010000010000101100011110110110011010011010101
111010010111111001110000000000000000010010011001010101011110
100100110111010011110000110100010001000110101001000100101110
011000111111111110000010001001011001010001111110010111101011
101100110000001000111000001000001011000011110001111011111001
100100001101110110001111001100100101010000101110011110000110
000101100001011001101100011000000001100111011010100101000110
101001111001001100000000010110001000010011101010011111101110
100110101010001000101101100000010010110100100100111110000110
010100010100110010110100110000101101001000110000000010011100
100010001101001011000111100110010010100111001110110011001010
