011111111110110111100101011001101101101110111001000010101101
100111110000010110011000001000100010110011000101111011010101
010110001000001000111101010101010111110010111001010000011101
001100011100110001010011110111110000111110110011010010110000
100101100111000101110100111111010010000010100111111101001101
101011110101010011101111011111000101010010011011100111110001
000101000000011110111111111001010110100101101100110100111000
001011010111011001011111001101010001011001100001100100010011
101000000011101010100100111110111110000001000101100010100011
001010100001011110001110101010011111110010101100011001101111
001010010001000111000010111000011111111001111010111110000111
101000110100001110001100100110110000011101001011110101001001
110111110100111011111011001010001000011101111100011101010000
000101011001110110110101000000101110111111100101111000100111
001110101100010111101101010010110111111010010001110101101101
010000000110101101010011001110111110100111111111100111110111
010100101100001101100101111001111011110010000111101100001100
011110010011100011111100001011011111010010100101101000000101
101001010000100011110110111110101111001111110011001010100100
100100111010101001110001110100000011110010011110111111111100
011111001111001000101111011100001101001011011001110100100100
100000101010001001110011001110101001110101010110111010010100
001010011110010111011111001001101001100001111001010010001000
010100001000010110011111011100011100101011011010011011111110
100110000111110110110010011110100111000010101001010010001000
101011111111110110110111110111111101011101110010000000100011
001011100001001111111111111010001100001000000010101001110011
010010000111100110001110110010010111100001100111101010100010
110100101100001010010001000111111101001000111100100110011111
111110011110000010000000011110011010001110100111100100101110
011001011110100000100011011110100111101011110111001010011110
110100011001110010100010000100101010101111101100001001110010
110000111110001110110101000011010011011001100010001110010101
000001010000111111010111100011111110110010000100011010000110
110110001011010111000000110011001010000101000011011101001100
101100110110010100000101010011010111010010111010000110011000
100000000010111111011010011101111110011001000010000000111011
111111101111010001100110110100000000101110111011011000001011
100010000001101001010101111010001010010111011100011110001110
110111100011101111000110100000001110010010000011000001101110
