011110111111110001001101101101011001010100100100001001110100
010011011011010011101111100110100101011101000011110111110110
101000011110100110000111011010111001001100111010000100011010
001000011001111101011010010100110111101011111010011110000110
110001011011111000000010100100000000111001001001101110011110
011011110011010111111011110111101000010111101011011101011100
010111001001011111001110110011000110000111101001100000011011
100110000100110111011111111110100010011111010001000010000000
111110110100001101010010111000101110011010001000011100111101
111010111110000110111100111011000101110100110011010010111010
100111110001111001000111000000101010111001100011001001101000
011010010111010000110100100111110110011110010001000111011000
100000111000010001100111101110101010010100001011000111111011
001110100100111010100011100011001011101110001011101111001111
001010100110110100011011101000100100010010111000010111010111
111110101011111111001110001110101110011011000101111010001110
100111001001101001001111101010000011100111101100110000101110
010000000100101010110010010100111110000001010010111010101010
000001110110100110001011100111001010010110011010010011111110
011000110011010001111011100000001000101111011001000101101011
111110001001010101000011101101011111011101101110010111000001
101000111111001101111001110100111110100101011000011100010001
101000001011110011110100011010001011111001011101000000101010
111100111011101111001110101010000100101000011110011000111011
000110101010001011100111111101100000111011100101001111100011
001001011001100100011100110010010101100111100011001010110110
000010000010011010111011010000010000110000011110000000011100
110001010001010101111100000000011100100100000000100101101101
010111110111110110111101100010010011110110111110000111110010
100101111101010010010110110000111101001110101110111011111001
111011000111110110011111011010010110101110011000100111110101
010010110011001010011010111111110011100110110111001101011011
100110001111110011100111101101101100100001001010001100110111
100001100011000110101101100111011011111000100010010000100000
100001000011100001110011010111011011100110010110100000110010
111011010111000101101101000000101001011001111110101001001100
100010100010110101011001010100111001110110111011001001010011
111101101110000011000000010001111100100001001011010000100000
000110100000111011111101111101010010000000110100001010101010
110001000111100111110100001000100100100110000011000010100011
