101010000101101001111011010001000001110000011000011101000010
100111110010000000100010110111111010001110101100001111001110
000111011000001111000001111010011010111110110101011100100100
001000100111010100001010101100110011000010110111101101111011
100010110110010101011000110010001010111000111011111100111101
001110011001011110000001001110100100111011111110111011000010
111001010100001001110100001111100001100100101011001110110000
110110001111100110010000100010001000111010011010110101011111
010110111111100101000110001000001001101111111111100101001110
000111011000101011111100111100010000100111001010010010010001
011100010111011111110111100101001100101000010101000010101111
101110011000111000110100100111111111011010001001011110000011
011000011000001000000111101111011101000101001010111000101001
011011101101001100110100101101000011101011111000000011100111
010100011101001010010100111111001000011110000011010011100100
000101100100110111001000100100111100001100111011011110110010
100011000000001000110111111111101110111010011011100110000101
000001000010010101110000110001010000100011101011101110101100
101010101001011010100011000101111111101010010100110111000100
010001110001100000100100111100111001010111001000101111111011
000100101100010011010000101110001011011011110001010011000010
110000010011011111110101000000001110001100000000000101011100
010111110001000111111011101001101011111110011010101100100101
000000001111110001010010001101110010111101100011110110010110
011001100111101101011010101001101100111110101101111111001011
110001100100100001100011101001011000111110101000010010011100
101001001111101001101100100000111011010101000001111100100111
100110111010111100100111110111101100001101000001100111110011
110000100011000101000101111110011010110011001011000100010100
001010010101001001001101010011100010010111000000010000011101
000011100111101000001000100110110011111010010000110100110011
101001100001111010111110000100010000111111001000011001010100
100101001011010101111011011110000101010001110101010010111010
110111100100110010011000111110011011001110100111111001100011
101010000001101001000100100101100011000101101101000110110110
101101001100001000010101100111110111001101101101110011010111
100010001101001101001011001101010111100010101010001011111011
011100011001110000011000101111111100011001000010010111100111
111000101111110011001001110101111111001000111101110000011111
001001100011111011110001000100101100110111000111110000100111
