110000100001001001011001110101011010010000100101101001000101
011011000111010010010011111011100011010101101101000001011110
110110011111101010100111011001010011010011000110111001011111
100001101110111010000011100101010011110100001110111110100111
011110110010100010100000101000001001111111100110010010111110
010110100000000000011100110100000101101100000111110010100101
100011111010010110011111000000010100010101101000011011100010
111001000111110000101001101000010100110010001001001110001001
101101000010011111000110101100011101111001100100111111100001
010010001010110111010000101111101100001101101100111101101101
110001001010000000001100110011100110101010001100111111110111
011110100000000110111100111010101110001101110001100101111111
001010111001101110100110100110000101000000001101100000010001
010000010100010001100010001111110010001101001101101011100001
111111000111000001010100000000010000000001110010111001111111
101000101101100100110010101010101001010011011100101111100100
101100110011001100111110000000001111100011101010010000110110
010111100001101000011111001110001001110010101101010110010001
110110000100000100110001000110000011100101110000110001111000
110010001100110010010000101101110111100010101100101111001001
110101011100000011000001100101101010111000110010111110100011
011001110111011111110101001010111000010110100010001111000001
111101010010011111010101001001010011110000001001000110101111
000011100001010110011000100000001010011001110101100110101011
000000100000110001001011011101110110101011111000100110000101
011010010110101001101010011101000010100010001101010000110111
010110100111011101100100110001011110011001001000000001010010
000011110101110101110001000011001101110101110110101001110101
100110110100011100100110101001011100100000100011110011001101
000110010100101010000100101101101101001101001110101110000010
111011110110010011001010110110111110110000001110101111001100
011011111100010001010010101101000100011000001001000010000010
001111010001000001101010110011111000011011110000010111001110
110011001100001100000110111010111101101100101010110111110100
110101011111101001001110101001101001110010110100011011111000
100000001011010100010001011011011010011010000110111100101101
101110110011000100010101110001000101101111001110110001011001
010001100101100011001110001110001110011101100110011101100100
111010011110001001100010100111110101000011010001100011110100
001001011101100100011001010001111011100001000000101111011110
