011010011011000011101010100001100100110110010000001011001011
111010000111101000010000011100001000100101110001001000011111
000000011011001011001100111110011010010101011110110110100000
110011010111110011000101101000001001100110100001110011110010
011110001001001101111010111010011110011001100011000111010000
111100110000000101111011000001011111000100101000010100000101
111000010111011111011010110100110111110101111010110010110100
100100011101101110110011100000101001011111000000001000010001
000101000001110000100000000110000111101001111000011000110001
111011100010100000101000001101110101111101011110111110111101
100011100011001111111100001000101111000100010010010001111000
111001011101111011011001101110111101111110110000011001011010
100100100101100111110111101000110010010111110110101101000000
001110110111001101001110010010011111111101000111100001101101
010101100111101101010100101010111010101011101000001100010001
010001001000110100000111010000000001011000000100110000011100
001110001011101010111100010000000110111101101001110110101011
111000010000011110100100011111010111100110000011110110000101
010100111110010001111010010011011101101110001101011010100011
101000000110100000011001111001110100010111110110001011000000
111100010101101111001111100110000010100111010110011111010110
001010110011000101001000111011010101111111011100101000010110
001001101111000001111001000001110111000000110110101010010111
000110101000010111101101011001000011011000001100010001000011
101110001101011111111101011000000011000100101001100000101100
111101001011000101010100101010100101010010101111001001111100
100100111110001000111100010001111010110001101011001010110010
110000111111000001000010011011010110001001101111001111001010
000100001010000000101001000010011111110001111100111100100010
111001110011010101101111011101001001010000100111110001111110
010011101001100101100010011011111100100010000110110110100001
100111101100000110011011111100100111000010110100110001011000
000100010111101010010100001101101101110010100100110010000110
001101101111110101000001100011101010111110001000110101001110
111100110100010000100010110011111001111010011001110010111010
111110010011110001110001000100110101110001101010010011011110
011110000110111011001000101101110101011011000111001000110111
101000100111110100011101011100110011111101011110001011010110
111001111110110111011101100011000110101101111000100010001000
000111000001000011011110110011100001010001001110000100100111
