011001101111110111100001101001010101011010101010011101000110
110101100100010111001100001001101011100110011110110101111010
111111000011100010010001101000001000001011101011000000111111
111011001100110001101111101101011001010000110011111000000101
101000011001101100100010000010011001101011010101110010000001
101100010010000110000111101101001011100101000011101100111100
101011011010010100000000001101110100111011001000100111011001
110000100001100010001100000011001100101100101101100011010100
010101011000110111100011000111101010000001001010010010111101
011000001110101000000111100010111001010001101101111111100011
111111111110010111000010101111011011011000111001101000110101
100100111000010100000001111010111101001110101100001001001111
001001111000111010001101011000101010101000100001111100111010
101111100010101100011101000101101001000100000001110010111011
101111001100010010110011010101001011110000001010111001100110
011100001110010010111001011110000010101101111101100100101110
100110101000111111010000010011100011100101110000010000110010
101101011011001111001010101110011110100011110111100010011111
101111011111001100010110100000100000100110110100110001111101
001001011100011011011100101011001111111010011011000000011101
011001101101101001101111001010111110101110001001100011111100
111000010011011111001100111110111100101101111100011100000010
001101011000100001001110101100101010000111000000101001110111
100011001110100100010111100111100111000000111111100110110101
110011100101000110111110010100111100001001111011001011010100
010100011110101111111000101100000111010110110110001001100101
111111110011101111000111011000011000100011100010011001110100
101101110110000011101111111000110101001001000110111010010001
100110111011100101111100111111100101101011001101101100110100
101010010000110001001100111100101011110111101111110110101100
101011011000101100100100111001010111000100001011010110010010
001011011100100010100000101100100000100100001111101111110010
001010000111010010011001001110101001001110011100111101111011
011010110111011011101101010101101011110100100010001001110000
011010010111001110110001001010101000100011001001110011100100
100100000111100011101111110010111110101100101001100110010010
001101101110000100110111011000101100101101010101001011111100
111011110100001111110101011011100110001110111100010001101110
010101110110101111000100101011011010110001000101110111000101
111001011011110110101000101111001100101110010000000010101100
