010010000000111101011110001110101110000001001111101000111100
100110010000011111100101011000100001101101110101101001011110
101000100111000000010111111111100001011010100110101010011100
011110101111010101011011111110000101101111000001100010110010
010011010110010100110011101011110000110111001101001010110011
011001110000101111001110001110111101110000101000001101101001
111011000001000110111111111110001001000111110100000101010100
001101111000001100011111101000010001111110000000001101010111
011111110100001111101101101010110000000100101101100000011100
011111111101111110010110100100010100011001110000111011010001
000001100000100001000000100110101011000001101001011001100101
100011100101000101110101101100011111010001111010110111111110
011111111110000000110000100110100001101000110001011001001010
110110010000101100011011011100101100000100001100111011011100
001101000110011000111011110110010101110111101000010000011001
000101000011011111001000101001001110010011111011010100100011
110000001011110001110101011100110011110001011111111100111001
001101011101011100011111011000101010101000111111110111101010
000110001110001011111111010110010010011011000000011110011000
010011000101111101001011010010011111111000001110010100001100
010110100110000111111000101100111110101011001101111110011100
000111100111010110010010110100011100110111101011010101011011
111000000001101010010001000110001110000000001111001000110101
001000011111001011110000111111001101001000100111010011011010
010101000011011011011001111011000101011010011001000100010110
110110111100001000111011011011001110100010000000101111101011
100010110010000001101011101000011010010011011010111010011010
100100111110011101011101001010100010111010101110100111110100
110010111100100100010011000010111001011000110011100001100100
100001001000000101100010111000101111010110001101000111110110
001010110001100010010101111011001101000011000101100100011101
111011001101101100100100010100000100000001001011000010010000
110000010000000101000101101101000111001001000011000011000111
010001111010001100001000010110101011011000101101001100001100
001011010011010110001001101101000001001101010100010101000110
110001110101101001101011000100110100010001000101111011010111
110001011101111001101100011001001001010011100101100000000010
001010010101101010000001000001100111011110001010010100111011
101011000100001100001001110111101101101001000101101111101111
011100111011101011010000100110100000000000110101111010001001
