000011111111000010101100000001110110011101110011110011010000
100100010011111101001010101011001001111000111110111010011001
111011111111101000010011100110001001010100111000001101010011
101000011001011000111001000101001000001000101110100101110010
011011110011110110111001110111000001100101000000110100000100
101001011010100010100100011010001010100001110111000110001010
100111110111001000110101011101111011111011001101110101111000
101010000001000010100100111110110100100100011010001011100001
100111111101011100011111111001100101111010011011010111011000
100100100100000010000011010111001101101100110011001000000101
011001000111100100000101010100011111100010111110110000010111
000010111101100000011101011110111011101000110010000011100111
110101010110001100010001110111010110101010110100000001111101
100110000001011111000000011010100000111111011001010100010101
011100101001001010000100000110110000110010011110010000101101
000011010001100100001111011100010000011100011011101010101000
011101011010010011001000001001010101011000110011101101011000
111010100111111100111111110111101111110001011000101110000000
011011111011000000110010011110000100101001001111101111001001
011001010100001101010001101101010110111111001011101000000001
111011000001000110010100011100111100101001011010100111110111
110110110001101111000110101100010000101111010111010110110011
000011011110000111001100100010011101011011111011100011011010
001101001000100001110100111110000001000011110001001000011110
010100010010010111001001011011010000001011111110100010010011
001011101100101001010011101010110100101101001011111111110010
011100101010010001100011101101000001101011100101101111100011
001011000101001011100000000110011001000101110110000000010100
100010110011011101101010011110110011111100100011100000101101
011000101000000000110101111010101101010100010101000001011000
010110100011101000101001011110000000101011001110001011100000
010110111010011100000111001010011100010111101111110101010011
110100111101110000010011010000111101011100011010100110100010
110111101000100011101011001000010111100110100001110011010100
011000100000011011000111110101000010000111010100011101011000
001101001011011001000011001110001011001000000100110111100101
101000110101011011001011011101110011111010110000100110000000
000101001011011010001001110010011111100100111001011011001000
010110101110001111100011010101100000101011001011001000011111
100110000100100000011011001011101111000011000001101100011001
