000101010111100001110011010110101111101000111000110011111101
011001100100011110100100111100001001011011101101001111111000
111010100010111111011011101001110010000100010011101010010000
100000111010101110011011111111111010000010011000010101010110
110011001100100110000110111101101011100001100110011000000011
100000111110111100100000000000100110011111001111011111000001
001110000101001011101001010100101110001011010111100001101000
111110001101101001001011110111100101100010101010001011100001
101010010110000100010001110001000111101010010111101001001011
000001001101011101010101001010000111111011100011101001001101
110100101101001110001000111000110000110111011110001001100110
110010110101011011001101100101101111110101010110100101110000
110010101100111010111010110001011111010011110110101111011001
000101011111010000010001101110011001111101101011001111101111
011110110010101111101000001110110001001110011110111001111001
101011110111011111001001010011100110101100000111110011101101
111110000010100111001100101001111001011100000100001100111011
110011101010010001111001000111001001111000010111111101011111
000010110001000110001110010000110001011011000101110110100101
101100010111011101100111100001111000000000011101010010001101
111001011100101010110111011000001100100101100011100000011000
000001110010010100000100000100011101010010101111001111111000
000100101011111011011110111100001101111011011101001111000001
000010001010100110001101100111101100100101101111100001001101
010011001111100110001011101001011010001100001011111001010110
101011001110110110100011111011100100011101001100101101010010
001010101001111011000111101110100000101101011110011101000101
000111011010001010011001101010011001010100100100111100110001
010010101100101101100100000110010101111000100000011101000011
101101000011010010100011001111101100000011011010000101111101
000110010111111110110110001010100010001101101100100001010100
110001111000010111111101011111110100011010111111101100000010
111001110001001000101001001001110011111010011110001011000011
110111100010000111001101001010110100010101111101000000001101
101111010010111001111000000111000010111100111101101001001100
011110100111111000110100101001101000110001011110111110000001
100001000110110011101010110100111101011000111100100110011001
000100110100011101101000111110111101001111100110010011010111
111011111101101010111000001101000111000010110111011001000110
110000111001100110110100011100000001110101001110110101000001
