110101001101100001100110110101010010100001000000100101101000
101000111001001001000100100100011011101101011001100111100101
111000110011111110010010010111000000010101101110000010100101
111101101011101100110100010000001000110001100101111111011101
011011111111111010101011111011111101001001001110101101110101
100011011001101000001000010001101010000110111110000000110000
100110000000010101000111100010111001001001111100110100000110
011101011001011001111001000010110000110001000101000010110110
111010110101001101001110110111101110011010110101100110101100
110001000110101000110110100011101010110010111111000101111000
011100100101011111100101101110010000001111100111010110011100
010001100101111101010111010001101110010111010000100110110101
010110010100111010110001001000101000000001110010100010100011
000000001100010110101000010010011110111100100110100100111001
010011110111011110000110110011111000001111001101000001011011
011100110101110000011011000101100110001011101001101011011101
101101000100110000000101101010001111010111000000000100110010
011100010100111000010110111010110101110101100011110001001101
010000100100010010000110100100011000101100011010100000100110
110011100000110010100101011001111010101000001010000100000011
011010111010001001110110000001100011110011001011111001111101
101101011000001011001110000001101101100110011000001010001010
101001010100011110000110001010101010001111101010011000011100
111100110111011001011101111110000111101010111111100110000100
011101110100000011111010101010001111111010000110100110101110
100010100000111110100110100100111110011100101110011011101010
010111110101101101010101001001101011001001011100000100100001
001011011010110000100100110101001100110101001010011101001001
000111000101001000000001101001111000110111101101011011001010
010100010100000011000101001111000000011000010011010000111011
001001000100010010100101010010000000011001101101101000111101
111010000000010010100000111010000011010110010010000001100100
100110111011000010010011101000100000110100001001010101000111
111011110100111111011000000001010001110110001101110101010011
011101101010100010110110111101111011001001001101100111000011
011110111000100000000000000000101101110110110010110011010110
101111010001110110101110111011011001011000011110101000110101
111101011101000000111010101100101000110001000010000111011101
101111111010111011101100000111100100011100101011111001110000
101000000100111000010111001110011000101110111001100111100100
