111010000110010111011111000110001100000100110010100100001100
011110100011010001010001101000101100011001110011011011110011
100000110011010000100101111110011100100001000010011101001010
101100111000010100101111001010001000101011001000010110100111
011101010110000011001011100011111100000001001110110010010000
100011000111101010100001100001111100011010000011110101001000
101010110001011110001111000111001100111110111010100000100001
000110111001001100101100111011000111101101100000110100100011
011010101001110110001010000000111110010000000011110001111100
000110001001100110010111101011100100000111010010101110011011
000111010000111001001111010011011000010011010001101110011001
010011110101000110101100100010010001011111001001010000001001
001001110000110101100011000100001110100011100001010011101011
111110000101101100110001000010011011110010101010111000011101
111001010011110001001101100011011000011010100100101010010001
010011000000100000101110001100110110011010111110000000101011
001011101110111111000100110110110110000000110110011101001010
001001101001001100101000110001000100110011100111000101111011
101000011001110001111000010000011000011001111010101011000101
011101010010100100100001110011011110010111000010111110110100
111001110101100100001000000000001000100101110010111000101101
000011000101110100000111110110111000001101001011101100001011
110010010101010001011011010011111101111010000111010001001101
010010011100100001000110010000000100000011001000110100001111
001010000101011100101000000111101111111111010000011001000011
101100101001110010010000000101111011101010101010011001011000
000101011010111110111010000000001011001011100111101110011101
010010010110000000110110110101011100111100010111100100100001
001000011010011110100111010000111100001000111111110000011001
101111101000011010000001100001100100010101110110000000010001
011100101011000110111010111100101110100001001011110001110011
110111110011001100000011101100011011001011111001010010101001
000011110101101101001001000000101010111001111101101001100111
010100111010000111111111110001001010110011001101000010111110
100001110011011011111110100011110110100010010101110101100000
100110111000110101000000100100100110010011100001000100110111
101110101000110001001101101001111011111110110111111011001001
100101100000101100101100110000001110100110000011010000001101
011001011110111001110111101110010001110000000010011110010101
011110101000011000010010110101000001111101011101111100110101
