000000011101100100110111010001100011110110111111001011010100
000010011111010100110101000101010011110011100100010101100000
110000001100000100011101001100111101010001101110111110100100
111010010101011111010110011100001110011011010111000110000101
010011110010011000000111000100000101100100101101000111111110
011010011010000011111001011010100110111111000100011110100011
000100001001110101111101100110010110101000000011111100001111
110000001101101111010010110110000110100110101101011011100011
111100011010010001011100111110111000001111011110100000111100
011101111011010101011001000010100100000000101111001000010000
010001101000001011000001001001110011101010001010001000011001
100110111010111001001010110000011010010101010001000111101000
001100110001100010000000101100101000010111000000011111000010
001000011110110110011101011101011111000111000100110100111011
111100001110001111010101100000111110110101000001111011010010
110110010100110001001110000110111001101000000010001000010001
000101010001101111100111010011100111001101110001101001010001
011101011011010111000111100111010001101000001101110101001001
001111110001111111010101011111011010111110000101101001101001
010110000111010001100000010111000011001110110110110011100001
100011100010001111100111111001111111011000101000110010100011
001111101100000110010111101111100000010011111101101110110110
001000100101010011000100011011001011100111100011001100010011
110111101110101000100110010110111001110111101011100111000101
100100011000011010110001100111110100001100101100000111001001
010111110000000111011100110100101101000001100000111111100001
011101011111011101011001100011101111010111111111111010011111
101111010111011100100100010100011100110011001110100100111100
111001001001101001000110001010001001010001101111110111101100
001110100111010011101101011001110011101001100010000110111110
110100101101000011000001011101000001100110111010010100101101
100011110100000001001001101110111111100001010000011001100000
001000000001000011101111000001110100001110111110000011101011
000101011101110110011111110110100100100001100101101100001100
001101110101011101010011111011010000010001000000100110101010
100000001110110001100001011011101010101011010010011111111010
110101101101100111000101001001010100110100000100101001001000
011100010010110110000111100001011110011001100000110111000001
101001011010110000111010001111000001100100111110100100111010
010111001001001011100001111000001001001100101101111111101011
