110000010110101111111100011111001011000001000110110000000010
010111001000100011000101100101010011101010010001000001110001
011111011011111010111101000110111110000110000110100011001001
101111011001110100111001010101101111011110001110111101010101
000011010110001010010101101000100010010000000010001101100100
001100011001011110110010100000100101001111100100000010000111
111001001001011001100110001011010010010000100111010111111110
101101000000011000100001110010001000110100100110100010001001
010110011111000100001111010001001101000011000000011011101010
101001001010011000100101111100100010101011011101001010001111
101011010001011110011001011110010111000101100100011100000111
101101111011011001100111100101001101011001000001110011000101
100110000100010110011111111000111110000010010111111001000110
001111000101100011010011010001101011110001111101010010110011
100111010011100001111001001100101100111100111100110001100110
001010110101010011010110011101000000010000101101001110001011
101000011001011010111010001111110010000110010100110101001111
100000101100100001001010000111100001000110100101100111110101
011101100111000011110110010010000110000001101101001000011111
111011110101110110101010000010100011000000100001110010111110
011011011111101011010010111101011111100011101010101010011100
101000000000100100110100001111111000100101101001000100011010
100110000010110011011110101010110001010101100111001100100001
010001100111001010000100000101110110101000011000000010000000
100101101001110110011000000011101000110111001111100110111000
001011110110100111101010001010011010110100110110100000000110
000000001001111100100100110000111010000111010110000010101111
110101110100110101011110000101100001011010000110100000001000
010011011000111001010010011111010101101101111100101110011001
101111101110100001010001110110010001001011011101011011000110
001010000111101011000010110100111001101010000110100100010100
000100000010010101010001101100110111011010110011111101000011
101011010100111000110111000001100001101110001101011001101110
010000001010010110110101001111000001011001111010001010001011
110100000011000010010000100101001010100111000001011011110110
110001110111101001111110100101001101001101011011001000000101
001011000101100001100001000011001010101000000110010110110000
000001110011011011100001100010001101000011011100010010011000
000100010100111001111110010110010011100110111111011001111010
011011110101010010111110001111101000110110111000110100101001
