010111010101110001001010001010011110010101111010111101010010
101000101101100111111101000000001110100000110001110101100100
001000100000111101100101100111110010100101110000011101100100
101000001001111010011011101111010011011101010001100000101110
111100001001011011100100110100000101010001011100111100100101
111000101111101111101001110010100001101110001110111101001001
010101000011100001110000000101110110100101001000000110111010
001011011010111011010100000111100100101010000111001001010100
000101011110010010110110100011001001110110100111101000100001
011111100000110110011010101001011101110010011101100100000001
101010111111111101111000010001011110001001011110001111001001
000000100111100110101110011000001011000101111010110110010000
110010011000000110011011100011101010111111010111100011100101
000111110000100111010001011000111101100011100010100111000011
111010101100001000101110011100001111000001011111110010000011
011010101100001101110111010010101111001100001010111010111011
011001010001001001111001110111000000000010010010011110011000
000110010110010001000001110100001110110000001010011010111011
110000111100111001011010100000011101010100000010001000000111
110011110010110001010100101111011100110100100111000101001101
110110010111011010000100101111000001001111100001100111011101
111000000101011110100001111101000001011000011001010011101000
000110010011011101100001000100111111010011011000001010101000
000011111110011010000111111011010011110111111010001110000110
100001111111100011000110011100111100001010011001110100010111
001000100100000001111000100100010110010001100001011101111010
111101101000000011101001000001000110010011011101000110001101
010001000100001001001011100111101111100101110101110100110100
000110110011100011000000110111010110011100101001111011011100
011100011010000100111101111001010010101011001111101110100110
001110101100111111001110001111110110101000000011110101010110
100001000101000000011001101010110000111110100101001011111101
110011110110001000011011001101010010100100100101101001000101
110100011000011001101010010100010010010010101101111010000110
110000111000011111010011110111010111010010000000101001010010
100101100110111100100110010100000011011001000111011100011110
011110110101110111101010011111000110111111001000000110111001
111011010001111100100111001011100000010000001001101001011100
100000110000101001101111101010001001100111111000011111101011
001111101011101011100111110000001011111001101000111011100101
