101110001011101000001100000010010101000100000101101110000010
101100011011011100011111000010110100110110100101100101000111
010101100110101001111011011001100001111110001110100101001101
100111011111010111100101011010000110110111000101111000011000
110110011101001001110011000110000111011011101011101011110100
111110110100010100000001110110100001101011100001100001001101
110000111001001000000110011000001100110111000011111010110111
111101100000010011110101010000001000110010000110100011101000
111010100101110100011011010010110000111111101001001001101000
100110101100000011010101111111101110111010101110100100001010
010110100001110010000101011100111011000111001010010001111010
110100110001011111100110101001100101011000100010101100100111
100000000101000010010010100100001001110000101110011110101100
000111011101111111101110110001001001000101110101101101001010
101010010100010111011110001000010010100000001010001011010001
110111111011110011101011101000101101010100001011111010110010
100110111110101110101101001011001010011101100101111001110100
100111000100111001011000000010010010100100100100011100010111
100101111101111001111101110011001111011101101101110101011001
011101000011110101110110011100110000010000001100101010101101
011111110000111000000000011100001000100010111110011111101101
011001100011001111101100010000011100010100101111111010111010
000101101101001101101110000001000111101010100101110100100001
100011011110110110001010000001001101111100101100001111000000
011001100110110111100010001010000100100110011110110101110100
111100111000011011001110011010101101100001101001101101110001
111111110111101100110111000001001111111110110110110000001001
011111100011011000001100010110011010101100101110100011010011
111011000000000101011111111100101010110101001000011100110111
001000101011111010010111011111101010000001000011101100011010
101011011010110110110010010100101110111110101001111110010000
111010010010101000110011001000000010111010111100011110111110
101001011001100111110110010111000101001011111111110001111000
100100001111100101100101100100111111111110100110101000001010
000111110111111000000100100110001111101000000101001001001110
100011111100111101000111000100111000110011010111111110100001
010000011100101110110101100001011001000111111000110111100111
101010001000111000111100010001111101010100000110101100100101
000100111101000111010010010011010111101001010001001101110100
001010110111110010011100011010011011110110001001110011110011
