111001111000011010011110010100001101111001011100011100000010
011110101000111000101000010000100111110000011110100110000101
101010110001001001000011000101000000111011111001001011101110
000000010110101101110110101110001001000011101100111010100101
001010100101111101000000010110101110011010101001010000110010
100000111111110010001100110100101000101011000101000110100101
100010111001010000101111000100101111010010001010011101011110
011110011110000011111110100110001011000011110101001001101010
100111111110001010101011010110110001111111101110100111100101
111010110110011100011010111100101111111010011110011011000000
100000010101111110001100100010001011010010010110010010001011
001001111010100001110101101101110101000110000100001011010101
001001000010110001111110111000011100101110011100000010011011
101101010011001011001000001100111101000010101111110101110001
100100000001101010011000111101111110100000000000110111011010
100110011010010110110000000101001100010000001101101011110000
001001010100000110101111101000010000011101011000100101010001
011111010001000000111001000101011100000111010000001110011001
011110101010110011001001111101010000100101011101110010111100
010010111111010100011101101010010010010001001000111110010100
010101101101110001001111000010001100101111010110110101001111
111111110111010101011100000101110110111011000111010101110101
001101110100100000011000010111100110111000110100110100101001
101010010101000110010010011010100100001110100101101001010011
000000001001111110000000000101000001101110010011111110111011
001000011111110111011001010001111000010101111111010100111001
000100000101111000110110100010111110101000110101000011100001
111011110111111001111011101011100001010011111000110010110010
000111100000111011011100110011110010100001000111000011111010
011100110101100110100011010010111001011001100001101010000011
001010111110100000000101111001000000100010101000000111101101
000011100111011101101010111101000000001011001000011111110111
100010000000101110011011011111110010111101101000111101111011
011001100011011011110111100100110001010101101100000100000000
000111001010110011110011011000011110010110001001011001010010
000100011110010001101101010110010110111111001000111101000011
000110010010001100010010100011001000000110011110010110010000
100111100111000000010000011011111111010010000111010000010001
010100010100011110110101100111100111110100111011101010001110
101110001111100110111001010111101010011111001011000111010000
