100111101101011001101010100100110101001000011100011000011001011111010011011000111011110000100011000000011001110100001100010100101011010100011110011011100110000100011101110011010111
111010010111000000000101000000011001101100100100011001100100111101010100110000110011100011010100011000110011000010010100110010001010110001101001111001100111010101001011001011100100
100001110000100110000010000001010001111010101111101101100001100111010000110101100000010101101101000111010000011111011100100101010100011000010111001101010111100111010110101110110011
100110110000101101010111010110111011111010010010010101110010010111100001011011111111010001010010000001011000101110100100111110110100101110101101001111001110000100011110101010110001
010000001001110001110100001111001001000111101010110001111011011010010110111101110010001101010101110000001101010000100110100011010100100100110000110111010011011101000001000001111011
000111101010001011110000000011000101100001100101011110101111101111010100111101000111000110010111011101101000111111001000110100011011000111010010010010000110111100001010001100011110
011010111010110001010001000001011110000000010111001011010101101111111100110011101110001001111111101101100011010010011001001101100111101010001100111110010101101111000011011010101000
111101001101110001011010100111110010110100110001110101111010111101011010001100100000100101001101100111111110000011011000011010101110110011010101100011111010011100100110101100110010
011011101000100001111110011010111101011011001100011011110011000011100111101010101011111010001101000000010111000110101001100101011010100000110011010100010000000010011111110111100010
101010111001111101010010111111010110000111011110100101111100001011100100010100110101000101100111011000011111110010111000010000111111000000111010011110100110100000000011100110011100
000010001101010110111101011001111110001010011011110101000001011000010101101010110101001111110100000011010011000100001110000001110010110001100110101001111011001001100000101010110010
101001001110111000110100110011011010000010001001100110011111010111011010110101101010100010101011111111000000110101101001000110111000011010110000100000010100111010111100111001000110
000000110110101111000100010000001010101110000100101011111110111100000000101001101010010000101100111111101100010010000101011011001001000110010100110100010101010101101000011001010101
011010000110111001111000001110110011100010111010100110001111101101000111110011010101010000000110111001001101011101010010111010011111010010000010100010110110101011101010011001110100
111000110011100001101011000001010010101011001011010101011011010010011010110000000111000000110000110100111010001011010101100011100010111011101001010010000111111111100111011001110100
000110110000100111011010001100000110100001110000110110101011011000101111101100001001001101001101000001010011111010110101000001100101001100010010110101001100010101001001010101101001
111000101001111111011101101101011010101011100111011111100011101100100000110000101111010111110110011000010100011110100011011100101010100011101100010101011111010111000010011110110001
010010100100010010100001001010110111000000010101100010010011011100100110111110011110011010111100000110001110010001111010001011100100111111111000001100000111110100011110010100010100
100101100110000110101110001001110011010111011111101101101110000011110101010101000010000010111010011101010110110101101000010001010110001010100010000011110110011101001100101010001101
101000011101011000111100100101000101010011010010100011011111111110011001110010100111000001101010101111101101000111001011001001100011011100101110111110100001000000100110000000101100
111101101011101101000000101011011011100100100110110100010111111010100000000001011010111001100100011111010101100001111100100100010101110100001011011100001010110110000011111100001110
011011110000011110101110010110100001000101001100011000101110110100011100111101110111001000100000111111110101101110100011010100001100101011000111000000101001010000001011010101111011
011101000011001100110011010011101111010001111000110101101001001110100001000001001000011001101010110001110001000010110111011011110000000011000000100101100011000101110011010111010000
010111000100010010010100101001110100001011010011001011110110110110010000110000111010100010011110000101011101000110110100111000001000011001100111010001100100011111110011001101110101
000001100000001111101001110000000011101110010000011000011111011011110001100010011111100001010100000010010011110000001000010001010011110110111010011010011111111001001010000001001101
101100100010101100010100010101010110100001101000100011000000000100101100000000100110000010110001001001110010111110111010110011100000010000011011011101000000110001101100111000100001
111101110010010010010000000000100111100111100110100100111001100001101101101000001100100000000111011010001010110010000101001001000011011101101001100111010001100100000000011101110010
001100111110110001111110011000001110111011111111000111001101011010100111011110101100100110110010011001010000111011001110111001100011101010010100100101010010101100100010000000001101
100011010010001011101011001100101001000000010011111111000100000100101010011111010101100001000011100001000111001110001100101001000101000010010001010111111100000100010010010010111010
010111100000111111001101101100110001110101011101011110000010001101100010100100010010100111101110100111100111000000010111101110000100110100011111101100010011000001100010101001111000
101110000110001010001011101000000010010100001101110011010001101010001101011010111011100011101011010001000010000100000111111101100011110000101011000110000010111001100011010010111000
110010111110110101011110110000010001111001111100001111010101001101010111100011011000001010001011110011010011001001101100001110101110110100110111011010001110011010000100100101101011
100011001101101111110011111001101111110100011100110000001100001100110111010111011111010100000001110110100001011101110100001101011110101001010110000001010100010011011010100010001001
011010010100000100001110000001101111111100111111110001100000101110001100000010101001111101011111011010000110111110100101011000010000100101110010110010110101010101110000100001011011
010011001001001010000010011101001011000001100011001100010100010111111001011101110010010101101001000100111111011001100001000001101001110100001100111011011001010000011101101111001100
000101111110110110110010101011010010001110100000100000110000000100100101001111111111111000000110100100100011111001110010101110101101011011000010111010100000100110000111011100011001
001010110111101101000111100010110100000011011000110110101000110010010111011010111011000111100000110100011000111101111100011101101110100001110011011000000000100101010111111000011000
100110101110011111100110010001001010101101110001001010001011010011010000110000100010110001010101111011001111100110011100011111110010100111001110000000111001111010100010101110111011
110100111100001111011001100110011100000010001010111100010001000010100110100100001100100001110111000001110110101001010001010010011010101000000000100100011011110101001001000011111100
001101110000010110010000011000101100011101011110010000110000101011111000100110110001110100010100011001000100111100000101010001101101110100010011101010101001100110010001111010110101
110101111011001110011011101101111000111000101011000100010010100110110010011100101100100000001101000010011001101101111000001110101001110111011111101110100010000101011111101101101010
001100000000101110110001001111001100010111011010101101010000000111110001001010110111001100010110011011110000111111001011100101111111100100000000010001111001111101101111011000100001
101101000101000101111000111001000000101100010010111111111000101101010100011001001101000010110001001111010010011111010010100010010110101110101110010101110011011110000111001110101100
100000010100011111010101000101110011100001100000001100100010010111100100110110110010100111001110010010011011011101110100110110000101110010101110000010100011010101100000100111010101
100101011000001000000010101101011111000011101010011000111000000100110001100100110100110010100110101101111000100100100001111100010001111110111101101110010001110010100100111100101101
111001000000000110010110000101011110111001001001100011001111000000011010111000000110011010011001101011110010110001101000000010000011111110010011111101111000111100010101110010000101
110111000100101101001111101100011010101101001111001000011110000101001010001110001011101100010011100100111110101010110001001111001000000100001100000111011100000011101100110010010001
001001100000111000101111110001111101111100000001010101011010101000100000000100010011110000011111101101001010000100000011001101100001101001000001001010000101000011000000101010011100
110011100110010010100010010011000110011011011000110110110011010011000000001110010100011100101010000001110000111000110110101111100000101000111011111101101100011000110000000110111011
010011100100010101100110111011011100101011000011101111010010001101001010001111010110111010100101100001000000111111110100000010101100111011010111101101110000100000000011011001100000
000100000110010010111110110110001100011100100111111010110010001010011001100110110010001001011101110111110110000011001011110101101100011111010100000111000010011010100001101100100011
101000110000101010110001100000000110001111000100100101011100010000001100000101110110011111101111110101101000010110101001100010110101111000101000110110111111111011011011001010011110
010001110110110011101111001000101111101110101101111001111100010100110100011110111010001000111111110010100101001110001111110110111001111001100101111111010010011001001110001110000110
001111011101111101001011010001000101010101101000011100010100001001111001001111011101111001000001010010101101010100010111110011101100110010001111101011001001011010011100110111100011
111110010011100010101111011100110001101101100001011010010110111111000101110100011111110000001000010011000110111000001011111100011000000111111011001010110111011111011111100001000000
000000100110010010111100100101111000010010001100100101011110011101001000010001011110110000010010000000000000011001010011101011000100000110010111100010110011001011100100101000111100
100001101010010101100110110101110000001100000001010111010111101000010110000110111100000100111001101011101001011110100101100010101110001110010101000100001010000100010111011110101011
010010100010100010000100000101110101111111011110100000010111100111001011011011000111001001100000110001111100001000010100110011101010000000101111101010011010000110010101011101100001
000111010011010000010110001011100010100111111111011010110101010000101000011010110100010100011101110110101101000100100000110011000010101010111101011000010011001001001001110100001101
110100001001111000010110111101111111011111011110110011011001110100100100000010111000010011001100001010100011010000000100101110010011100111101011100110001110010110001001101001000110
010100111010101011100010100100100111001111000001010010101100011000110100000001001011011001110100110101100000100001111000000000101000001101101111011000100001100111101000010110001111
110101000110100101010110011000011110010010111111100111111110001010110110000000101110001101111110101110110101011100001010100010011101101001111100110000000100111101100110001001110010
100010011000011010100000000000000011110110011111101010100000100010110011000011010000111111010101011101010001011010010101111100010100010010101001101100010001001001111010101000110000
111010111111110111110100111001101010001010110010001100001110010110000111101101010010110100001000010010000101101011110111101010001111100000000100101001101001010100000000111100011000
000100001110010100001001101000111110100110001110110000001001010010000001011100011010011000011110111101111000011111110010001111110010000101111011100111101111001110110111011111011100
001000000000101011011111010001001011101101110110000100011010111010001101010010001101010011111000011011110111110011000000000110001001110110001101101010001111111110111011110100000100
001010000100010101111110101011111001111110000100110101010111111101111010110101100100101100010011101111101011100000100001001010011001001010101111010010111001111001100010011100100011
100011000100000101100011000000011101000001011101010101101001111110110101001010101001000011010001000010001001110010010001101000111000110000111101011010011100110111101001001111110001
001100000001101110001100010011111000001010110100010110010110011111001111010001101011110010111001001111011100011010111010001011110101100011000101100001010001011001110011001010010110
101110001010101010100110100101111101010011000111101100001101100001101100110001011111100110011101100011100101000010010011010011000001110111100011110111011001100110111101011101010000
000110001010100101110000110010110101100111000010010110110000101101000000010011010110111110000100110111111101110011011111100100100101001000100100101010111000010101000010010010110100
011010101001010100110001111001101000000100111010001011110011000011100000111001000110000101111010111111000100000001001100110010111010011010100111011101011110000111111111000100000100
111110101101011110111110010110000101011000001111101110110001010101000010110010010110000001010101101001011000111010000011011000011111010000011001011111000000111101110010101110101100
011111101011101011111000111001110000100011101010010100110010010010010110000000010110110101111011000101100100100001011000000011110111111010011010000011100110010011110000110011010001
111100101011100010110000010001000100000010001101000101101001011101001001110011000111000101001010000110011001110111001001111001101011100101100010010010011110010100101110000000110111
101100101100011010101010100010110001010010011010110010000100000110011111100101110110110110000110000100101110010010101000110010101001001100100011011101011101110010110100100011000110
100110010111101011010100101010010010111100010001000001101001010000010010100010000011001101011001001000011000100011010000010000100011001000110001000110111110011111000111011010100110
000111011111001100101011010111011001110000010010000101100111011111111100110100111010011011001010111010100101001001010001011011111111101101100011010101001111110011000100111110101100
011000100011000101100000110000000101010111110011110001101111100011100100100101010100101010110101010000010011001110100000100001001001011100011010110010010100101001100101110010001100
111110001100110011101111011011010101111110100100110101011010010101101001000001100101010010100101101010001110110100110111101110000110000100000011111010110000110111010111001111101101
100011001111110011011011100100001111000101110010000010000001011011111000101110011110110000001011110001100101000011001000110110111110001110100011111001001111001011111101110001100001
001110001011011011010100111110011111111000011110111000011111001100001011001011100110001111100100101110000010000010010010011110100101001000010100001111100110100110001011010101111000
000011110101110100110101011101011100111000111101010000001000100010010100101010001110100010010011111011110010111110110011111011100010101111010010010010001001010011000001110000101110
001110111100100010111011000111010011101101000000100110111100111110000011011011011011110101111110011111010011110001011011001110100101100101111101111101010000000111101010101111010111
110010001101101100101010011011010011100100110110000100110100000101110100111000110010110001100110110110110110111111010110110001001001011101101110000000000100101111000000011111111110
110000001111001000110000000101000000001111101011000101111001110101101011010001111101010001110010111001011000011000000010010101001100110000111110100000100001000000011011101001110111
110110110001011101110111011111100111001100011111110101101110001000111001010100001111000000011010100010111000100101000000000101011111100100110101101111000111010100000000000100100100
001010101010000110111001111011110111101111010111111101001001011100101011001010110110010000101110101101101101011101111111001100110100000010110111011011101111110101111000001011101000
110110100011111111110000100111110111101010010010101000011111110010011001010000111011011011110000010111010111110110011110111001110100101011001111010101101000001111000110111001000111
001100110010011110100100001100110111101010000111000100010000011000111110101001101100000000111000001100100100000010010010011110011110011011011010011100100011011100111111000001001001
100101101010100110000110100001101011001011110011011101100010011011111101101100101000010101001101000111110001000101101000100010010100011000000010111101010001011000011000010000111011
010101110001100011001111010100110111110010100101110101100110100110001101001111111110110110111000111101101000101001010000010011111111100101101011101100001110001101010110011101001010
010001111010110101001111100010100101011101110110001010010011111001110110010100010011000101110111101111000011001110001011111101111011010010110001111011110100001001101001010010010010
000101101111101110000101010000101110101110101010000110101010011010110111111101011000111100100001010011000000110010001000011101110000100101101000010101101100110100000011001000111000
110111011101011111011101011101001010010011111010111001011001100000111101110111111011111000000001110111100000111010011001001100011001011111110111010000101010011000101011010000011110
100000100001000110010000101010110010101010000101011110101001011111100000011001000100111110001110111110100011101111111001111101101011010011111110010111011001100000100110101001100100
101101111001000101100011001111010010101101001100100001010010001010010100011111011000100110001110100110111101011011010000000010101101110000000101001110010000010011110011000011010000
111011000111000110011000100111001011110100011010101000000110101011011100000011110001100010110100101111010011111110100010010011010100000000100001001010010111001001110011000010101011
000100110001010011111111000100111000111011010011110011110011110000100010010001010000111110100111010111100101001001101001000110101011101100111111010000111100011100101000100100011000
010011100100000011000010101101001100110110101101010101010010100101111011101100111000011001101111011111000011100000111011100010100010100000000110101101010010001000100100001101110100
