000111100101010000101100000111101010110001001011110000001011
101000001110100011100111001110101000111001010000001000100000
010111000001110111001100100110010001110101101101101000010110
000011010011100000001111100101111111111110110101011011101111
101001101111111010100111111011111010000010100010000101101100
111100111110011000001110001010001110111110011010100000001110
111111101010111111010000010101010001111011100101000111001100
001110010110001101011010101000101100000011101001110000011001
000111101010001010010000100010101010100011011000110010011011
000000101100101111011011011100110011111100111000110010100001
101100000100101000010110111000000110001001100000010101000010
110010101100000000100101101111110100100111110011110111011111
000000001101000011111111111010010001010111101101000001100010
010110110101110000100100110010001111110000111100101111000111
011101111111100001000011011001000001000101110010001100001101
100011011110010010010010111110101001100010000101110000000101
001111111011111111001000000010011110110010010010101110011010
010111010111000111000111000110101001010001110011011100010101
100010101110011111101111000011010100010001000111101001110101
011101110110100110101001001111001110010011100110011001101000
101101011011100010010010100101001100101110101011000001110111
010010011010100110011011000011000100101001100000000011001011
000000000001101000100100101100101001101000101011111101110010
101111101010001000110101110111010010111111101101100110010100
110111001101100000111100010001111010010111001110011100001001
101111000010101110001011010011111100010101111000000100001000
011100001110011101110001100000110100011011111110010100111010
110101110010100000011110111101100101000101011010001110010011
010110001110110111000011101111001100111101110000001001001101
100101010100100001101111011100011111100000111110111000001111
110101000111111001001000110010101111001000101101001010010101
100100100000101000011011110001010110000110100100010100100100
110110100111000110001001111101110101100011101111011100101110
100000010110101110011001001101000011110101111000111110001110
111111010101101110110010011001111110110011011100111001100000
001000000110110011000111000010101101011111001110101010101100
111001000010111001111001010110000011100111010101010110111000
010101110110000010101111100100101111101111010001011010001111
110000110010101010100111011001011011001100110111110010101000
110000101010011010101010001000011000000011100111100011011100
