000010110011001111010011111111110010101001010000011101111101
011001000010101000000001100110100000110111011000010111011111
110001110010100100111111111001101100011001111001101000000100
101000111010001101011000111011010110101110010110001000000001
000100001011111101101011000110100001001111000101110000111111
110011101101001011011000001110101010010000111101000100101111
011010001111001001111100111001011011110100011111111111010100
101001110101110100000010110111010110101100010110010111000011
001100110010001100010101011100100011000001101001001101111010
001011100000101010011100010100010010101111110000001000111110
101110111000111100100101110000111011110001010111000101100100
100110010000001011001010100000110100000011001011111110000000
100010001011001011100010011001111001010001101110001110011011
110100100110001001011001110101011011011111100011101110011000
100100001101001110100110110011011100000100010111001001000010
111010001010100010010010011101000111010001100100110101111110
111010111100100111011111001100110111011000101111010011100100
001111101010100001000100100011100010010011111011101001010000
101001110011100000110000101101101101011111110001010011110101
000000111110001101111101111011011111001110110011110111101010
000000000010001111010110001110111100101000010100011001001011
110011000001010111111010110001011101111101111000010010101010
001001111111010110011110110100001000010101011001110011100110
111011001011011110101011011101111111111110101011100011010011
100101111110010100101000011001111111000101110101010000101010
100011000110101101010010000110110000100101100111100011111111
101111111000001101001000110011100001110110011000010111010010
111111111010110001001011001111001010111011001010100101110110
001001000011010111011001001111100101100010101100111001111000
110000000001100001111001111000101011000100010001101001101110
000010011101011011011000010111110000110000100001101100100110
101111011011111111010110100110101010111110011010010001010110
001001011111001000011010001111110000000111011011000101000001
110000001101101010010110001000011100100010110101001010010000
000010100101101001010100101001010001101101011000010111010000
100011110111101111100000011111010001001010001100010101100110
110100100001001110011101100000001001001111111001100110010111
100011000101111001011111001011110010110111101001100100100101
100000111000111000100010111100100111001000011100111110010100
101011001111010010101110111111111111111100011101100110001000
