001100010000100011101000100011000001101000010100100101010101
000010001001011010001100010110010101110101101100001100011111
011000110000101010001010100001100011010111001011111111000010
000111011110111101100001011010000110011010110101110010011010
100101100110110111100010010000100010100011110001010010011000
111100000010001100011101111100010111100011110101100010110001
101100011010100101000001101110011100101011011110101100001000
111110101101000011100100000110000010011101100010111011011011
011111010111100001100101100111110010010010001111100111011110
100110110011101011011001000100111010011101001111101010110111
110011101100111000110011101011001011111011101110010010010110
101001000000000000100010101000011111100111011101100101101011
011000111111001111010001110101110000100100101100111111111001
011001101010110111011100001110101010000110010011001111110001
110011110000101010010001101000100101011001101001111110110100
110011101110010011001111101101110101100100011100000001100101
010101001100011010010110001111101000010111011111110001100001
010001011010000001110010100100000010011111010010000111101101
011001101000100111111101111111111110111001001010100100000101
000111001100011110111001000011110011011101110100011000010101
101101100001111000011001010011000100101101000000001111111011
101001001110001101101110011010111000010110000001100101101010
101011111110111001010110101110001010110000111001000000011100
101101100100001110111001110100011001001111111101000101110100
111011101000010100000101100001100010100011001110001000001100
010110101100000011111010100000110000101000101000010000000111
010011110110011000111011100100010101000000100101111000011100
111111001001110011000101111001101101111111110000001100101111
011101111011110110001000101001101101011011100010000010101111
001110100000000110000101011001010101001000000011001011001110
101111000111111001111111100110111110000111000111011011011110
000000111101011110111111011010100011001010100101010011000000
011011110000010100110010001001011011011110001001001001101100
111010110011101001010000100010001110010001001100110111001111
000011110101101110111101010000001100111011010110100000101101
111011011010101001011110100110010000110000101011110111001100
010101101100110010011011101011110010110011010100110110110011
111111011001110001110111101011000110100110101111011100010110
110001011001011100111001101011001100000100111101001011001010
000110101000110001001101001011101001000101001111011000101110
