100011000000101010110111110111101000010010001010000100011011
011011111100100011011100110011111110101100010011001101011000
011100111100010000010010011100100100110011001001011110111010
010001011001101101010000110101110010110101101000110110101010
000101110010001101110011100000111100111111001001001101011110
010101100111001011001100000100010000111111001000001111001000
010111011101001001000111000001011011011000101110100011001111
101010100100011110111111111001011101101100010111011001111110
001010110111111001011000110111001100000000110100101011001110
111101111100011011101111001111101110111001111110110111111101
100011011010000110010101010000001110000111010011101111100111
110011010011100110100010110010010000010001101000100011010001
001000111101011001110101111101011110000100111001010100000001
000101110010010010001110011111010111110111011000111101100011
000000111010010110011000011110110100000101001000010100101001
010101011110101001000110010100011000101110010110001010110011
110000110011001011100111000000110100010001101010100010111011
101011011100001001011111011010100011001000100110111100101010
000101010111111111101100011000111111111110000110110110101111
000100111000010110110000001011111011101010111001111110000111
000101001100000110101101011001100100110110000000011001010011
000000000001101111100000010011100011001101100010110100000001
111010011111010100010101110000110010100100010100001011001000
100110010111011111011100001111011101010110001001001000110110
011100010111011110100100101101000001001000010100011000100001
011011111101100011011100011110011100000100011010001110001110
101101011011110100110011000101010100001010001100001110111001
110011111000111011000110010011000001101110000001011101101000
110011111010101101000000101000010110111101010001010111101010
110100011110100111111101101111001011101100001001111000110111
100010110101010101101000101111001110100010011010001101110100
100100101010100110010000100000010000100000011001000000111001
111011011000001011101010101110101011001100100001000110001000
111011110001110011110111000111111101000011111111110111101011
110000000101001100000000000100001011111111111110011010111101
001011100011101100110010111010111110100000010111000011101010
101100101100111101011010111110101100110110011101100100111011
011101101010101100010110100100010010001101100000000000011011
001101001001011010001100000011000100010110000001100000100111
011100011000000011011101110101100101101000000101110111000111
