011111001011110111010000101100111110110000110000110000011000
001100010110101100100011111101010001000101111011001001010101
001101111011010111011101110111101101101000100101011001001001
001001011101111111000101101011100000101101011001000011010110
001111001011010011111110101100011010000101011101100001100011
100010000100011111010011000000110100111111100100101101011010
101110111101100000000000101010101101101000101000110110010111
100111111011010001001001011001001001101011011111010111000000
011101110010011011100110011000001000011001011100111100110101
011000001100010111101111011001101100110010101110101000101011
110000000101001111011011011100111110001001111001001111111010
100000010011001010010100101100011000001111001110110011010111
101101111111110010110011100011100001111110011100111110010100
110011100010100111111110111101110000001110111101000010001110
101000000001001000000001101101100011100001010100111111110011
101101101001100010001000111000011110010111111111011000001011
100000100110000110110010100101111011100001001001100000111011
000100110000110101001110000001110001111001000101010011100000
010000011000100110100011110101010101001110001011101111010101
000000110010101100110100100001000111000011000111000101011111
001001101110000010100011010110010110010011000001110101101001
000001001010001000100110000000000110100001111011010010010010
010110011111111100101100011001101010111111100101110010010101
111011111011100101000100111100010010101111000110110100100011
110101111101111110011011111101000111010101100111101001100001
000110010010011111101101101100111110110010111001010011101110
011111101011000000000101011000111111001101010100011101011101
000111110100100011010100110001001111000100111010011111110000
100011010001000100000010110110111011100111000010001111001001
001111110011100110010110011101010110001101111010010110010101
101001000011001111010100100010111001010101011101111001111010
011100111000001100001010011010110101100110000001101101001000
000011101000010100110001110011110100000001001011101110101101
001011100100111011010111100011011110110010100011101000111110
110010010011100011001001111001000101100000101111111010111010
011100110101000110000110000111001111111011110001000001111001
011101101001011100000100001001100010001111100111000101100101
010010000010010011101101001001110001110100010010001010101010
111100111001100001100001001011101110111101101001111101110110
011100010001110010110001001111001011111011010011011111110001
