100001010101011101001111111001101001011011000101001000000101
001111011010000100001010001001110000111111011111000011100111
001111101110000100101100101100100111001111011100011101100100
000010110111110011011101111000100101000101011011110100011101
111111000111001001000010101001111011101100001111100000011010
011100110011001110000101001001101110111110110011001011011010
101100001100000001100000000011111111011101011110110100000011
001000010010000001111110101001100101110010101111011011000110
100101110100110010000110110010101110001010111101111010001011
100011110001000101110011111100000001001100110010110101010111
001011000111100100111101000001011011101100111000011010110001
001000000101101110110011111000111100001101110101101111100100
011100001011111110001101101110101111100011110111101111001110
011100010010001110111111010100100101001110001100111001111001
010111001101111110010001110010101110010010010100001100001100
010000100101110011001010011111101011110000111001010011110000
010011110110000100111010000110101100011100101000100111101101
110101001101011001100101001110111101000001010010111111001111
110000011100010101100111010101111000100101111000101001010000
010111000001001000010000110001001010010101110010000011011111
000100000000100110010001100011000011100111111001101101010001
010000100000011011011000010010101101110100110101011001111000
001110000000111101111100011011011111011111001100001110011001
110000000110001010110010011001011000000101001000010010001110
101001000011111000010100010000111010010011001000101100011101
011101110001011010110110001110010011011101011000100010100100
000011100101001011010010000110100000000110001001011110110001
100011100110011010100110010111101000010000110000111000101100
001100010001001001011011010110100111000111101011011011010100
010000000000110001111011001110100100111110101100111011110001
101011110011101111111001010111011100110001101001101010110111
101100000110100101110110010111011101011011111100000100100110
001100101000110011010100111111001101001110001101000000011011
101110000100011101100100010000011101001110000011000010101001
101001011111110111100110001001101110010110101111110000111001
110011000010100110011100111001111101011011010000100011111011
110100101000100000000100000010010111100010101111101010010001
000001111110110010010101001111110110101000010001011011011001
011101000000100001000010100111101001011000000010111110100011
111001111011010110110110111011010011100000110000010110011000
