100111111101001111001001101100111001110111111101100100011111
010001101111111110011111111011011100000010100011010000101101
001110100101000010001110010110000010000011101111000100110101
110001000000001010011101111111110001001101010011000101000001
110000110110001110110000100110010010111000100010011111001010
111011011001010001111101000110011110110110110011100111000010
110010000000110101101001011100100011111100001001110011000110
000100111111101101001111010100010110101100011011110010000100
110111111001111001001011110010000110001010101111110110100011
111100001111001011010100111110100100110101000111100101110001
111010111101000001010110110011100001111001010000110000011001
001001110101000100011100010111000101010011101001101100100000
011100001110010111010110011111001000100101001101011001010001
001011001000101100111100001011000110001000011010011011100100
010000010111010111001110011001011111000011001000000011100111
100010101110110101111111000110101101110011011011001010100000
000110011000001000100010001111011011011110100010000100111100
011001101000100011100010100100111101011000101101111100001100
110000101011011110100100100000101101111111011010011000111110
111111001101100011101101000101001111110100100101101001010010
001110101001011110001011100101001110110100111110001001110010
010100011011100101000110111000011110110011101000110101101111
011110111001101010110001011101110001011001101100100010001110
101000100101110010111001110000010111000000000011111001011110
011111100110111000010100010101111111100010001010010101001100
011001000110111110101010101111010001000111000010110100111101
111001001101110011001011111110010001101000000010010100000011
011100100011111100101110110000001101010110100100111100100110
111111101010000001011000010111010001100111111110011110100111
010000001101111111001010010001011001100000001101001000111000
011001001010110001111111101010010111101110111100111000011001
100001110101000111001001011010110111011110100000000010100000
011100010111010100001001111110000011011100010011011101110111
000001100101010011110100111001011100100001110000101110011011
111010110011001100111111111110001101000011010110011001100001
011111011110100001111001011100011100111110101111111000000111
101111111101001011100101000101011111100001101100111111010011
111101011000011111001001011001100101110010100100100110001010
110001111010011000111011010011011001011101000110111111101000
110100111111111111110100101110111111010000111111001000000010
