000011010010110000111011100000011011010010011000000010111001
011001111001110110000101111001111101011001111111111001000101
000101110011011110100010011101000111010101010100000110101110
100100010011010000111000111111110100101100011100110110101100
010001011100101001001100100111100010010111101100011101110001
011100110100001100011110010100110101011001101010000001011010
010001001001110100100011011100101101111001011101001100110001
010011100110001101101011111101000100101110011000100001000000
101011111110010000001011111111011011001011000010011100111100
010010001011010110001100101000001011011101100010011110010101
100110111110011011101100111100100011011010111011101011010001
000010000101100000100011001101010110001001000110000000110110
011110011100111101101010010111101110101100111010010010011111
011110000010111111100011011111000110011001000001101010111000
000011111001110100100110100101101000101011011110100111011110
000001000000011000100110110111010010100011010111100010110011
011010000100001110010011100000011100110110000001101010110000
001001111110110000110100001111101001101001010100011101101000
000010111111010100011011001000000111101100001101100100000111
110111010001110100111001001000001001000110111010010111101111
110010110111001100000010110110001110001010011010011100000110
000111111011001110111001000101010010111011111011110101110100
000101101010001111111110011100001010010011010101011111001110
000011001001101000011110111101100000100000100011111010110011
011101101011000011011001001011001001100001111010010011011000
110011001110110010011010100111010000000000001011000101001011
001000101000101100001011000000000011100011110000110100101110
111110111001100100100111001000101010100111010001101010000100
001000001110000010010010010011000110100111001010111111001011
011100001011110100110011010011000001110111011001010011100001
110111100010100110011010111110100110001000100011000101100000
011011011011001111010011001100100000110010100011100010110111
110111111111010101110000001011100111111101111001110001011101
010100000000101111000011000100010001111000000111101100000010
101000110000100100100001111000110100101100111111000000001010
000111001110000100011000100110101101010111011101101110000010
011101000100100011001010111010011111100010100100000111000000
111011000000111101111001000001001110110010001010001011110001
101011010101011101010110110101110010010110001001010010010101
000111111010001001100000110010101110001100011010100011111101
