010110110001110111111101100011100010010111101000101001001001
110100110001010010001110001100110101001111010101000001100111
110110000011001110100000010010111110000110001110110010010001
011101101010000010001011100100111110110011001100100100000111
101110011000000001110110101001001000010010110110010110001010
011111100111000011001100000111011101010001100000101000010010
011000110101000000000100010000011101000000100110111000001111
111100000110000100111000011110111011011010101101111111000001
101000000100010101010101101010001100001110110011100100101111
101000110000010000010110001001101010010111010100001100101111
110100010000110111100010000010111101100001100010000110110100
111011111001010011100010000000100111100011110000101010000110
100110101100011011001000001010111101100110001100001100101000
001110101111001010001011001000101011101001110111111110000000
000010001001001100011111000011110110011110000100101011001010
001100111110110110010101100000101110110000011101000111101010
110110010011101011111111001001011101111110101110101110100001
110010001101010011010000000101000011111100101101001001011011
110101101000000011001110001011100111000010100101011100100000
001001001101100111100000110011111100001111001011011110111000
010000111001011001001010101011110100110110011010010001011001
011111000101101011110110010011101101001101100000010100111000
110011001110001000100010100110101111001110001010010010111100
110011101001101100100100101001011110101101100100111101111011
001111110111111011111010011010101110101011000010100010110100
110001011010111101101110110010101001110000010111010001010000
100110010110011001100100110101010001111100110000000011010001
110010000100001001011100001111101101001010100101010001011110
100010000001001111001110100001110001110011000100000011011110
111100100011000111110011001111110001110110010101110100101010
101010100110011000100011000000100111000110000101000000010101
100111101001000000110100110101000001110101011011001101100001
111000011101001000110010011011100000000011011101100110001001
001110000111100101100001010010111100001000011010100111001101
000101011101011010101000111010010110111010010100111100001001
111001000011011101100011110010101011111101111011100010000101
110100100111011101011111001110000010000000000110001101110111
100111011110001010001000111101101011001111110010101111000110
000110010000100100011000001110101111100100010101100111100011
101001101100011010100101000010101010000110101110101111111100
