010100000011010011101100110011000111000100100000000100100101
101101001100001001110111011100101011001101010100110111000000
111000110011100101001010011000010110010100011001010001001011
101100100011001100000110000111110111001011000110011000100111
010001001111100010011010001000100110001010100010111011011100
100000011101111001010010000010111010100111110001110001110100
000101111011100101110101001000010110011100001000001011111101
100101100110101011000001001000001000001111010100001001010110
000001000010001011000001000101100011111101011111100100110100
110000011010111100100010010100100111001000011000011101111110
101010011111111010010011111100010000000001000100001000011000
110101110001101101001011110100010000110001000011111101000000
010010010110011000110001011011101110011011000101110010100001
110110010011110011101101101111111010110100000010100011001110
110111000001010101101011010011111011111011011001010011001010
011110000111101010000100011001101101001100110001110100110100
111001111011010010001110100011010000011001110100010001000010
011011100110110111011001101100011000101010000101111001101101
111010001001000110011001100101011110001101011101010011011011
110011000000001001101110111111010001000000100000000000010100
101111100011000011000011001001101110000001110010100000100111
110110101011101100100010111110011011001000001001101111011110
010011000000001001101101010111001001101110001111000011101001
111000011100011001101100000000011001000010100001011111000111
010010010101110111100011110001000011110010101111010000010100
100010000001100001001101101000010000101111100000000011000100
001110011000111110010000111001111100110010010110100000000111
011100001000100011011101010011001001100110110100010101010111
100110001011010000001100101000111101111101101101000000011110
010000001011111101100001000101110110011010101110100111010110
000101011011001101100000000111101111111100001010010010001001
010000111111010010000111000110000110111001110010001111011010
001000101000011010100111101001100010011100001011010110001000
111010011110000100011000100000110000110100010001001100110001
001101001011101101101110011100000001011000011011000111110001
010000010000100010000010011100101011101111100110000101101100
111101110000011000111011000111010101101110000011110101010001
010111100111111100111000101111110110011000100111000111010111
010110111111001111011111000101100011011010000100101001001111
011001001100100001000100010110100110001111010000110011101001
