011111111011010011000100110111110011001110110000011101001111
000100011010001000001011111110101010111011101010001100010100
001110001001010011100000111111101111011010101100110101000011
000100011001100100110011000001010110111001101111101110001010
010000101111110000001101000101101010011110100111000000110010
100110001001101001111110111011000011000000111111110100011101
011101000001011010010111001100011110001111011101111011110101
011100010100100110001111101100101110010110011111010111000101
000001011011000100001100101001101011011101001110000000100000
011000000110100101110000011001111111101111001111101000110000
001100010100111101001011000111010101011101011011110001110011
110100011100110001101110111001111010111011100100100110011110
110011110001110001100101001000011011110101000101101001000001
001110111001110110010000010010000011110000111111111111111011
000111100001010111000110110110100101110100111000110101001010
101100000100011001010001101010001110010110011110011111000101
011010010001011100011111101011100101000010100000111100010001
111000000001001000000001001100110010000001001111000111110001
001100010110110011011100110101111110110110110000100010001111
010111001101100000011011100001011001111000101010010000011101
001100000100100011011110110001001100101101110111000110001011
110001010010100101101111000001010110011001011011011000011100
000000000110000100001011001111010111011110101100100011110010
010101111111000010100011010100011101111100101110110001110000
000000111101100100110001110001101001101000011000001111000010
010011110000011111111010110111100110010001111010000100001100
011000101100001011001111001010011101100110010110110011111111
101001111110110110011111101110100001010100100110100101100010
111001011011011010001000010001110010010101000010001101100101
100101110011011011111101111011101111111111010101010110011101
000000100101011110011000011101101100100110011100001001101001
111111110111000110010011101001100111001110011111001000100110
110101011010111100100110001100010100001111000010100000101000
100010101101010101100011100010111011110101010101010110111011
000010001000110101101010001011010000101011100111011100000010
000010110100000101010110111011010011001000100111111100000111
001110000010001100001110111111010011010011000010000001101010
000110000100001110101111100110010010111100101010111101001100
000000110110001100100110110101011110100000110010100111110010
101110101011101100011101000001100011000110100001101111111011
