000000100101010101000000101110000101100101001000101001000001
111111010101011110011011101100100111000010011101001011101110
010011100101010011011111000000011000011110011000100010000001
101101000101010101101000001110111100111010100110011100011101
100101100010000101100010010101111000000100011001000001000011
100101101111101001110000001111010010011000000111100011100000
010100100101011001110001000000001111011111010110011110101100
010000001110010111001101100110111001100100100111111100100000
011100101001010001101001100010001010110001010010110000000110
001111100100110011011000110010001001011011100100011011101001
010111111111100011000101000110110100110011001111001101100100
110010001101000101101111111100011111101111000110000011000111
000110111111010110010011010001001000111000011000111000101000
010010100001110001101010000011010110000110111000100011100010
111011010100011111101011010011100011110101111110111100100010
101101100001001110011010101010111010000110011010011011010011
111011101101101011010110110101010001001000111010011111111100
101111001101101001011000001000000111010111010110101110000010
001001000000101010111000111010101001011101000000100110110110
011001001100111111001100110011010110000101000011100100100110
011001011101011001111011011010101001111100010111100110001010
101000101000110001010001001111010000010111101001101100001010
101001000000010100001000011001011101010111001010000000111111
110011110000010001110001001101010111010011011000110111000010
110011001100000110100100010010001100110011111001101111110001
101010011101000000000111100101111111100010000011100101010011
000100010011010111100111100011100110110111101011111100100101
111001101101111101000011111100001000010100101000001110010010
110011000110011110010110011110110010011010110011100100111010
110110001110011001110110010100000001110100111001111001100000
000110000011101101000001001000001111100001000111101101111110
110001001000101011010010011110101110010101100110001110011110
000100101100100011101111011011100001110000001111000100110010
110100101100010000000000110010010011001110010110010100111011
000001001000011010000011001000100101000110110100010110110001
000111100000001101110100001100000110011101101000111111100110
010110101001010100110000101011000101110001111000100001110010
111110111010111100110110100100100101001001000101001101010101
000101000001001110001000110111110001100100010110101000110101
001101100111110111100111011110101101100101111001100010111011
