000100100001110011111100010110000011011000110100111101010111
100110000011100010010110010011000000010011101011100011110010
101110000100101101000100111000011010000001010111011111100110
011001101101001101011110011100110110011010110111010000111001
010101011010100010011101000110101010011110010000101001111010
110100100010110101010000000110010111111111000001010101001000
011001111110000001110111010101101001110010101010111100110001
010100001011010111110111110100011100000100011101001011111011
001110100010001100111001001010110000010011000010010010010100
000011001010011010110001100010110000100100100000000010000010
101000000000000110110101001010111010011110000010100001011111
101111000100011010010101110010011110100100100100010101010010
011001000000110100001011101101110010011000100111111101001001
000101010110001010001111100010001110011000111111011111010000
001110110100110100001100000111100010011000011111010000000101
010001110001011000101101101110110111101100000101100011010001
100001110010010110010010011101110011010111111101101000000110
100100101100010011101110001011001001111101011011111101000000
110010010111001100000100001011001110100110001111011100111100
101100010011000110000011000001111001011010010011101111010010
010010100110011000111011011011011101100111010001001101011110
110010100110011100111010110100101111101011000100110010010111
111010001000001011110100100000101001100111101010111101011111
111101001111111111101010110110110010001100000010111101101000
011110111011001110010000000100011011011011111110110100010000
100001011101100101101101101011000010000001010100100001000111
011100001100001010011100110001100101100111101101010110010100
100011010111000110000001001011111011010000001001010101000111
001111100001000101011001010000110000001111000011110100011000
010110010101110111011110110110010011011011010010000010100110
011110010111111100110110110100111101111100100101100010100110
000111011101111001011100110000011111000011101001100000010110
110010001100000001111110110101011011010110011001110001101100
111100111011100111000011000011101011111011001100010100000111
100110100011100110101001000110101110100101100100100100001100
101001001101111001001011110011010011110010000111101010111001
001110000100110011010101011010010110110010101011101001110001
001100110100001101011111110111111110011100110001001110001100
100110110011000101110011001111110101001110000111001010001010
100100110111011101111111110110110100001010100000001010111011
