111110101010111010011100001001110000001010000100111111011000
111011110110101110011110000101111100010011101011111100111110
010000100111001101010101100111011001111011101111000001110100
011001000001111100011011011111010110111111010011000000001001
010010110000001001001010001101101000101110010111000010101000
100000100001010100110100010100100100110110111101010001101011
110110010111111110000100101110100100011111101000010100110110
110010111000110001011000100100010010100100111010100001110001
111001111111100011000000111011000101010100001010011010001110
111011101000110111101101110000000100001011010000000110011101
101010011110101001011000010110010110001000001111111010110010
101000101010101100110110011101000001111001010101100100001111
000001010111011011011110110111000111100111010110000011011001
101011110110011010111001111101010101011100001001111111101111
011011000001011101100110001011111111100110100010010100011100
101111100101011110000011001000010101101011001011010101000101
111100110110000011111010011110111100011100000000111000010111
011101100001100000110001110011111100010110010010010011111111
010100110111011110111010010001001100111100010110011101110100
110011110110111101100000100001110000011101011111100101000100
101101110111011001110110000010110001010100110011101000001110
110100011001110101010101011000010011100011101110110110100101
111011110010101000100101011011000011100011011001001011100001
111100010110100100101011100111010101100000101111010101011110
100001001111010010111110111000000010101101010111000100011010
000111111111011001101101000111100010101001000111011101001001
101111110000111100011110010110101000101110011100110010111010
011110001010011101001011110110101011000110101111010111101111
011101100001010001101000010101011001001001111001101111000100
111111101010110011000001111100101001110011100000010000001101
011110101111101101111111110101000001110001010000010010001110
100100101110001100000011000010110100100101110000110110100001
001100001101010100111001111111010101101001011111010101000110
000001000011111001100100111101010101110111111110101010100101
101110101001000010100001011010011111011100001010100010001011
110101101011101001101011011101001001000011010001001111000010
011000000110010000001110000001110110110000011101111101100000
011010110101101000111011010111111010111000000111010011010110
100111110000011011111110011010101000011011110101001011100001
101110000010010000111010111000110110010001010101101010101010
