100101000100111111101101001010101110100010110110111001100110
100111000010011010000001001011000000101111010011000111100110
101110110101010010111101000101000110000011011011110000001110
110111011000101111101111100000110111100101100101010000100011
001111000110100111111101001010011111011110010110000001101101
001001111100000110100001010100001011110000010000000001101111
000110111000001001010100110111101011111011001100101100100001
000001101000010110100010010110101010001000110100110010010001
101001001000011001001001011000110001100000010110010110101111
001101001110010001110100111001111001110000110111100100010001
010000010100100011000110101110000011110011111000001100010001
011011011011100100111011111011001000000111000100011101001111
100010011100101100110101000010001011000110011111110001111011
100111101110101001110000101011101111011011011101100101010011
010001100110001111001110100101000010111011110010010000110010
000000110101011001100110111011000101011110111001101110100101
101011011010111000110111011011000010100100010011111000111010
011101001001010011011110001101101010100110101101111001000001
000111001010100110110101000111101010000010100101000010110100
110011101001001101110000111000011101101100100011010010110111
010001110100100101110000010101101110100011001101101110110000
011011010111100110100110001100110101000010111010111101010000
100101101101001100000110001011001001100100111000011010101001
100110100110100110111101011101011101111001100110010101010011
101010111000000001000011101001011010010010010000000101111100
100101100110000010111100000101110011111101011011001011011010
000010101101110110100010000011110110101000110111001110001001
100011100001111100110010110110001001010101100110111010101100
100010111101111011001100000001001010011000010010010101011100
111111001100110000101110010000001011000010110010000011010111
000010101111000111111111010001000111001111001101100101001100
000110010000111101100010101101010101101111000000000010111111
000101011110000000010011101101111111011000001110111011111011
111101001100111111010001011000100010100010101100001001001100
001010000110011110110111011110010000111000001111010100101010
010011101011011010100111100110100110011101110000010011000010
001011110011000100000110000010000000000011101011101101010010
101010000010010110110011110110101111010111100001001101111110
011111100110100110010000010101101101000001111110010001100011
111001000100010001001110101001110100001110100001010000110100
