001100000110101111000000001010011100010100110111100101000001
100001110111000100001110101010111111101111100011010101010010
001010001101011000010010110011111010110100111010000011010011
001101011011000011001001000111100000101011011101111110101011
110000000001010111100011110001001010011011110110110011110000
000011011100010001100110100111000001000111110000001000001000
111011110101111000001000110001001011100010111011010011011111
101111000011111000011111001111011010000011010011000010000110
101110011010000100011110100011011101011101000111100001001010
111010011011010111100101010010101100101000001001110011111110
101101011000101110100010010011111000011011010011000100010101
111000011010000001010000011000101001111011011101100101011011
101100011001010001010101000011111110110110110111000110100000
011100111100100110010100100010000001011101110001100110100110
110101111011110111001001000000110101001100101100100111111101
111001000001001001111010000010101011000001110010101011000010
001110111001010011100111100111101100111001010101000111000001
011111110100000001000101001101000100111100111111111111110100
111011011110101100110111010111001100011000000001000001101101
110011011011101000110011000110101101000011001111010001001110
001110100001100011001000110100011101111011011000100100111011
101110110011011110000111110010101010101111001001000001101011
010001110110001110111001001001010101100001101010000011000101
111100000010010111000110101001110101100100010000100110111001
001000101000111111110001011110111011001110111011100000111000
111001100011110111010100101101001111110101111001111100100000
000110110011001111110101010110111110100110110010011000110110
000011100111011010001110001101100101100011110110110101101001
110101000000000101100111010101111111001110101001011100001101
111000110110110010100101111100000100110000000010000010111110
100110000001011100001100011011100001110010101011110010111001
111101011000001011111000101111110101010110001011010111110011
001011100110000001010100000111011100001100010010001010101111
010011010111100011101110110101110100101011001000010110010111
111001101100000011101110111010011000100100111100110111100110
011000111011001110011011100100111110001011110101011101011010
100010000000110001111100000001000010011100100101001101000011
011110110110010100110101010100000011101001011011001110010110
011001100101001000101010101011010001011101110111000101111001
010100000001100100101000011001011000110001000101111100101001
