111100001111000101011001100001101110101110000101000001011101
101000100000111101101110101111110101010100101110001011001111
001101110111100101011110001110010011111100100111100101110110
110110110011000100110111011011000111101000000101100010010011
001101001100110011100100101111010011101000111000010101010100
000101101111011001000100001011010001101001011100011000111101
010000000001010101011111111010110111100000010100001110110001
010001011000010011011001110100011001011011110100101101001000
001011110000010010100101010001101101001010001101110101101100
110011111010011001110101101110010100000101101001001111111101
110110110100100101101000011001011110010111110101001101101110
000011011001001000110001011001010100111010001001101010001000
110111001001011011010110011100000001111010011011001101110100
110101110011100111011011011000100011001110000001001100011111
000001000100110111110010001101110011110100011110100000111011
101101100011111000000010011000111010010011010100001010011010
010110001001011111110111101010011010011001001000000110001011
101011111110101000001111100101001101110011100000100101011101
000010000010000100110000111111010111001111000000101001110101
100100101000101001000100010011011011110100110001011011100011
001000001110010010001101111011001000100000101001110110110000
111000110101010010001010001110111000101101001100111000000011
100010001011000000110000111011101111010110101100100000101111
100111101010001101011110011110010110111001011110110001010100
010001000111000011011100110110000010011100011101011001111101
000100111011011111100100111111010100011111011010110011111001
010100010111010011111001010100111010000101101111110010101110
100111000100101001110000010110001011001010001111100000101110
010101111101010100111111100111010001101100001010110011011000
101000010101010011001011001001001011101110000000111111000101
001010110110000101001011111101100010001100111001000111101001
100011011001000111110111111111010111111111000001110110110101
001010011111000000100110100111101000000001000100001000011001
010101110011011001110000011111101010001111100101001011000101
110010101111100000101101011111100101101101000110010110001001
101010100010100010011111110111101010110000001000100110110110
010001001001101011010111011001111111111010011110000100010111
111101101101101010001111110111010111110001101001100100001000
010001001100010001101101111010111000100010010101110101111010
000110101001011011110010101111000111111101001010101001000111
