011101101110111001110010100111101111111101101110001100001001
101101111111111101100100010011010010010011010101000101000000
001010111010100010000100100100011100010000110100001011000111
111000001011100101000010010000011011011111100100000010011001
011010101101111011101111101101011010001011110111111010110011
100011010110101111110101011011111000111100101010001011001001
111111011110011000101001001011001000010101110111011100101100
011111011100111101111101001010101101101000101100111110110010
001111101001011011101001111010101111111100000101011110011101
100011111110011100011110011110111110101000101110101001000100
111110010101110101101110010111000000011011010010011011100000
000000001110010011101011101001100000000010101100111110001110
001010101101111001100100011111000001111110111011101110100001
001000110101110100110110000111111000011110110111011101010110
010000100110000000000100110001010101011001111111010101000100
110111100000111111110101110101010101000001010110010010100101
010111111000111101101111111100010001001111110010100000101001
110110110101011001111111100111000011101110111101001011011000
101110100011011111110111100100001100110000111000110001101110
011001011001011111111000000100011101110011010101100000011011
011100101100110010100100000101011101010010001111100000111000
000001010100010001110101000110000001100100111100000010110000
100110111110011101000101010010110111001000011101111000010110
001010011100000001011011101000101001011000010001110101011111
011111000010101110101110100101000100100100010001011110110100
100001100010101101101001100110000001101110000000000110010000
100001111100100010100010001010110011100000001011100011000100
001101100111011100000010100011001101001000010001110011011011
000001101010001000000100111010000101001011110000010111010011
011110011000001111001101001000001010001000111001111110101010
100011100001101110010010010001110101100110010101101011101010
011011001111000000000000111101011101011001111011101010100010
111000011010000111111111010101010110110011011110010011100111
101101010001001000000111111101011011111110001100101000011001
000101101111101111011011100100111000110011010111000011001110
111110110110110100010100001000110010101001011101110101110100
100111111011100010101110100100110111100010110110010101001010
010101100101100011111110100011011011111110111010001010101010
101001111101011010111001111101101110010001011110001010000011
010011000111010001100100111011011011010100100101011101000010
