101010110110010101101011011101110110111111001010100110110101
011110011010100001110001101101111000010101101111100110111001
101001101010011011110001100000111011001110011001100100111100
001011000101000000011000010111001010010001101000010111110011
000100110110111011111011110011110001000011001011011001010010
111001010100010011001010100001001101100010110101001100111001
010011101101111000001100110101100101111110110001111111011100
000001011111110000010010101101101110011110110111000000010011
111110111111101011100100001010111111101000010000111010110010
010101010110110000011101001101110011010000110100001100000110
111111111101110101000101001001011110011010100001111010000111
100100011110100100111110101101110010110000001111001010000001
000101011011101111101010000110000101011100001111101101011010
001000111111001001001000000110001100110010011110010111100101
100100110101100101011001100100011010111001000000001010000111
000111011011010010100000111110000100010100110010100111010011
101001111000111110100111010111011011111010010110011110100000
110011010001000001000100111011110101011001000100001000010001
110010000111011111000011000010110010011010001000101110110001
101010101101000110011001000111100110000101010010110010001111
010101100000001100111011110110101000010011111101001101110110
101010100101111010110100100011111010000111101001001011010101
011110101000001110101100010010000110111110101100111011011011
110111011010101101101110011000100110001110011000101100100111
001101000100001100111000101001011001101000001010110110100100
110100000101011000010001001100001011011011001001000010011000
000010000100111001100010001111001110011011100110100010011010
101111011110111001000000000101110011011001100111101111101011
010010100010111010111101010100000011100010111000001000111111
001101101010100101010010010010010110100011011100010001100010
001111111010111101111100101011100101000101000111110110010010
110001111001100111111100100110000010000011111101000110101000
010001000100111111010010110111110111010100111000111000010101
101010000010100101000101011111011110010000011101111100110111
111001100101010101011110111001111101101011111110100101010111
100110111110100000111011110011100111111010100100001100001000
110110101011001001010111000011010001101101100110110011101011
001111101010010110001101000111111011000101001011101001011000
101000111110110111010100010000101010010101101011101111010000
011001010001010010011011011001101110001111010011111111110111
