100001010011111111010100001011100001011110101101001001111110
100101101001010000101100010110000010010110011111110111101111
000001011010000101101111101101110001101111011010110110000000
110101011110010000011110101110000111100000101010000111100001
100100000001100011011110001110101011001111101111000110101011
000111001011111001001001110101001111100110011001010101110001
000010011001101111010110110110101110101110111011010101101101
110001010110101010100101010001111000101011000001011111101000
000110010100100101001001010000001001110101001001010110101010
111001110000101100111101001110101101001110100110101001000010
000000011100011111111111110100000110011111110101010110011101
010000111111001100111001111101110001011100111100101111100101
111110001000011100001101110101100000011100011000010100101100
011001110111010010010100011001110110100111011100000001010100
000000100111100000011010011000010010010101110101001000010100
101010101010000001101011001000101100010001100100001011010011
100000010011101111010111010001111101001001001100101100110110
010110000101000110101100010110111011110111111111000010101101
100110001001001010011111101000101101001001100011111010010100
010000001011111100110001100001000000111010011011100100110001
111011000011111110101101101111110001100100100010111111111101
101011110010010010111101101110000000001000010010010011111100
011010010111100101100000000111000001110001110010101101101010
011101001101001001101011010010101100000111000100000100000010
010110010011011111110001111010100101001101110001000110110001
100101110010101001010110101000001100001110011001010001100111
100011000011001111110000011111110000011001010101000011111100
000000110000001010001111001111110100110111100101010101001011
001110011110110010101111101000011011110011001110111100010011
001001010111111010110010001111101101000101010011111010111010
001110000000001000010110000111000010001011110100010001101100
011001010111100101111110000101010001100111111111010011001001
010001100110100011110011100001010010011011111110101111100110
000100101010001010000010101010001001101111110000110010100101
100011111100001101101110011011000100001101000000100010011101
000000100100101111101000000010001001100011111110011101100100
100110101101011001100110111010110110001111000011101001111111
101011100001101110010010100001001111100101000111111100101010
010101011001111011100010111110011111111010100010000101001111
101010101000001100101011111111000011100001010111111110011100
