000001100011000110011101101010010111110100110101000010111100
011001110100001101101110010011010111101100001100011101101010
011110001010100110101100100011110101010010100000110110001000
010010100110001100000110101000110010110110100100001100101111
111110110001101010011011111011100011010111001011001000101001
101111100001010101111111111101111101111100111000100100111010
100110010110111010101100110000111100010011010110100010011001
100001111001011011111110110001011111000110001010000101011011
100001100010011111111110111011000111000100011010100001000111
110100101110011101011100110100101011111000000101011111010111
111011011001101011000010110010001110101110101000010010011001
101111010010001110010000011111011111011111011001001010001100
000111100111110111111111011110000000100100001000110011001111
110100001011001100001001001011111001001100110000000010110111
100101111010101111000110001101010101111011100001000110000111
110101001011000011001011000011010010100101011010101101111100
101010100001010010011001110000111001011001101011101111111011
110000100110100001000100001101000011111101000000010000001101
000110110101110000111011110100110111011110001100001110011010
001100010101111000110100001101101111001111000001100101110100
010011010101100100011111000001001111000100010000011101010100
010001100000111000111100011010101010000111100000111111111101
000011101001110100001001011010001100011100000100110110110101
010001000101111001010101110100111010111100010000010100100001
111011100001101011100000100010010110010011110010110100010101
011000100000100000000001001010100000001000001111111010001011
100010111010110001110101000111001011011000001011111101101011
111100010100110111011000001000011111101100100100000011111010
100110001100010100100011100000000110010101011010101110110000
010010001111111000101111011001001001000011000011111110001100
101010001011111100001011101000101100011011011011011100000110
010111010101110000001011111000010011001010100001111001001101
101001101000100101001101110010100100000001100001001001000110
010111111101000001001111100100000000101111111001111111001100
011010111111000011100100110001011010111000111000101101011110
010100010001100011000011101001110111001101110110000101101010
111110100000010100111010100001011111100010110011111111001111
110110100110110110111111101100110011010110011100011101001000
101110100011000101101110110011010110111110101100001101010110
111111101000101001000001110100011001100100100010010000010101
