010011000011001011110100110001111110010011001111000011010000
010101111000111110001111100100011011001011101100100110101100
000000110111101111000111000010110000010010001101101000111001
101001111110000110011100100101111011010100100000011001010000
011001011001101010111001101000011111000100101110000000101011
010001110101111010001011010000010111010111011100111000110011
010100010100000010011101011011111101010110000010100101101110
011011111100011110001010001111011010001001000100110100101001
100000100100110111000111100011001000001011010011110101110001
111101000100111000010001110010000001110100111110111010000011
110110010010101011100101110111000110101000100011111111010100
110000101111000011010010100010111000000110000100100001010011
111001110001111111101111111111110011001010100001000001101000
000110101110110001011010110011101101000010101010001010011111
101000010101000010011000011010101010000101000000100011100000
010101101011000010111100110010000000111100111010101100000111
000011001110111101010000001110111110101101011010110011111000
000111111011111111011010011001111101111111111101111100010110
010111110101010100111100100011001010000010010111110001101100
000011110101100101000100010000011100110100010011011110010110
100100000011010001100101111111011001111101000100101011100001
101001100011101010100001011010111100000010100110011100101011
001110010010001101011110000101111010011001000001100001101101
100000010111011101000110100011000001101111000011010101111101
001101011010011100011011000100110010001101111000111110000001
101101110010110011011111100011010101010100100101010110000010
111010011000000110111000001000001001111111100011011111010011
011110001111111100101000110010110011100001101001101001010110
010011011010111000100000100010010010101100011000010010110001
011010011101001011100001001101010101011101011011111010100101
001100011110000011110000010100111110000110011001011000100111
111100110001010101001011000100100110000110011011010111101001
011101010100101100101111111011100110011000000001101000000011
001110110000100010110111101000010011110011101111000011000001
011111010010101011110110010110001010010100001000101101011100
000010001010100101011000110110100111111110111101101101001100
111011111011100010101011110100110010100101111011001110011110
100100000000001101000001011011001001111101101110110100111011
110110101111100101011010101001101110001100001111010100011101
000100011010011111100110111100101011000010111000011100100111
