011110101101110010001011001000101011001110011010001011001101
001100111110011100100110100011111111010011000100001001010010
001011100000011110000001101011011101010110100101011011010110
101100000010001001001100110100110011011110101000001001010110
000010101011110001010000011001110000001001100100101010000100
111101000111011110111010101011100010100010100000101101110011
010111011100010110100001100010101001000011010101111100001011
111011101000101101101101111000100100111010111001100011110000
111101100011000101000010001110001101000000001111101111011001
100000010000011100110001110111100101100010001110001010011110
010101111110111100100010000111101110000101111000011111010110
101100111101110100010011001001100000110101110100101101100110
001100110001101110010100010111110001011011110001110111111010
001000001010111011000001000101111100111011011111100110000011
111100101110011001000100101101111111110100011110100111010101
111110010111001100101100010101101100001010100010110001011100
001000101011111110000011111000010011011111000111111010000011
101110110101010111111110111111111100100101111000011000011110
000010110001111000000001110110000100001100010000000000000010
110100110000111100100011000011100100110111000011101010101011
110101001010100111100011011000000011010000101111010101111111
100001111000100101001001101011000000110110100100010010001000
111011001100110010110010011110101101001110001110100100000010
110101001010000101100100110010111011100000110100011000011010
001001001100011101101100110001100000110101101011100101111100
001111011001110001110010001101111110111001110111101011001100
110100111011101100100111101010011101000110011000000100100111
000100110111001010001000000110101001100001001100111101010010
101001010010111001001111110100011101110111101100111010111100
010010101000001100101000101100000000000100101100110011000100
000000001010100100011100110101101010111100011000111101001010
000110110010010111110100101101110011100001101011100001100010
000101100101101100010100100010011100100100001101001101010011
011010011011000011010111011010100001110111001111010000101111
011001100010111000001100101111100010011010000001111010101011
000000100111100011100011000000000001111010110111100011110110
111100110000010011101111011011011011111000101001001000111011
011101101010111101100101000111110011001110111100010000111110
001100101100100010101101101101000100101111010001010001100011
111101111001101101001110010111100011101011111111001010100110
