110101011001000100001010111110111101011001011000111011110010
011100001001111000110010100110100110100101000011000000011010
011100001001100111110100100001000101101000010111101101100001
000010010100100110011101010100000111100011101010011011011000
100011111010011101101000111100000001010000010101111011101001
101110000101101011000111001110001101000100110000101111010010
100000011101101111010101111111010101101010011000001100101001
001101011111011011110110000100110111100110110010001110011101
101100000100011011010100001011001011101110010110010100100011
100010100110010001000010010001110000101000010111000011110100
000011001101000111011001001100000000110111011110000000000110
101101111011000100111110100101011111000001110111010011101101
011111000001001101101010000111101001101101000110010011001100
000011001000101000111011010111111011101011111110101010011100
000100010001110001011010000011010110110010101111010010000000
001110100111100011110100011101111101011111001101100100111011
101101010111111100101000010011000001111000100000100010001110
010101100100001000111000111000110010110100101100011110010111
101011110110101111000100111000001111011000110100110100111111
001101000110101001001001011101000000011010011010001111001110
101111010110001111111100101001010011111000000000011001011110
111101110101001010011000101100111101111110000100111101000110
110011010000101100001100111000000001001111111001010110101101
110111010111011110001100000001111000010010011100000011000000
101111100100010110111000101000001010001110111111101011011000
001110010011010010100011110011100100001110101000000111110000
100011001010101010100001000111111100110100110010011011110000
001110110111111111011010111111010101111001000011101110110110
100011010000011101100110111100110011011101111011001001011001
100101110000001010101111000100100100110011011000010011111000
100110000110011001101011110100110000101000100001111000110100
000011100001010010110110110110100111110100101000000101000110
110101001010101110011011101101101101000101010011111100000101
011010011010000010100000101011001011111001001010100010010101
101101111110000101100000100100110100110101111111111011101101
001010010010100111111000101110101001001011010110110111110011
010001010011011010010110011010010001011001001100111110001100
010011001001100000100000001010000110101101001011111110110010
100110010010001101100000100101011010000010100011001001100000
011010100010010001011111100001101001001101110011110011000101
