011000100100110110100111101101010101110010100111111000101110
111101011110100110111111010001101000100101010000001100110001
101001001000001011100000000000101000010010010000111001001101
011100001001110001001111011001010000101101111110010101011000
111111010101101000011101101000110000100100101100101001100110
101001001011001010101101000011010110001000110110000011111010
111001001110011100111101100011101011000000001000001000010101
100100011111000011101010010101010011100001110001001111101001
010010011001101010100100111011010000100100111110000011110000
011100101001010011010111011011001111001001110001010101011101
111010010000000000101110000000010110101110010101010100110011
010000000100100001100100000111001011111110011111100010001110
101000111000101000010010001011110000011011011011100101010000
111100011100101001100111111100010000010111110001110010100010
000111010000011011101001100100010011111100011110011101100001
011010011111000010100010111100100010011001001100010110010000
101011010110010001101110110010010001001010101110100100110010
000110001101010111101011001111100000010101100000011011011010
101000011100001110001100110001001110010101010011111011101010
011111100010000011000011000010000110000110111100011011111111
101110100011111101000111011000111010100010001110000111000111
011110000100000001101000111111001011100111111100100100110111
010000001011001111101111010010101000001000101000011001100100
110110010010100011011001111001111111000010001011101010101111
001111111100101001001010000111001011111001000110110001000100
100100010101000100111110111010101001010100010101010010010101
000110001011100011011111111010010110111111100000000000001011
110000100111101010010100101111101100011101010011001100100100
010000001110110010000011000110000000110111100011101100001001
110100100100010100110010111010111010001111011001101011001011
010010000000001010110100110000110110101011101000001000111011
000011001101101110111101101110110000001101011100100110110101
111001011100111111110100010101101000000011101000100101011010
001110100111001100101011011001011001101110011000011100111110
011110001010011110100000100011010000111000101001010000010010
000000101011010011100010101000100010001011101011110000011011
001011001111001001101001010000111110110100111010111011111010
110011100100101101100010101010100111001101111111001101100100
011011001010000100111010001101101000001001001101101001010101
110101110011101101101010111110010100000111000001100000101100
