110100010100011010011100110111001000101100010001010100001100000011011110010011101100110011001100000110001110100000000100011100010110000010100110101100110101010010101100001010110011
110111110010011000111001011011001010101001110001001001000010001000001010101000101000000101000110110010000001011111101001010111001111111000111001111101110000011000001010111100111111
100111001101001010001101010100011110100001010011000110001111110110101100100011011100111111101000010000100011000000100110011110100100100000001010000001111001001001111101111000100010
001100100011100111001001101111110001000110010111110000101101101011010011011110011111001011010000110001110100100000011000001011110111001001010100100001001000010011001001011110010110
011111110001011110011000010010001101000000101001011110010110001011000001100011111001010110110000110100010101101001110110001011100001100011011011101001010001011100100010110110101100
011001010010110100111111011110101000000101001011101111010000111000000111110111001001110101100011100011111010111010100101011000011000011110100110011100000000011010101010010010101010
011000101011111010101110010101000011111000110110010011000110111000000011100011101101110101001100010110000000111100111101011100000010001110011111010000110110101100111010100011010001
111111100011101001010111110011111001100111110100011101100101100010101000110101101111110010100100110010011001011011100100111110110001111110000110110101100110110101110001100010100111
001011110001010000000110001011011110110111001110111100000100100000111111010001001010111101011111101110011110100111000100110111110111110001000010011001101011101100111111100101001100
001100000110001001000101111001100100111000010111111001010010100101100011111101110011100110100110111010001100111101010110001111001111110111001110101100000011010111111011000000010000
100100101110111110000101000100001100001100101000110001000111100010110100101001010000110111010011011011001100000101111001011111001000111000000011000111100001000010101010110100101111
110000001110111001001101011101100000011101010011111100101010000001000010101011001100011110010100011000000111000100000001111110111011010101000001100110111110010010111010001111101001
101011011100010011001001100001110010100100101010111111110100000011011011101010001100110110001101000100010010111101101011100000110111001011000100101011101011000010011101011010000110
010000000111111111111100101110010110100100011001101110111111110010100101011100011110101100011110110100000101100111101100100100001110000110011010000100110110110100011000001011100000
010011000000011011100001111111000000011100000110101111100001100001000110010010110101111001101100001001001100100001100100100001001111001010110100001101010001011011010010110001001100
010011101111111101000100000001000011101111111010101100001011001010011110001010000010111000001110010010101010011011110010001001110100011010100110011000010010101011111011011011101001
000011000101001110110110100101111010101110001101110000010001110101101001010100010011010011011000000110110011011110100100111110010101001110111000111010100101000101000100111011000100
101110001010001010011001001000001111110101000000100000010011110111011011101011010011010000100001100010000000100001010010110110100101001011000001011101110011100001100001000010110100
110011010000111010000101111000000010001000110011111011110111000011010101111100110001101001011101101101001101101100111000011111111110001001100101110000010101011101000110000010000110
000011011010010001001101000011000010011100000101111110110111101101101110010100010000010111001110111110110111100101111101011010100100110100001110000110000110000001010100110001000000
001010001110011001000111010100111100000101011000011100000011011001001100101110001001110010111011000110100011001011111101110010111011110100111011000111111101000101100000000011001110
011010011011011010101000011011001001000110010110100000110100011101111111111100100000000010000000110011000111001010111001011010001110110110010000000000110010001000000001111000010001
000001110011001110101101001100001100110111010110101111101100010111101001010001111100011000010100001011011101001111001110010000000111011101110100101110000000110000000010111010100011
011110000010110011000010101000100110000011101101010011111000010011100011101101010001100000100110001111000111001100011110011011001001001011111100011011010101011010100111001001011101
011011110100101100111101101001010111000111011110110001100000010011001100010100101100010011000000100101111111101011000000011110010111110001111100110001111100100111010010110101011111
011001100010010101100001001100010110101110110100010000101100110010111100110001000011001001000110011011101010011110001100111010100101101101111011010110010111101101000001001010001001
011111100111101111100000000011101100011101000011110100000100111111110001010110100110110011101101101001010110110101100100101010100011111100001001111101100000111001010000011101111100
011111110100001011000001110000101001010110011000110110111100000001011011001111001101010010010101101100011010001101011011100111101011110100111001111010110100010010000011100100110111
000000110001011000101000111110000110001011000100110011000010000100000101111111101111010000100000111100010101110100111011001010110111110111001001100010001110001101000010101111110000
000100110100110010010111011011110100111110010010000010010110110101011111011110010101110000001100111000010100010001010001011010011100101001111111100110000010000110001001110101011000
111000011010000100111011000001101001011110010100100000010010110000011010111011000100100110011111101110100010110001001111110101101011110000001110010110111000111000000100111010000001
101100101001010101011110001011110010001001101111111000001111100001100111101100000000000100010100011010011100011011110011010110010010001100110111001110111010010011010110111100111010
101101010110000111110000001110100010010101011100111100100010011111010100101101111001011110011000010111110000110100001110110010110110010011010101101010011010110100110110001011111111
011100011010110011101100010111010100110110010110001000000000010001111000000101111101000011000100000010000111001010000000110011000010100001111111001001010010011000100100000100110111
001100011110110101000001001000000011011100000111110001001011010000100101010101110101011111100011111101110000101111100111010001110010111111011101100000110110100010001100000011001111
110100011000011101000110000101100011110011010011001111011010000100010111101100010000101001111100011011011111000110011011001011110010111010000000111001110011000110011001111100011011
100010001111001010100101111101000101110000001101110110100111010000110100111111110010110111001001100000011000111100101000101100111001000001001000011110101001010100011101000010001110
101100100000110011010001011111010001010101000111000100110010100000010101110101100011000100001110100101100001011100111010110010010100001110101011101000001010100100001001001111011101
001111011111111011011010011101111101000010100100111010101011011110111101001111011001010110011010011011011011100000101001001110000100010010110001011101010110010000001110110100111101
001001111000101001110100001010110011000011111010000001000110011011100111111110110101111111101000001001001101011100011001011011100000000101100100010101011000101000011101111001011110
010110110100001111101001000110100100101111001111010000010001111111111001001010001100110110000011101011001010111011001000000001111111001100101010110010110000100010100000100011011000
111100111110101100010100011000001111111011111110010000101000100000111110101110101000000111010010011100010000001000001001011111011000100011101010001110010101100010001110110011110110
110010111100110100100110011100000000011001001000011110010010000110111110010010100001110001110000101000011000001111110011111111011100110110111101000101110011000010110100001111010011
010000100010000101000101101011000111000100011001101101011010111001111001011101111011010010001011101010111111011011001000011001001001100000011010100000111010001100110010111001011100
100010110000101000100010111011101110111011000101100001110011101001110111100111000111101010111011111110111111111100101010100110001110111000110100101001001000010010110010111000001011
101100101111100110011110111100011111100101010001111011011001111010111100010000100101000100010110001100111001111111101100010010001110010011110001001001000001101011001011010001010100
110001111000111101010111010010010011111001001100101100011100101011010000010111010101001010110110110011111000100011011100110010001000100010000011000110000010000011011010101011001000
110110000001001111100111110010100010011101000000001101111101011111011100100100101100110011100010001011111011110110011011011010100011110011101001110100011000001001101011010100101001
011011000001000110010010001100001100100111011000110000100011010111111101111110010010001010111110001000111100101001011100010010010000010010010111011011110111000100110110100100110010
001110001100101010011110001011000111100111010100100100101110101010111011011011100110010101110101010000000100010001111011110001101100001101100111100000001100010100110011001000101010
110011000000110010011100101101000011111001010010010110010001011000110111001010100111111000111110111100101100100100110101010101010010101010111000000110001100001000011101101100101110
111001100110100010101010010111011001101001011101000001111110100111111001000010011101001101110100101010110000111011110101001001110011110100100100010101100000100101111000001111001011
101011011000101111111011101011110010101101010000110110000000101010100011101100101101011100011000111000100110011100101001100011111010001111111000100010110101100100110000111010100111
111000100110010111000001110011010100101010101000100000100000111011101100100000001011110000000110101001101011001000101101111111011000010011001111001011101010101100011100010001010101
101111001011101001011111001101101011011100011101011001110001011100001111111101100001100111101001110011000100101010100010001010101001001010111001010100110100010100010110110010101010
000010110110010101111010111011100000110111111101111111111011110010110100000110100101111011001001000111011011111000000001101001111101001101100101011000000001111110110110111100111010
111100101101101100110111011000000110100101101010010110111010001101110000100001111011110111111000100110000111010011100100100001011010001111101001001001111111111111100100000001000111
000110010000100110001011011110001011001111111100011010010111100011101011100111100001000101001001000111011100110100011000101101101111100011011100111000101000101011110000100111101110
010011111010010101001000111111000100111011100011000000111101110001011010000101001001111110001010101111000000100010101001100101100001001110111101110110011101110110000111011100111000
000010000010111101100100001110011100000110101101010000010001110011011011011111111111011110000010111100010010001011001001001111000110001101111000011101000100011011110111010001110111
100011110011011100111011100010111111111010111110011111000101111101110111000010001111011000111011000000111101100010011111000101001000101110111001100110000000011011100110010000011000
100100010110001000100110011111111010001010100011110010010111001110110100110000011111100101000100111001100010111010111111001001110110001010111011111100000111010011011000001000001010
100100001011101001101110110010001010010001100100001011000010111100110101011001111010011101111111010100011001111001111101000110001001110011101000110000010000000011001111110101011001
001000010010000111101000110110010011000100100011000110110000101111110010110000010100110110101100100011101001011010111000010001111111110100100000011100010001010000101111100111110100
011101111101001001001111000000101110001010000100011111001111010000001100110000110100011011100001011110010101100010011001010110000101100010101010111101010000110111011110100100110110
010101001110011000100111000000111001001101110101101101000101010101011000111101111110100111011100000000111000001100010000100110110100011101001010110110000010011101010101100011010111
101000110111110100011011111001101001110100111001001100000000110110100000101100101011101011000001011010001010111110011000110110100011110100101011010000110010100100001111100101100111
011001001010000011110001110000111010000001010111011111011100000001111110010110111100111110000000000010010000101010011100010101111100100011101010000100000000100000000000010111001000
101110101001100110110110011101110110000010010100110110100111110011001101110000110111000101111010100111001101100101111111110101010001101111101111000010100000100010001000011110101001
000011111111110101101110000110010111001000001100010111000111000111000101111101001010111100010111010100110011110110011100111101001000011010011101010100110000101101001110011101011110
010000011011000100011001011100010101000100011111001011100101001101000001001100011110010010110000111101101110010101001100010110101100100010101001001111111110110111000100001001111100
110101101011110000010000011101000001000011100111000010101001101101110111001100100011010001101100010101001011000000010011100011100110000110011110101011010000001111101011100000011100
101000000000111110010011100000111111111011101100011100100010011011101011110110111101100000100011110011001000100101110001001000101100110101001110011100111100010110111110101101111100
100011010011001101011100000111011101010101001110101001010111100110101101111110010110100001100011000000101011010010110100001110000011000110010000011010010011000100100100111010011010
111100101001001000110110001000111001110101001100110101010111001000011000001111011111010001001001000011110001001000011000111010011011111110000110010110011101110000000011000011000000
011100011100111111111001111101101010010010010000100110000111110101001010011101101100101100111110000110011011011111100110001101100000110100001110001100011010011010011111001011101010
001100011101101000100000011001010101111000000111101111011110101100111000101100110010100100011100010011111011001111101111001000101100001101101100101101111100100101111110101111111110
001010011110010000010110101010110011100110100011010111101110011110010110110110101110111101010000010011101111000100100011011011010011011110111111100101101010000101100100110000101101
101010011100001000110111101111100000111101111101000110100101011100110100111010110110101001100010111110110011010100001001000111111001000001010001001100100010100001000010000111101100
001101001001000011010111111010111100010110010011110100011110000000110001010100011100011101001111110111101001110010001011100100110101001010110100111100001101010001101101110101000011
110000000010101010011010010000001110100100110001110110101101001001111111110011101110100010011011001011011011101100100110101010010001110000100011011110101111001111001011110111110010
100111000111111000001010000111000010100001111101100100100111000101000100000001101001011111001011110101110010100101111110101111110110011000101010101010010010010000010000000111010100
010101011101000110010110100000100110100100100000000011000110000100111101101010000101010011100011010101011100100110001001010000001000010000100010101101100011001100110100101001100010
100001100100001101111001111000100101111010000100001100100110100101111101000001111010110111001101101110000110111000110000110000110000011011110011011110100001001111100101110100011110
101000011001111111011100110010100101011010101101101100111001111110101001101110000110100100011101100111101011010010000100001110010100100111100000010001100001001110011011001101011010
101111010101111000100001000010010111010010100011000010111110101011011110011100111111011011111011000010110110000000000011000100001100110010100000010110000111000011110111110001111000
001010001101001010100010110111100111110101110101110111001000010000010011100010010110001010100101010000010010001001101001101001001011100001000011010000011010011001110111101110110110
101100000000010001110000000100011011101111101110111000010001000110001001101001010111110011111010000011001011101011011101011001110010110101000000000001111001100000001110010000100101
100011111000001000000110100000010010000010011011000010011111100000101011100000010011000110110111001111101010000011001101111111011001101101101001011001111100111010010101001101010111
110111111011100001010010111100101000000010011100100010100000001101000000111100101110110001011011110010000111110100000000000111111001100101111000111101101000111001111111001101001011
110000110000111000100000001011011110101011001101111000000110100111011011010111011001100110010111000010000101010010101110101100011000000011111000111111011000100101111111110100001101
111000110111011110110111010100111101011110111100101110000000111101100101110111011000011000111001101111101011111101011101001110110110010110000101000011100101000100101010001000101100
111000101000001111000000001000111010101001100011110001001000111101000000010111011101000000011000110111111011100101101100001010010101000100000011001001000000011011100111010101110110
010010001111001101101100000111000110100110101100010010110110000011100010101000100101111110010000100110000000110011100110110000101011110010010001000101111011010000100000101100111101
111001001100101010001101111111010001010111011000010101001010010101111000100100000111000100011111010100110111001010101011100111001000111011011001000100101001010110010011011001011011
111001111111111110011111011010110000111100100101011000101011011001010011101101010001011011101010101100001011111100111110100111111000000000110011001010110111000101001011000010000011
101111011101010110111110011000001100110011101000010001000101100101110101001101100010011100101111010100001100010000010000101011000100100001010101010010010111111011100110001101000011
000011010101001000111101011111000101011111101011100111010101001000111000011000011110001111010110101001100100110110001111000010110100011010000011010011010001110010001011101011001000
110010110101011011110110101111000100000001001010100110010000011011111001000001011010101011111100000110010011100011001111000010011010000011111001100101110110101110000100111001100111
000000101101111101011111000100100010111010000100010000011101000111011100100100000000010101001000010011100001001100010100000001101010101000000110111100011010010000000110101110111001
