110011110011011110011011000101011010011000100010111101000010
101011101100100111001010100100111111101010111100011010110000
000011001000110000011100010011101100111010011111000010011110
010101101111010100111111011001100111011100100010110011000110
011111100010111011100100101100111110000101111100110111001111
011100011011001000111001111000101100011010100011000010000011
101100100110010110010011111111110100011100001101100100110111
001101111001110100110111001100111101111111011101101000111011
101000001111010011100011011010101011101001001100100000110101
111001000011111001010010011110110011000010100111110111111111
011111110011110000110101110101010011101100101010110001001100
001011111011101101110111101101001101111100111000101111110001
101011000110101100101100110010010110100000101011010101110111
011100111101011001001011100010000001110110100100111011111000
001111001001000101011011011111100000110100011111000110101011
010101000111011011000111110101110111011000000110100111111010
101001110101110011000000011010110000110100000011010100001010
010111001111110001011100101001111111111000110110010000110000
111111000011100010000110100111101101111011110011001110010010
001000001110110010010111111101011100110011101001010001100000
010000100101100110110000100010000011110101101101110111010101
101110101110001110010101100001101000101110011101000100100100
001110001011000100000011010110101011010101000000000001011000
101011010111111111010000100010100100001011110001100001000110
111111000000010010101111110011111100001000110010101110000011
111001101011101100001100111101100101000111101011011011110011
001001101111011111000101101100010101000100110001000101101010
101100110001111011101001101000001010010100011011000100011001
110100001000000100100110001111001110101110010110011100000010
000011001101011110110000011000001011110100000110001111110000
001000001011000001100110000110000101011010011100111000000110
001000010000100010100110101001001001111011110100111010010110
000011110011100010010011011110001110101000111100100111110001
101101001000010100000111111101101101100110000101111111001111
100111110011010101101010000110011011000010000100111001010011
100101010110001011001001111001111010000100111100001100010100
111001111000011110101010111100001101111101001000111010001101
110100000011011101011111110000111001010011100011010000110100
110010000000010110011001000010001100000010000100011100001000
100000010110101110000111110010000101001101100101010110110101
