100100110011110001111010100001100011110101110110101111111100
101100111001111011110111010011001010101100010011111011010000
010100010000011100100100001101111011110001111000111111011001
000111011110001001110010011011010111100011110100110111110001
010100000111101011001110000100111001010010100000010011111110
001101010110000011001100110100111101000001111101100101110100
010101011010100110000011111011011110000111010111010001001110
000110001101111100100110011111000100010001011111011011111011
001011000110100110111011011010111001001010010110010011011100
100011000111110110010010111011011101110010111001001100011111
111000000111010000110110111001010101000111001001000010010011
100000011000100100011001101010001100100100000111001010000001
010101111000011110111011111000111000111110011011101101010110
001100111100111000101110111000111111011010101011111000111011
001001000000000101100010001110101111100110110100010001101111
100000001001110010100101011010110010001100110110011001010001
001111110110100001001000110000101011011000111110011111100010
100111110000000111001100110000101110000111000111101000101111
010011100001110101100000100011110000000011100010101000011101
111010010011111101110110010001100000001100011111010001000110
111110100011100010111110111001011000100100000001011001011011
110001100011100100110000011111100011100101011101101100101110
100110110000000001101111000000000010010111010100011000110111
000111110111001010111101100001110010011011011101011010000111
110011110011100110110000111110010111011000000000101000101000
001111100011101111110101000110110100101001100000010100010010
110101011000100010100000010100110111011011111100110011101101
100000010101101100000011000101011110100111101001111100010111
110101010001110111101011010111000000100101000110101010010010
011111111001110000011101011000001111110101000101001001100011
010011101111000101100010011000010100001000101101110101000011
000101001110010110000001010110000111100000001000111001110111
111011011100100001000101111010110110010001111001101001010110
101101000011010011000001101100010000010101001001001000010111
000011001111011100101001011000000001101101001101000011010101
010111100101011001100011101011101001100010001001100101011001
111110010001011000000100110001111110011001010110110000110000
111000111111100010010111000011011110010101111100001100100110
111011110101110010100100111001011101111011001110101101011001
100101110010000001111011000100011010011100000110010110011110
