100011100100100101010101110011010100010111011000010010110000
000100011101011111101010111011111001110001110110101010110010
110100011100101000101001011101110110101100011000010001101101
110000111010101000111111101100101111101111010010101011100110
101110011010011110010100101111011110000111011011011110100010
111011011011110011000001010111010010001100011110110111111000
111111100100000100100101100100011101111111010111101011001101
111011000110011101100100101110101011100111110101001110000111
010101011110001001100010001011010000100001011110100110100011
110101111111000100100110101110011101100101001000000011110101
101100000110010101111101110001100010000001000100001111100100
100110011101100101000001001010110011111100110110111110110010
100110000010100100011101110110111100000101010101101111101010
111111100100001100101101101100101011011001000101001110101000
001010000110110011101011111011111100110000010010011011000000
001101011000010110110101010100000011110101110011011010011001
111010100110111011010001110011000110111011000101010110010011
110110000001001110111011010010010100100000100000010111110110
100011001111000011000111000011000100001011010000101010110101
001001100010000110110110100000000111000010000110000100101100
101010100101110011010000100111110011010000110100111011111010
100100000011010110000110001110000010011111000011100110110011
000011010000110111100010101100101100111110110000011010101001
101110110111001000110110000100100001000001000100100000010100
101001111000101111110001011011010110001111010110011001001110
001110101100101100111110000111001101010110101110001010000000
001101100101100111111101111001001100101101010101011011010110
000010011011001110100001000100101111101001111000010010100101
010101110101000010000011110100010000100010100011000011101000
110000011011101001101010110110011000101001111000100111011111
100001011011111110111111110110111010110100100000110101011000
100110111101111000100010011100010111010110010011010110100000
100100101011110011110000011001110110101101000100100110100011
011010001110001100001110110000111111000100011011101000111110
101000001010000011011011000000101101010110000011000000110010
111000111001010100100100101101101001101101000100011010110000
111101111011010101110010100001001111110011001011011110001111
110001011110001011010111000001010000110000011000001000000010
000000100110010110100100111111000101111110100010010011001010
010100111111111110010010001010010110011011011000111111010110
