100001111001001011101010111010010101001100101110011001011010
110110110001001011101001011011100100011111100110011010001011
111001100111110011110001000111111000000010110000001001011111
100110011101101100011010100111111000110011000101010010000000
100011110010100111010000101101001110100000100001000100100000
010000100011000110000001001111101000101101110110001101010111
111000111010000110100000100000011010010100100001110110011101
001011011100011110010000100000101010100001100111001110110110
010011011101000110101111011010001000001011010001010110011110
100010110111001010100010110011001110111101100111011111100110
111111100011011101100001111010101011110111011010011010011100
011010110000011100000001011110001000110011011111110000010000
101000101101110101100000010011110001001001010000011001000000
000101001110010011011011000100011111100111100101100010111111
101001110100100101101110010001111011111010110111100110000111
110011001101000111111111001010010010010100000111001000111111
010111000010010001111110011110010111001011001000100000011010
010101100110010100001011110010000110011101110100000011001110
011001001101001001100000111101010101101111000001011011111000
101010001101100001010100100111011000110101100011000001110010
111101110001111000101000101111100110010101111011000111011001
000100100011010100111010011101000011000110000101111111011000
001001000111010011010010100110001111111001000010110010101001
100001101101001000001111010001110111010101100100100110101111
111111010100111101101011111101110010011110110100010000100100
001011010100111011100110001110111101001001011001111100011110
001111111111100001110000001100010100001000100110001011101011
100001011010000101110010011000011000011000010111001011010111
001101110010011110001000101000011101101100001000100000111010
101101010100011010011000111110011000101100010100111111110001
101011111101110101100001100110011011010110100010011010100110
111111000101000110100101011001010011101111000001001011001010
101011001011011011101110100110111001011001000000111111010110
010011010001101001001001100000100010111100111101011001001001
100100101001000011110000011000011111110010110001010011111011
110100000100110100000001000110011100001001001001001001100110
001111010101001001011100111011111101111011001111000010110010
001000001101101011110110001010110110110011010110000110100111
110011010010001110100000010101000100100011011001101001001101
101111101110001101010011000101011011100101110000100101000011
