110110101001001001000011000010010110100010000011100000100100
010001010000000010100111010000100010100000001010001110011101
011110100011100110110011001000110101110100010100001101110101
001111011110011110000010100101100010010001110110010110100110
101110001101011010110101010011100110000111001010011001000100
101101100000100011010000101100000001110000111101111011001110
010101000011000010011011110100001010101100110000101000011101
011011000010001000101011001010010011111000100101111110101001
000111011011100011111010111110000100111101000101011101100110
001000100011110111110110001110001111000100110001011111010010
111010110000100001110111100001111100011001100111000001011111
001011111110001100110010101011000000001011111001101100000001
001101100100110101011000001111010100001101100101001011101101
110110010111010100100000010110010000100101111000100111010000
000110110010001011010111011010010111000110111001000100111011
100010000110001011100001000101000011110101011011110000111111
100110111100100100011011001111010110011110011010000010001100
101101001001111000000101110100000011110101100101000100101011
001000011011001101100001010001101111000100011111000110001010
101111000011100110111100000111101100100000001000110011100011
000001001011001011011101010101001010110100100100100011110000
000000011001011101001111000011011111110101101100001110010011
001111001111111110111101101011110000110010101000100110000110
101011001101001111010000101111111100000110100110011100110100
110101100100010001100011000000001001000110101111100101111111
001001010000101100111011100010111000110101101101001101010011
100111010001101000110100011100010011000011001011010111000101
101111001110001111111111001111111000011110000111100010011101
000111100001010111101000011100110001000111100111100101011011
010100111011000100001101110111001001001101001000111010010110
110010011111110110110101111100110101001110011111100001000110
011000110100101001000100110001100100001011001000011110011111
000010111100110000111101111011101011101110101000001011100101
011000011111101011001111111011010011101100010110110000101111
010000011001000101110000101010000010111000101101101101101011
100000101001001010010110010001010000011010100000000110101011
101001101001101111100001101100101010010011010100001101001001
000110110110001010101001101111011111111000110100111111000101
000110101111000011011101101001111110101110101100001001010110
101001110101101011011110101100111001000110010010011001011101
