110110111110101011010001000001000001110001011011110001110001
001110001111001010000100001111011001100111111111111011011000
100100010010111000111000010101111011000110010110110000011010
010110100001101011101000100101011010110111111110010010110100
011110111101000111101101011011111011010101010001111111010000
111000101111010101101010001000110000101011000000101111011001
010111011101111010100001110101111100011111010000001101011010
010111100101001101101011001100000110101111011011111001001111
100111010000110111000111000101101111011011110011111011110010
000001101001110110011010010010110100000011101001000100001001
100010101000001001110101000010011100001111011001001110010110
111011110001101001011000100101011010001001111111010000001010
100010001111101000000111011000011100100010110111001100100111
111110110001111000011001110101111010100110000110110011011100
110000000011110000001001111000100001101010000011001000101111
011010001111111000100001101111010000101111000000100100111001
110111010100100001010000111011111010100011111010101010100001
011000010111111100000010101100010001101010101010101111111101
011101010001011100001010000110011101110010110011100010011101
110000110010000011101011001011000100000110001100101111001110
011011100001101001111000111111010110110011010110101001100111
000110110100000100111111010001001101100100101000100100011110
010111001001100010110110111011011100111111000111111001111000
110011101111011001001110011110110011001100100011000010000110
011100001001000110010100001001110010110100001101011000000010
100111010001000111101000010001001111101101101000000011010010
100000000110101000000111101001011001011011000000001111110011
000111000101000100111111010001011111111111010000000111100100
101010001110011000111101111101111110010000010011110010000000
111101001000001001100100101110110011111000001101001101000101
000100101000000010110010111000100111011100110100100100011001
101001000110101111010101111010010011000000110011010111011101
100111010000000100001000010101010011000001110010100111100111
011010101101010110101101001101101100011011010001011001011110
101011010011110011101110010011101001001011011111110111001001
001011010010111101111011010101111000101110101110010011001000
101100110101111101000100011000011100111111001010010001111011
101010001111011101110010110110101010000101011001101010110010
011101011010001111100110010110100100001111000101011100100110
000110100000000011100001010100010010110100000111001001000000
