000001111101111001010001100011101101111100110011111111011010
100110000111100111100011101001000011100100011010000001011001
000010101001011001100110000011000011100110000111010011001010
110101010110100000111011011110010000101101110011011100100011
101011111110111111110100010011000001010110101001000010001101
110000111010001110001111111101100101101111000101101000010111
100010110110000100100000111100111010111100011100100000001000
111100011101011111000110001110100011010110010110011100111101
100010100010011111111000011111110101001111100011000110011100
010010101110011010010010110011101110001010111111000000101010
001011010111010100011101011100101001011111001010010011011001
010011100101000101110110001011011110100010010101011001100111
100010001010010100010011101101001101101010011100001010001010
110100101011000000100010001100011011000001110001100101010011
010100001010010100011100100001100011000011001001010111000000
000011101000101010111000011110101011110011110100100011011101
000010101111110011011000100111110101010101001010010111010101
110001101100011110011000010101010101011011110110110111011100
111101111000010101111010011111011000011111110101011100100111
011000000001010000100101001110000011000000100010101011101011
100001100011000111001101111010110001100010010110010000101001
001001101001011101111001000111010101111110100001101001000010
111001101100101000101000111011011010011101110110010110110000
000010111111000011001100111011100101000111001001101000011011
010111110011000111001011011111010101001011100011101011011011
000000010010110101001110000101110000000001010110101000011000
100110010101001000111100101011110011000001100011100100110111
011001010001110000111110001001000000100111110010101101001111
011001100111010111111100110110110110000000110001011001101000
001010101000101110101101111100011001110101101101100110100011
010000100011100100111011101000000011110100100100101001000100
100011000100010110111000101000111101101111001000010001001001
011101010011110010101110011111010000000010010100000010110001
010110100101111100001111000100000011110010011001101010101011
100011001100000111010000001001111100001001100101111011100010
110100110111011110100110001001011110110000111110001111110111
110011011001011100101100100001001110001011010010011011110110
011100100000101010011011011101000000100111010100011100101010
110111110001000111111001000111111010111010000110111111011010
111011111000110000111100011111001100000110011010111010000111
