100110001101000101001110101100001010100101110001010000110010
011100111011101000011100010100010110110110110011100110110000
010100110110011010101000111111100000100111100000101011100101
100011111101110100110110011110110110011100110000101010111101
101000010100000100000000001101000111100010000010101111100101
110100111101001100111011110010100111000000001101100101010010
010011100000101010110011111011101101111111001001011110010110
001111111111111001100011101011111011111010100000101110101101
110010011011110011101000011110011011111010000010100010001011
001010101010001100010111110011000100101110010100110010010010
110101100010011101011011001111010100010100011111100110000101
011111001000101011110010101000110111110010001100000011101001
110100000000000100101100101110011100010001001101101011100100
011011101100111111000100100111000110010110001101101011010010
010111010111000110111111101101000100001011101101000000111110
110000101111010101010001110000110110100011101111101001111101
111101111000111100100010110111110101100100011001100101110000
100000001011010010001110011110100010001101001000100010111011
000100010110000111111001100011011011000111010110010111011010
000110010011110100001001001101011001011101000000101010000001
111001111111100001001101100101001000010100010111101100101111
111111101110000111001000001101100001101110010111111100001010
001100001110001010111100100001101111001011010011010011101100
001001110000100111000111110100111111011000111101001000101110
110101101100011001101000001111010000001000111101001111110000
010101101101010111000010101011000010010101001001001100000111
000110101001011111101101001110000000111010011010000110011000
101011001110011001110001101100001010010111010111101001110000
111001000000101011110001010111001101000011011101000100010000
111010110001010111010111010100110100111110111001010100010110
110001001111010010000110000001011001101000100001000101001010
001111110100001000010000011000011010000110001110101000111010
001011101000011010001110010001100101001110110100110000110010
010110011101001001011011111101001000101110010000100010000001
111101111010000101000000011000011111001000010101010110001101
000111011111010110011110111000110010010010111101000001110001
111011111111010011010001011001010111101111011100000000010110
100001111001100011011101100001001111010101100111111000001101
000001010100110000111000111111100111100011101010111110001010
111011000101011011111010100001000001101010001110011111101101
