111101101101101111100010111000110111100001101100011010101000
101110101010101010011010001000011101001011101100110001010111
110100010101000111000011011001000110011110111100010101010100
000111110110100111000101001111001110100101110010000010011001
001101111001111111000110101111101110101101011100001111110000
001100000011111011110010010101100001000011111000000110101011
101010101101101000011110101111010001111111011111011100111010
010001100100101110110101111001101110000011101100011010010101
010000101010000000000100011111111011110111011000110001101011
100110000110100011000001110100001000001100100010010011100110
011011000010100001100100100110010110100000100001101011110100
111100101011001111111111111110010011011011001011010110101100
101111100000001101001101011001010101011111111000111010111010
100110110101000001000111100100011101010011000000001100010010
001011011100111010101011100010001110100101000110100011101110
100111100001100010110000000110111000010001000111111010101110
100111000100101011110111001001100000010111111000011010111000
111101000111011000101001100000111110111011101000101011111110
111100000011011110010101110111000010000100110110100011101001
011111111000101110111100010001110100111100100110011011111100
111101110001101111101011101010000111111000000011111111101101
000100010000000000000110111011000100110001010000100001110110
000101000111010111010001110101100010001110110010100010011111
010010000100111100100110101110100010010001010000001110000011
010100100111011011001001111001111011011101110000011001011110
100111000001101110101111110101011111000101011110101001111100
001011110001011010101110110011001100111110010101110000001110
101110101001111000111011101000110110101011101001000101001110
101110001001101010110111101010011010000100000001111100011111
101100111000111100110010000101000100010101101101100101011101
011100010111010111010110101000001101001011000001111101101001
001110100111110011011111011101100101011110100110100101010011
011111101111110010000000110011010100111110010110010000011001
111101111010101011001000011010001010001101001000000100000000
100011100001101010101000111111101011100010011001101101110010
110001010000101010000110001111101001100010100100000101101101
100000001100101011111000000110000100011011011010001010001111
001101010110101100010010011111000000000001010010100101001111
101101111000001000111010100000100110001001101101011101011111
111100000101001100101000000101110011011101101010010100110011
