111000011001100011001011101100010001101100000100001010111111
110011111000001010000111111111101101000011001000011101100110
100111101110101011110000001011001100010000100000110100000110
001101110010110100001000000100000000001010010111100101100011
010010000001100100110001000001101010000000001000000001001010
110100001000000011000100111110001100000011110111000000011101
110010110101001100110011000010110010100000111011101111011101
000000001110101010011001001001010100000110111011010000010010
101111001100111101101010100111001000101100111000010001100011
000010000001000011010000001010101000111000100010111100011111
100100100011101111101101101001100010111101100010000011000001
011011110011011111101010110001101000110010101011111000010111
110100111001010111101011100010100111100011011010011111100100
110001000101100011010101001100101010110101010110011011001110
110110101110110110110100101100100111110001010011001000110001
111111000100011100001010101011001100011101001011010001011000
111001110101001001100010100011000111010001101010000011111000
010000101110011111100000010101111011101001100110110011111101
101011010011101010010100011001001001111101101010011110101100
000111000110100000101010010100010111010110111101010111000100
101001110100101011101100011101100110000000010010010101001011
110001011010000001000110011100111000111111011001101100010001
100100111101010111001101110110111111101110001010000011101001
100101000111100111011001000100001010101000001100100111110000
111101001100010110001010010011000101101101011101111001010100
111110000001001100101100101111010111001010001100000101001101
101101010001001010110111001100101001010100101110101100100001
100100100011011010011011111100111001010110110001000011011110
001101110001101011000100010111010001000011111000101000010010
010001011100000110010111010110100001001100111001101000010010
011010000111011110100101100110010001111010111101010000000010
011000010011010110011111100000011011110010010111111000001110
101100100011111000001000001101001110100111000011101011110111
010010100010110100010011000011101010011100100011100010110110
011000111100010011000011001010010000001110110010001111011111
110101000110010011101110001100011101110111100000111001000001
100111100101011001011001010000101110001001001101000010000111
011101011000000011001000111001111111100101110110101100110101
111100111100100110111110011010011100101101011110100111000011
000011101011010100011011100101110111101000000001001000001001
