100110010101000100101110100000010101000010011010101011000100
111001100000000000010011110010101110111101100101000110000110
100000011000101000100011011101001101001001010110010111110000
000111110100000000001110110100100100111010001011001111111001
001111010010111110001101110001011000011110110100100100000111
001011100101000011111110100000100001000101011011101110101110
011100010111100100000111111101111110010001010000110101001101
100110011000101100011100100111011100110011111011000000101101
101011111000011111110000011110000101001000010001000010010010
011100111000110111010111101101001010101101110111110010100000
110011101011111011101001001000111110100110101010000010100000
111101000101101010101101000000000111111101000000101001100100
111011000000001001000011101011101010011111110001000011101000
000000010110111011110010000000011101010000101101011011010101
011010101001011100010100010000010001010110001111011011000111
101101110111110101101000101011000100111010110100110000000011
100111010010101011000001000101111000110101011010001101111010
110111110100101010111010100101001001111001001001110101101011
010101100000011101001010001001010010101011101100011001001001
100110101110010111100001100101011000001110000001010011011110
111101000000100100001000110001110110011111000000011011101011
010001111111001010101111001000011110110001110100010001001111
000001010110100111000110000000101010011011010010000110111010
110100011100000000010000000011011101011001001100011101011011
100010110001000011111000110000000111110101001101110010010010
000000111011000011000000010110011000010001001011101110001010
011110111000111101110000000100000000010101110010110000101101
101111001101101010101100100110101000011100101101000111101111
001100001011110100000111001110111011011011000110011000011100
011110001100011110001100110011101111111100100111101001101011
110111010110010000101111011000001100110000111011100101000011
111000110111001011011110000100101000000010100100010100100100
101100101010111001001111011100001010111111010001010101001101
001110101001000101111111000100010100010110110110001010111101
101010101010111010001011000101100111110111010010111111011001
111100011010101110101111110100101011101101110101111100101001
110001000111011111011011110000110000011000000011000010010000
111100010110001010101101100010101000001110010111101111011011
000110101001011110110000000100000010111101010001111011011001
011101010110111111011111001000101110000110011111110011111100
