101010100110010101000011110010000011110110110001111001100010
001000101110001100010010101011011000110111100110110011010000
111101100000100111100001010000011000011001000001011100101010
010110011100101110111001010111010000000100011011001011011001
111100001110000001011100111010111100010110001100000101000011
011110101001111100101001000011100001111010010011100011100100
100100000100010100111000111010101101001101000101011101100111
101011100000000101011100011101011010001001010001101100011011
010101000111101001000100111000100111011000011001000100111001
101001000100101000010111010010001010100100001100110110100001
001100011001101010100111010101001100010000001100010011100010
110010011110110011100010111010100101001100000101000001011001
010000100000111101111110010000100001111101101110010011111111
011101001111010100000010011001010010110100001001000111010100
100011010001010010100101110100101101100100110100001101000101
101011101101110110111100100001111100001101110000001001000001
101100110011011110111010100011101010111001100111100011111000
111110010111111111010101110110111000111010001101101010001101
001101110101000100000010001101100000100111111100101010111100
011011001010011000110010111010010111001110101110010101111000
100111011011110011111100000011110110010101110101101010000000
111000000011110111111111110100100111011111110000011101011000
010001111001101000100110000001100100011011111010101001011101
110100101111000111000101010110101100101100001101000001111101
110010100110101000101011001110111110001100101110000000000001
111111101100010111010000110111010110111011101001011111011100
101100011011011011001001100100010001101100001010110010000110
000111011000101111011100101000100000000011110110100111011100
010101110010110110110010111011100011010011000010010010000110
110111111100100010100101110110000001101101101100110011101111
100010000010100110010100110011000000010101101010110101111101
010001001000111101110000011000111111000100110101100010001011
100010101111101010100111110011000111100011111011010101000101
110111100111110111000111011011001110111010011001111010010011
101000111110100011101001111001010110011000100010010000111011
110111110100101101101000010001000001101111101011000110111011
001111000100000100001001001000001011011110000101100000110011
111100010001111110000010110000111111000100110011010100000100
110011011000111110000110000101100111000010001110110010110110
001011101001101111011100100110000000010011001011000000111110
