001101110110110100100100011110111101100001000101001100011010
111011001011110101100011101111101010110100101100011111000110
011110000100111110100100010111100000011100100011001110010010
001100001010100001011000110000001110010001101001011101110010
010110001111011000111010011111100010001001101100101000001001
111110110110110011110101010011101010000100110011110101111011
111000110101001100000110010011100100000000111111111100110101
101011011001011111110001100001111000000000101000100000111010
011101010000100111011010001101011011101110101110111111100100
011000101011111010110010101100000010100111101010001101111000
011100101001000100100010111000111001011111001010111001010001
001010010011011011000100111001101100010110010000010010110101
110010101011101001100101011011100111000001000111010011011111
111100011010100011001011010111101110010110111000001001100100
010110000101001111010000110011101110000111101101110100010101
010011011101010111011101011110101111001001100010010111100101
100011011110001010011100010101000100111010010000100001110001
011111010101101111111000000100111010000101000011111011011110
011000111010111110000011011000010010111010001001100111110100
101100101010000101000101000110000010000000001011110001010000
010101110100101000111011001110111001100001100100001100101100
000010101100011111000101010000110110000000101100011011000111
000111001010101011111111001011110000110100111001111010100110
111111010110000110000010110110100000101101011101010011100000
100101001111111111001110010110110101110100111001101010000010
011011011001000001000001000100110111101011010100101011110111
101011110101111111010101111001010011011010100110001010101110
111001111111010110001000101001101011011110110011101000110111
000010101100111000001010010011111110101000011001010110110010
000001100101110100101011010000110011011011100010111000000100
100001001100101100000001111011011111110110000111100111011100
100000100011101101100110011100000011111110100010110100100000
111110000001100011010111101101000000101010110101111110000001
110000100011110011101111101111101010001010100101111111001001
110101001000001000110110001110101011110110010011001110111010
101111011100001011101101110101100111100110000001111111010101
101011100111111111101110001110110000101110010111001001110100
110010100110101111110111000101100011111010001100111100000100
000001011010001001101010001011101010100011000011100100101011
011110011001100100010110001001000101010101001000000010011110
