111101001100001011100011000000000111111110111100010010101111
001111110001001001101000111100111110010100101100010011001011
101011001001110010100101000010000010011010100100010111111110
101110110010001110011011001110010101001010010110110000111010
001100010000011001011100100111011000010011011000011001011000
010000000000000101101101010100100010111111011000010101001110
011110101010010000100101011100000000110011101011100000110110
000001111001011000010100101110110010000010011101100010111001
110001011110000101001100010111111110100001000110111010100111
001100000101001111001001001110101000010000011110010011000001
111110111100111110010100011100100001000101100000110100001100
111010010001101100011111000111100001101000010110000110101101
110011001001101100111101010010000100000010010010101000011101
111101011000000010110010101100111001110100011000111011001111
010110001010110010111101110011100100110101110110011000111011
111101010001010101111010100100010110001011101011100110000001
011110000001110001010010100001010001100011111100000110011011
110110110111100101010001011101010110010000010110100110101110
100001110110100011001111111101000101011110001110110101110001
011110100100111111101001010110010000111101100011011010000010
001000000000001011100011100100111011111100100011011111001011
100011011110100110000101111110011110000011110101100001111100
000101001111110011010101011101001000110011010010001010011101
001011000010110111100001000010101101010011110001011000100010
011001010000111101010000101110111110100010110000101101001101
111010010001000110100000001001100111001010010101010010011011
110001111110010001010101100010100101011100101101000110110010
000111000110011110001110010011011110100000110110111011011011
010000110000010000101011000010111000011010000011011010011100
001100100011101001001110000110111100101001100101100001101000
111000111110000000011110101011111110011001100110101111010001
000100111101111001000011011110011111000100101011101100001101
101110110000011111100101110000011001010111010111110100111000
001111000100011111001101111111110111011011100010000100001011
011111100000110111000100100111101110111010000110111110111110
100011011101111001111110010011101001101001010000011010110001
101010010001101100001111100010010001110001001110100101100001
111101111000111010001110001100000011111011111001010111110010
011010001111101010111111111110111001001000111010101000101010
100001010100110111100111110101000000100101010101101110010101
