111111111000000011100000010001111010001010110001011000011001
000001111101011111000011011011000110001000000110011110000101
111111010111011111000100011101100011100000100111011000111010
001110111100001111001000011001111010001111001000011100010111
001000100100101111000111100010111000110111101111100111010000
111111011110010110101100010101110101001001110001011101010111
100010100111100100001011101010100010010000011001101010011011
000001101001101100011001011100001001010001111101111001111001
000011001001101010011001000001101000010101010011101011000100
001011101000001101011000011110101001000000110000110000011100
100100110010101000111111101110011101110001011101011001111101
000100100110100000000101011111100110011101000111011011011100
101100011101000101011000010110010011011011111111110101011011
101110010010101001010011000000111000101101100100101101101101
111011110101111001000001110100011110110000000111000111011011
100110001111100011001010001111001110010001011111110110101010
001000011100111011100110110011011110001001010100110010011000
100111101001100000110001110010101000110111100111010101010011
101001100001000100001101111011110001010100001100011110101111
101000001000110111101001010111010000100001100110110100011000
110111110011111100011001101110111000110100101111100011111010
011000001011101011110111111000011101110110110110011101001101
010000010110001100001010001110000101100110011111111000111111
100110000111110010001111111100101101111111100110011100110101
110010010011100000110001011010101010010010000110000101101011
010010011101101001101011111110111000001100000110101010010111
001101011111000010101001100010011111111111100101111000011011
000001001101010000001000111010101101110011110001111100101001
101111100010100010111000111010100100011000001000000101001001
101110101101000000100100110111100001111010101000011100100111
011011111101101110011000000100101101101101000111011011100101
101011010000011101000100111101010110010010001111110001010111
111011110101100011011010110100100110011110101001111111100000
111011011001101010110110010110010100110101010100101011101001
101100011001100100110100111001000100100000111100110111010101
011010100000011100100100110011111101001000110100011110000110
100000011010010110010011111011100101100001110111010110000011
111100100110001111110001000001110000110111100110010110110110
101000011000101000000100111001010111000011101110010111010000
001000110100000101101110000000011111011101001010011111010101
