010110011110100011000110011001001111011111111101111000001001
110001110010111010110101010110011011110001101000011101101001
010011010000001100101010011111010010010100110010111100111100
101110011010000010111100011100000000000101101010111100000011
001001100110101000001111110010101100100001010011100101110010
011001000101101111110001001000010111111111110010100100111011
111000101000101011001011011100100000101101000101000111001100
111111110010101000111000111000110010011100111101000011000001
001010101000101011110100010010010111110101101001100000000101
111101111001111010110100110011111110011100000001001010101101
100110111101000111101001011001000101011011100101001101010110
110100011111110011011011011101010100110011101001111110110110
101010010011110001111000101010001010101000011010100011101110
000110110100101001111000011110011001111011010011111100100000
000000010110100101101010101000110101011101001111100001011100
110001010100111000111010100000001011110001000011000110000011
101011001000101101000000110010010011011001111100110010110000
100110110111101111110100010111101110101101111110110100011110
001010001111001101110100010110101111100111101000000010011001
010111000000101101011111000100010100001001011101010011000010
100110000011001110000010001101111111001011011101101110110111
000000000000011010011000101010101011111000101110000101000111
111001010010001101111101001110101010110101010110110110111110
001001010101100000100100100001100101101111110100011000110010
101110010011000101100101010000100110000100000001001001111100
010100101010010000111101110001100011111010101111101110101011
110111100110001001110111000001100100101001100100110110101110
010010011011001100111100110000000111000011010101000011101001
001100011000111111111100101000110111010110011100010011111100
111110101100100001000010000001101001110001111000101010011001
111101110100010110000000100100100000011110011110011000111101
011000110011011111101001100101010100100101010100010010010110
000111010100111100100110000110010101010010111100111110000001
101111010011101000101010000110110000100101110010110110111100
001000010001011111000011111110010011100100110011011110110000
101010101110001001011001010000100010010101011001001010110111
110001010000011101000001110100101000101011101101000100011011
110011000101011110100111001101001101111001100011000111011101
111010011010010010011110010101101111010000110110111100101010
101111101001101110101010100011010110011111000010111000010100
