110101000111011001011001110100110011010101100000100001001110
100010001001101101001001000111010011001111100110110110011111
101111111000011010110000000001011110000101111100011110100011
011000101000011011110110010101010001101001110001110001011010
101111010010100010011001110110011100110111000101100100001000
110011010101101101011111011100100101000111110000000011011010
011001110000100010110111111010011111100110000000001011101111
001110011001010110101001111100000111110011101111000110000110
100010111001111011000010111010101111110000011111001000101000
100110111011010011010001011010011100001011110001000100000000
011011100000101101001000000110101011001010010110001110110111
001101110010001111010111101110001000010110100010001010001110
100111011100110000111100100001011000011101001110000101101000
000111100010010010111011010011001111000001011000011011100101
001001101101100010111100001001000000100011110100011001010000
011101111100110011011100001111011110110111111110001110111111
010000000001010100101001010010111110000000000011001110011010
010111010000111010101010100101010111011000010100100001000101
110101100001010100011111110110000110011010001100000011101111
100001001011000100011010101101001101001100011011111001000110
000000011001111101001011011000111110110111110001001100110001
000000101010100111011010101000101100010001000010010110101100
101110111101000011010001110110011010001010010010010110010011
110100011100000010010100010110101010001000100000010000001010
110101110110110010110110011001110001100100000111111011010001
110010010011111010010010010110000111011000100000101101101010
111101100000011000010000010010000111111111101010000000000110
111001100000010111100011110111000011100101000100011100010110
100111101000101010111100011011101110110101101111000100111011
010010011001110100111110111100010100001011010101111100011101
101110110110100011011111111101101000110110111011011000110100
101100001111001101010010100110110110101100011101011010011000
100011111110011011111010011011101110111011010100000100101011
010100101000011101111110111011111001010100001110110110100111
101100010010001110001110001010000011010100011100101010011011
111110010010111100100001100100011100110010100011101100011001
000100011000110110111110000110001001010101111100110100010111
110001001011001010010010011000100010010011110101001010001010
111111100001110010010101110000101010011000100111101000101001
011011100111111010010110000000011110111011101011010100001110
