010011011011010011011111101011001010001010011110011110011001
101100011010110100110100010100101100110000000001001001110101
100010010010010011111101101011001011110100101010111010110111
101111010000000111001001111000100011001100010010011100001011
000000100100111001110001100110001111000101100011101000001000
101100110000001011001000001101001001110011011011000110000110
111111000001100000010100111011101011011111001101010000110110
001111000001010010100110000010110101011000000100000001111111
010101011001110011110000001111010110110100011110101101001011
011010000000111110001001011111011010010000100011101000100110
100001000000011110011100111100011000011011010100011001100011
110000101001101000000011001101110010100010010011011001110010
000101110010100000100000110100010010110100011010100001011000
100100001000001111000111110011111111000101111111000010111000
001101010010001111100101001000110101010000110110001100101011
100100001110011111100001101011000111000111010011000010001000
101010101100010000011011110000101101110010010110010111101111
100110010011000010000011111001100000111110101111011001001110
110100000010001110101001111110011111010100001010011111111101
000011110000101100000101001000000001110000010101111001010110
010011100011011101101110100110100100011010100000000111000001
010010111011101010001000111011001101111010011111001010011011
110010001111101110001111100000001110100010100110001110000010
101101001100111100111000010101011011110111111101000100010011
000110111010100110111010100101010111111000111000010010111001
010100011111010011010011011101001000111100110001110011011000
100100011000001001111101001011101100010111001000000100000111
101100011110110010111010110011110011000001011011011011001000
011011111110101100011001110101110101000011011100011100011100
101011000100001111011110110000110011111000100100110101001111
001000010110101011011010011110111011101101100110110101011000
111101101000100000110110110001101010110000001010001111111010
001010111111011100110100000100010000010100011011101101011110
001100011110100001111001000111111110101011100110001111011101
000011111000100011110111011010001000101010111001001110100000
010001110001111010001100101101010110111100100110000100000110
011010100001000000011101010100111110101110001110100100000111
110111111100010111101000101111110001101001101110101101100001
101011000010011111011001110101101000011010110011100101101100
001000111011110100110100111110110011000000110110100000001010
