110100111001101001101011111101100001000000110110010000000010
101010000000110100111110010111110101011011010001110011010000
011110011111010010111010110001110010011111000101010011000010
011010110000111001000100011000010011011111010101100001001110
011110100000001111101000000110100011011101101010001101111000
110011010001111110110101100000011111100000100001101011010001
110000000010111000100011111010000110111101110101110010011000
110011010010010011000110001010111100000010110001111111000110
010100101010001100111101000000101100100001010111010111000010
010010110000101101011000111000001011111111101000010100101110
011010110111111001100101011010101101010101101010100011001010
000101001000011011111100110001001001110100100000011010011010
111000000000100111111001011010110100101000001011000110010000
011100011110000010110000101010101100101000011110011110001100
011011111100111001110100101000001001010101000010100110000000
100010000010100100100011011001000100001011011111111100110101
101110101000111010011010101010000111011010100110010010100100
110100011111111111101010110000000111000101001110011110000110
010010101100101100111110001001000100010110000010101100110110
100110100000010001011010101101001100110011110111110011001101
001101100101001111111111010000011001000100111101011000110000
111010111110011110000101001010100011101101011110011111000111
101111011111110000010100010101001010101011110111111010111010
101001110100000001001101001001100111011101011101100010011110
011010010111101010001000001101001100110011000001011001001111
101001010110111001100001010010101000000001000111100111010100
101010100000001111000101100001010100001001110100011100111111
111001000000010111010011011100000100011111001001110011001100
000100100100100001110001000000100011001011111110110011010110
000000100001010011001001101001001010101000111110000100111011
110001000111111011011000101100000001001000101111010111101010
000000010110010101010101001110111010111110010111110001100100
011111110110100111001110001001000110001001101000001011011110
110111110001011100110010001010110000010011111110101001011110
001000001001011100101011101111001000000111100110100000010110
001001011001111100111101101111100111100000100010011101011000
100001100010000001110000111011100011000000011101011101010011
010110000101101100010110111100010011111001010100000100100010
100100111000010100001011110100100011110100000011001001111010
100110100000101111010011110101111101110010101110101111001110
