010001011001011000111000010001010001100000000011000010100111
010001010111111011001001000111011000110000100111111110000110
101111001101011101001110000111110011101001010110011101010011
111100000100010101111110100010111111001101101001001000111000
001110010010110111001011110111110100001101010110000001111010
111000000010101010101110110101011000111101101100010000110010
101111000101110100111000111010010011100010001011010001010011
000010101101101011101010101100111011110111100110011111010011
100011011001100000001100000110101000110100110001110010010011
100011110101011010101010100011010001110010101010001010011101
001010001010110000000100010111101110100110111110001011000101
110101000000000111111000001101011101000011011010101111100101
010011001111111001110101000100010100101000100100010111111000
000001101010110011001011000100010010111110001011110010100100
110011010001010101001000011001101011101111100000001110100001
010000000110010110010001111100011111110010001110100111010010
001111101100011111100001100110011101110001101111000001110000
101001100110000001010010000110011000100101100001110000000010
101100000011001000010110111011010000100011110100001110101101
111111110101100110110000001000010100010010001110101101010110
110001110011000000110010100000111100101110001010100111111111
000000000001010101001011100100000001010010101010101000100011
101110110001000011101011100101001101110010010010000111000001
101000100110011110111011110101011110110101101001011001010010
110100110110011011111110001111101110011001110000001001011010
010001111100110101100110001010011100111011000111111100000110
000101000001001001110011110001101101100110010010101110101111
110101110111111011100000000010000111010111110100000100011101
001011001100110011101011010000100010100000101011000011010110
101011011001101110110110010101011100010001101100101110100011
001001110010000111010010000101101010110111101001111110001001
111100110000001101000010001011101111111000100100010100101100
010001100110010010000011100110000111011011011000011010000111
101010110010011010001100101111110000001001101011011110001110
111110111010101000111011100111000010111111111001100001000110
010101001110010000101101111111010111101101000111001011101011
011110011011010100000001010011111101111111110110000011000011
000110010001111001101100011011010000011101100000001100100100
010011010110100111110101110011010000101111101100101110110001
001101110010011001110101100000011011110001000001110001111111
