011110001100011001110100110110001000011101010001110001000111
000110101000001001001100001111101100011001100001001100110101
111001001010000100100010001110010010100011110010010110111000
011100000000110010101101111011110110100111010101001110111100
001000000111000000000000111001011000011111111011001111110110
101100000011010011111000101001010110001101111001100110001100
011000100010100101000000011011110111010101001000101111000101
011010011010101110011110100010000010000111101000100111001000
100010001010001000100001001100111001101111111000100111001001
001001101001101011101100100100111100101100000111000101100000
000011011010010110011010001001011111011010011110101111110101
101101010100101001110101111111001111001101110010000100011110
010000000100000101111010010100000111011100100100110001111101
010100100101011011110100111111010111010011011110001110000010
110000101010010110010110111000101011100001010100010110101100
100110010000101001001111001001101101111110010001001101001110
111010110100110011111101100100110111001011101000111000111111
101000010011100010000010110001111100011000110101000101110001
110101101010010010110011101011000010110100111110001010100000
011000011010000101101110111100001100110100010011011000100101
111100111110101010100010001010110100000110001100111100111101
100011110111001100000110100100101101110101000110011010101000
110100001000101011001111010000111110101000001101000111010000
001001000001011001100000101011010100111000000011101111110010
011110010001110000100101000111010111011111111101101100011110
000110110010000101000111110110001100110101001101001001001001
011000100110001111001110110111010101010011001100001001000110
010011011111000110001000101010011001000001100010110000001001
001000100010011101100001100010000110010110000001111000101100
100000101110110000001010010010010100110110110100011010101100
110111101111101101010011011010011101110000110111001001000011
001000110111010111100001010010110101100101101001100010000110
111111101001001011100101101101001010110101100101001000000010
001100101111011101010101010000011000110100100011001111000100
110101000010010011100001011010000101100111101111101111101110
010111101101100111011001110101110010000010100111100001100111
010000111101000110000001110111000000111010010111110111100000
111011010001111001010101110110010100110000100101000010111111
000000001010101111101110010011011110000011110001100100110011
101000100001101011101101001100111010110011001101011111000001
