001011001111100000110001000100110110001111010000001011110001
100101111010000101010001111111101100000001101111001110110111
111101001000100111101101001100001101111001110111111000001111
011111111000010111111011011100011110000000001001101100001111
001001001111101010010011000001100010000101000011001100000110
011001011001011001000100000000011111100011101101011100110001
110011101100101010000000010011011000011001111101001100101011
010101000101011100011101111001100110010011101100110111111011
101000110100111110011101001001111110001011111100110110100011
001010110110100000101001111101100100011001010001100011101110
000101110111001011000101101100100000001100111011001000101110
001101000000100010100001000011101010110111011111000110111000
011010101010111100001100001111010110000011000110110010100111
011000010100100111110100001000001111110111000101110001111010
100001110001000100000001000110010000110010111100101001100110
110101001100111010001010011011111001011100111000100001111111
000101000100010101000011110110111111001110011100011011110111
100111000111111111010101111000011110001001100111010100100110
000101011101000111101100001011101000110101110011101110101010
011110001101111001100111010010011101011111111110011011101011
100000100001111010011000000111110110111000111110110000011000
010101000110001000101001010111101000111010000100100100011111
010011111111001111000001000011111110111011001011001001101101
110101100100110001111101111111111001110010100011101100010001
110111000101110101111000001101100100111100001000001101010100
111110010001111110101001011111111110000100101110101001111000
000010100000001000110100011011010011001110101110000101101011
100001011000010100111000101010000011101001001001000000101110
101101111010001001111101111011001011110111100001000011001101
111111101110111001010001000101100111111100111101010011000111
100000001000101111011111010010000010100001100011100000101111
001011010000110000010010110111101011111110110000010100100101
011000010111100000110101101011101000110010010001010000001110
000111101101111101000001101011011101001011000000110101101100
001101001110000011101000010011000101001011000010100100100110
001101001101010011001010001000111101111000100011100001111010
111110000010100001001000011110101110110000100100100011011010
000111101110010110100110011101110100111010100010011100000101
111001111011100101000110110000100111001001010001101000110100
101011110000100000011000001000001101100110011110011010101110
