100010001011100110010010100110110000110001000000100111111101
000011010010101100010010110110101101110100010000100011111010
011011010111001000101000111100011101001111110010010001100111
100110010100110110110000101111100010101000010000101110001100
001000011110000101010100010100101011010011101000000010001011
000001011111111000010100100011011010001110001111010101100100
110101110100000011101101100101111110010110010011000011001110
010100001011000000110010100011000001100100111001000011101000
101011100100111101001101101100000010111011111110010110001010
100001011010100110001010101001010000101111001111111111000010
011001010000000011001101000001010000100101101011001100000011
101101100000000001100011011011111001101100000001100001101001
101101010000100011101110010000111101000011000100001000010011
111010101111100011101001110111010010010111111011100110101011
110000110010101111011010000011010101011110010110000111110101
110011111010001001100000010101100000000100101111010010011101
011001111001101011000110001011111100101111001100101110110010
001011100100111100000110101110110001001111001110101011101110
111110101011001001010001100110100011001111011011100001111010
111111101000101111100010010001011011111101100011110000000010
010001110111001110010011011010010101111010110001001011110110
010101110011001101110010010011111110010010001101011100000000
000101010000001001101111110110101001101100100110111000100000
001110011000111111110110001011110000001111110111111000001010
111100001111101011101101011100011100100010110011110110011001
101000011010100011000101101010111010101110001100101011101111
000101000000100000011100010110110101010110111001011111100000
100110010101001011011000111011110110101011011100011100001110
011011101101100101010101010011110000100000010110111010011000
011001111101010010101000000110110101110100111010111011010110
100000100111011001000001001110110111100010110110111101001000
000010011101011110010101000111010001111110100011101000011111
000010100101000010011011101000110111111010001011100001110010
001000010001000111110111101000100101010001110001110110101001
011110100000011000110110100001101110110000100110111011010100
010011001111111010000010100001110001010100101100101100101100
000100100101111101001101101100011101000101110001001011001100
011011110101110100010100010101000111010110100100011101000000
110100100011100100111101010101011100100011110100011000000110
001010100100000111001000010000001001110011100010011011011000
