111011011100101101011000110010000000010110001101101111100100
000001100010100110000100110110010011000010010100110011101011
100100101110111101101110001011111101011010111101111000001010
101100000001111100000011110010001010011010010001001101110011
101011001011100100100101101011001100000011110001001101101001
110010010001101110110101110100010111100000101000001001011111
110111001011111110110110110110001001101100011011001110111010
100111111101011101100001100000111100000000000011101100101100
010110001100101011010000000100001110101111010010100110000011
001100000110001010000101110110011111100110110011001001101001
111110100100001001111100101101100000100110101000010000110010
011001010101101101000000100000100011101001010001011101110011
011010110010010010110101101001010011110101110010100001001100
111111101110110100111010101100011110101011010110001011110001
000111110010101101010110101100100110000001011110100010010101
111011000111010101001011100111111000110001101001111111101011
110110110000001011101101101010010001100110101111000011011011
011000011111111001010101111010100000000010111100001010110000
100110001110000110010001010000010110011000001000101100100000
001011001011100100110110110110111101001001010001000000000010
001000101110111100010100010010001110010010100110010101111101
110111001101101101101100000001010001111100110111110000100010
001101101010100111100011010011100000001100000010010011101011
001110111010101010110001000100001111101001100111000101011010
001100111011010011111101001001100110011111000110000101000110
010010110001111110011000001001001010110010100111111100110011
011100011010110101010011110011010000100000111001101100001101
010010110010000011100000111010000001001010010011000000001000
000011111101110110011101100100110010000101011010110111110110
110000101111000111000000101010110010100001001010100001101110
011111101000100000110111111100001110000011110010111111010001
111000111101010011000001011000001000110111010101101111011010
101010111111110111010100000101101101101000101000110110001101
011011111100111110110100110011100111000101011001010110000001
100100001110000100100110100111101101110000010000111101010101
011111000010110110101110001100101100100000000001111100010010
010011001100111000100010100110000111100011111110100001000010
010001000000101111110111101011010000111001011001101100110001
101111111010010100001100001010000000001011110001010101011110
110001000000101001100001001101001000010100000100000011101011
