001111110100001110110010011011101001000000011100010011101010
001010000101011101111110010000101011000100000100010100111111
001010111101001000100000011110011001111100101100010111100010
111000000110111001100011110100111000010110011111010000000010
010100000110000011111111111101011011111100100110111100111010
000111010000010011010100001001100000000010111001011001011010
110000011011010010101111000001001000000011011010100101100101
000100111010101100100100001101010100010111001111001111101110
011111000001110011111011010011100001011110110001011010111000
100000110111110111011000000110010100000000100010101101010001
111101000111001111111111001111100110011001010000110010010111
010111001110110110010111101000010110000011111101001011000001
101111000001011010100010001000101100011101111110100010100010
000110100111011010100110101111100001000010001011101000110100
110111001100000001000011001100000010111101101101011110111111
101011110010100001101110110001111110010011111001100010101101
000110011110100000101001100000000101110111111101110100101101
001001101000001101101111000001101000101111000100101011100100
101111100010101100111001101101010110011010101000001010100100
100110001001101100010101110101110010100100010101010100000100
110110110001111010110001000101111111000110010001101010001010
001100000101010101100101100001101010101111110101110101011010
000001110001001001111101111110000101110100110000000110111001
010101001011101000111111010001010110111110110000101000100110
001000011000111000110101111100100100010010010110001011101100
000010001100001011110010011110011010110110111000100000001000
010000110000001011111101001011111011111110011101101101001110
011010001101110101101000111111111000110110011101010110010010
011101111000010111000111100100101001110111000011101101010101
000100000101101010011010100011000010100110111011010001011010
101111011111010001100011010001010001101010001011000000001000
001000101101100001110101010111001000110110101110101001111101
100110111010111000010010101111010111010101001011101111001111
100000101100101100001101110110101001111101111011101010011010
111101000110110000001010111001101000001011010100111110101110
001101011010001100010100001101110100101111100011010001001010
101100000101010100010010110101101000011010101001000101111110
111000011110001100011100100100011101001100100100110011010001
011010100101111000001010110111101011101101101000011010101100
101100101100111010100100000101101011100011110110111111000101
