010110101110100111100101010100011000001100010011011000011100
101011001010111100010010110100101001010100011000111010101101
000110101100001010100101000011010011100111100000111110000110
010100011010010010000011011111001001000100010000111100000100
011011001110001111011000110000110110101111000111011101101110
111010000100110011110010100101000110011000111100110001011001
000010001010101110010110101100110100111011010001001101011110
011010111000011111001011010000010010000111110111001000110110
110001000101001011100001000010001001110011110011000111011101
110110000010110010100010011100110000000010110000001110110010
011001100110101011001011100000010111001100110100110111010110
001101001110011011011011100101110000100000100000110110011100
000001011100001010110010010010001110011111010011010000110010
100011101011100010110011111101100110100110000100010101011100
100010011010100011010111001100011010110011110011010001011010
111000011001110110011101101010100110010111100111110101101100
111000110011010010110000101100100101000011110111100110111101
110101011110110101111010101001110010110111111001000101010110
010100000110111100100000100010011101001110100001010110111101
000101111010110111000001000110111111110010010000010011100011
111100100010111101110111010110011001011111100000110010001110
110010010111010111001101110111100110010000000000111000000100
011001110101011101001011000101101010101010001000011000101101
000110000110011101111000101110101110001010111101101111100100
100010100011011010100101010001010100001011000011000010010111
000110101110110010011111100110011100010010100101011101001110
011101000100001100101111000010100011110001001110100011101100
111010001101011000110110000011011101011101111101011011111111
101010111111111001100111110110001001111110110100101011011011
110011101111000010100111001111110010100011100010101001111011
010111110111101000100011111000000001010110001000111110011010
110001010010101110101000111111101110010101101000001111110100
100100100110000000000101011000000001111011010110011010010000
110111110100000111110101011101000000111110101011010010111100
010001100001101011000101011110000000110011001110111100111100
011101010100111101000001111101101010010010010010001001010001
110010010111000010100110011001110010101000110110000001010000
010011111000110110111110000110000000010001001011011101000011
000001101101111110010101011100110010101000000011110011010011
100001101010111000111111000001001101111110101010011101001111
