111001110101011011101010001111110100010011001100111111011000
101010001000110101101110111001001000101101001111010010101111
000101110111101110111101001011101000011000110001100000001011
110100001100000011011011000100010101010111000010111110101110
000100101110000000001110000011001000001111010100111010111010
111100111010100000110101011110100100011101001111011010010100
100000010111101011010000101111011110000111101000111010111011
110010110001000111001001011010111010110100011110011101001100
000000010011100100110011101101000010000100000010110000110110
101100000100110010111011111000111111011010000011001011110001
000011101110101100101011011110100001001101000011111111000001
100101010001000011111010111011101000100100111110101000001101
100010110100111001111000001011000011010011011001110101100110
110100001101110011101001100001111111010011100110011110000100
110110101101001110011010100100001000011100110011001010110010
010000000011101010101111111000101100101001101100100111011111
000110101110101100011110001011000100000100010110010000011011
100011101111100000001110001100010000011001000011101011110111
101110101110100011100000111101010101111110001111100000001011
111101011110100000001101000000111010100111000000010111101111
111100100101011000011000001011101111111111100110000101110100
111101000110011010010000001100111101001100011111101111100100
110011100110101101100110010101110111101101111110110011111000
010010100101101110110100101010110110011010100011011111111110
111001101110000001000111001000010010001100000001111011100011
001011110011101001110101111111100001011011110001001001110001
010101110010100111011001011001111011111100001010111000011000
100001001001000111011111001011011100011001010011010100000111
001111111001110110111100010000010010000011100111111111011100
101111011101000100011011010000101001011101110011110111011110
011101101010000110111000111010010011110101100111111110110001
101111010110110010010001010101111010010001101100111110110111
001100010011110000001101110101101110011100000101001100000001
110011100010011000111111011110010001001011010100001000001011
111111110000010000000101000111010111001000100010001110110010
001101010100001010111110101010010000011110100111111111011000
010001010011000011110111000101111010101100111100011111010100
110101111010101110001000100110000010000001110001001000100101
110011000110110010010110100100100010001011011101101001011101
001010010111101111101001010111001001101000110110101010100000
