111110000101011010111000100001110010111000100000010101001110
010001100000111111010110111001100000011101111001000011111011
010001101000001110001001100010011010101100000011100110010110
010010111000101100000010100100110101000001001010110010111100
100100100000000101010011001001010101010000111100111110010101
001100111111110110000100110111001110100101000110110001100010
101011010010110011000011001101100001100110000011111100000110
001011001100111011011110010111101001001011000110110000100000
110111011110011111011000101100010111101010101111100010111011
010011010000100100100111000011110010010110100011000110010011
001011110011111001101111011011101001011111101100011100010111
111100100011011111000011010101011101100111101100101000011000
111101010100010100011100001110101000111100000101101101000011
001101110011001001111001110011100110110101111011000011110000
000111000011101001011101010010001000110101100010000101001100
110010110010101100110010011100111110011110111100100000000010
001000110001010001010100001110000110010110011111101111011011
111010100000011001101011101001011000110101100000111000010000
011000101111011110100100011111101001010111101111010100001110
011000011011011000110111001101110000000101110001101111010110
011011011000000110101110000000001100111110011001011110010100
010111110011000101010111111101010010010010101111101011111110
011101110001101010100100010011100010001111100101011001100101
100110010000101010101001110110010101010100110111000100010111
110010110000110111010111101101000100000101000001110101011000
011010001110010101101010001011010101000100011011111010011110
001011001110010100111110100101110000000010111100101010010100
011110000000100110010011011111001010010111001001000111001100
110110011001101001110000001101100101111101111011000101100100
001011000100100010011000001101010101010010011010010101000000
010001110000111010001111011010101001100101111101101100011011
011111111010100110100111100110001000001000000011011000100011
110111101110100010110100101000011101011111001101010110000010
101100010100111110111100011001111110001100101001100010101110
001101001101000010011011011100111100011001000001100010010101
100000100010011110000111010011110001011011110011111111000000
010110010011110110000001011000000001110100100011011101001111
111100011100001100100000000101010101011110110010001111110001
011010101010111001010100010001001010100000000111100111011000
110110001010001010000100010110001101111011001100000101101111
