101100100100000000100100110001000110000010011101100000110010
111111011000000111000010110011111001111000001011111000110101
011001111001001000011100111101001110101011101000011111011110
111011001100111110010110100100110111011111111011101110001100
001011110011000101101111010100001001001010011011100000100011
011100000010101001000100110001011110100110000011100101100101
100111000110110011011010001001111011011011110001011001111110
001011000111000011011101011111111000101100001011110000111101
111010000010011111000110010000000101001000010100100010010000
010001011000001011011110110011001111100011111100000100010110
011010011100010101010100110001000011110101100001000000011001
111001000110111111011000111001110011100101011101011111010101
000101010010101000111101100111101100001011110010001000001000
000010111111011110100101111000010101011110010111101101101101
011111011010011011001101000110100100100011001010000111110100
110010000100101001000000111000000001001101100101101011100100
100100010110010010011000010110111101011101110111100011111010
000001110000111001101001001100110011001100111100101001010000
100010111001000011011011100011011010001011011101111110110111
000111101001100000010010101011000101010100101110100101101000
000000110010110110000111001010001100011001010100110111011110
011001101001100100111101010100100001111010011010111010100001
011000001100110111110010111101111100101110011011111010101001
010010111111111011111101011001011000011011101000110011010011
001101100101110000100001001001100111011010011010111101000010
110111111100111000011111110001110000000011001001100011110111
001111011011010100101101101100011010011110010000110010001001
100110001000111110100110001101101110000011100101001111110001
100111011101000010100011110110001011001010111010011110010011
110101101100100101011011101101101101101110001100001110101010
010011001000001010010101011101101000101000010100010101110111
001111011000010101000100111001110101100000010111001100001000
001111111010110000100100101101110010100011100010010111001010
010100101011000110011011111010000010000100010011111010100100
001000101101000000111110101101111111001100100100101111111011
111111011111111100110000100111010011001000100101011011001011
011110111100000100001000001100101010110100111011110011000001
101101001100001100110011101100101110001101101011000011010011
001101101001101001100101000010011001011000010000000001010110
101110111100001001001011110011111100101110100011101000110100
