101000000101110010111001110010101101001001111110111000111100
110101010100011011101010001010000000011011100100111111001000
000100001011000000011111000010000010010111011010111111000001
101011010111111111110110110100111110010001000110011011101100
111110110111011100101001101110000011100100101111001111001001
100110100101001010101111000111111110111011000001110101010001
011001110100011100000110101111011000011101010001101000001010
100001001010011010010000010001011010100001001001011101100010
011011111010101000011101000111000100010110101000011011111101
000111000110100110101111101000101001001100110011000000010000
101100001001010000110111100011000001101101110110000110111111
101011101010000101110100010010101010100010011111011100010001
111010000001111100110000010011110010001011110000110111010011
111110001110100110001101101000001101000100111110001101010110
001000000101111000101001110100010010010110000111000011110000
011010101100100101111000100010011010110100110011111011010100
011101101110111001011101101010000000010010000000001100001111
010100111001000100011001001110000001010011010100110000100001
010011011101100111110110001010111110111001111011010101000010
011101110001100101010110101000011100111011011111000001111110
010101011001000111101000001001101011001010000000100101001010
100101001111110110010101000101100111001000000000110100000000
011101111001000001010011001000010000001000100001011100100110
000101100110111101000111010111001100001101111100000100110111
100111011001001101000110100010101010101100010010000001101100
011100011111010100111011111001111010000010101010101001011000
111001000011111110110100001001111111001101010010000111000110
011001011101010001100010100100010100110010111000001011111110
101011011010011010011110100011110110101000010100111011001100
110100110000010101010101000110111000110001111010100110011100
100100110101110110110010001111000101000100111100110000001001
001111111100100100101111111000010100110101110100000101001001
001000111000101110111101010001001000001110001001101010000101
011101011110100100000111101111010110111111011010000001110010
101001100000010111001110110001111101100101111111111110110110
100000110001001110110010110010000100110111101010010101101010
111011000010110110010000001001111101000111110000001000001111
100010000111100110010010111101001101111110001001000110101000
001101011010010100100011111110100011001110000011010001111100
110100011111010000000011110001000010000100010110100000111110
