110001011010101011000100011101001001101001100101111001011111
000001110000110011101010000111011001111011010000010000111100
000110011111111011100110011010110100001110100111010001100111
001001011100010100110100101001100110111000001100101011011100
100110010110100110100111101010110011010111000001000011100000
111011011101111110110011111101101010010011110001011001111110
101111011101110000010001011110000011101100110100001011001010
101111010110111110000100110100111111011011011001011001111111
001000000101000011010100110101101001101101010101001111111010
001011100100001100010010101111010011101011100100011011010100
000001010010011101011010101110101111011111110110010101000110
111100111111101110001101111111011000101011000101100111110000
111011000101101011010110101110010010011101000101110011011010
111000110010100001011010110100011100100011001001101110111101
000000111010101001100101101010010110010001010111010111001100
011100001010010111000101110000000110100100110111111010011011
000111101001110011011110000010001010111011001101000100011001
100001111110011110101111101101111001111100011000011110001111
011100001001011010011110111111000001101111000010010110100011
010011000000001010110101100100010011100000101011110110000110
100100101100010111011110110100101001111101010110001010111101
101110011100000111101111000000101001010010111100000010110001
010110100101000001101111010100010101110110001101110101011111
100001010110111011101011001010111111110011001000110010011110
100010101010000111010111010110100001110011010010000111111100
110001101100101000111111100100110100100111011101100011110011
000100110000001000111111100110001000010000010110000110010101
110110011101001010110011011010110110111000010111101111111100
101010111100001001001011100110000000100011000100110110100110
011100001101011011001000011100111010001101110101000111001101
010110001011010111101010001001111110101011010001101100110100
010110011111100111101111011100000001100110001001111100010010
101100110110000011111100110100100001000010101111111111000110
011101111101001010111101111011110001100001111010011101101001
111011011111001100011000101110001000011100001000010100111000
010010000010010100011111010011010110111111001110000011101100
111111010100110100101000110011110011101100001000010011010011
101011011110111101100110011000011111010000011111101111011100
011000111011011100001110111111000101110001001011111001001100
011000010110000100100101011101010000011000010110110001110011
