110101111010111010001001101010110011001101000101100010010111
100110110111010111011011100111001011111110010100101110010110
100111100000101000000000000000100000110100101100010110100011
011101001001010101110111111011101011000001011010001001010101
110110001111011110100110111011010001101011110101000110000000
110100001100011010011111000100110111100001011011010110000000
010110000101111110100111000001101110101010001100111111011011
101110110001111111111011101111111000100100100011100111111100
100010111011011110100111101101111010010001101010110110110101
000101010000111010111110110011111010001001111011001110110011
000001000110101100100111100101010011101110000110111000000101
100000001111111111001110000011001010000011000010111110100111
111011110110001010000001110010110010110110101001100110001001
001001110101110110001111110111000010111101000110000110101101
010111011110010011010011010011010010110000000001110110111110
101110010001001010101110001010111000010111101001001101101111
111100001101101011010100011101000101111101010100110001011011
101110110010100000000111101001100111010100100000111000111011
100000100101011001100100111011011101010000111010010111000111
011011101000010010000100011111010010110011100011000110111101
001010100010011101001000110001010010011100001110100111100000
100101011010000011101101011001100100110011011111101001111110
101000100110111001110000001111111110010001001010111011001110
111010001101011110111010001110010101110110011100111100110110
101101111101011010001101101000110110011111111000100010101000
001010011100010000110111010011001110100011010100001110010101
100001011110100010000101110001101000010100110101110001011101
110011101101100110110001101010101111111011010001011110001010
001101100010111111000010010011011101000110110001100000010010
100001010101101010001110110101100011010111001101011101111110
010001101111111001100100001001110111000011010111001000100110
000011110011111011011001110110110000101111100110110000101111
100111001101100101100011010101111101111011011001010000101100
011011011111010110100010101100001100010100100010011100101101
101100101111010100110100110110110001100011011101010110001110
110101000011000010001010001000011110110110011100000110000111
011110110111100010100011001000010011101100111110111110010101
011100101011001000000111100110010110101111100101111010000100
001110100100011111100000001000101011000111111111101000100010
010000010101101000000110110011100000100010100011010010010000
