100000100001001100001001011101010110010011110111001111001110
011111000001011100000001101101001111111010100000010110111000
010100100101001001111000111011101000011010000110101010111000
011011101000110010000100001100010011111000101111000010101100
011000111100110111101111111011110011000010001011101010010100
010110011000110001111110011100101001010001001010100101101010
100000100111110111111101011011010110000011001001110011110000
001110000001101011100111011100011101010010111011010010110000
011110111010100000000011100001001100001101010110110010110001
101010000100101110011010011011100000000011100010111010111000
000000111110101110000011111011010010100101011101100101110011
010111011101100111101101001000010100010111010100101110101101
010010100100011110110110000111111010011101000101011101110111
000010101100101011110101100010011000010010010110101000100010
001010100011110110001011100010110101110110101000111111011100
010001101100001000110100001110001100011111100111101010100100
111010001001110011010000111101110001000010111111001110100010
101000110011101010111101101001110100001111001010100010000001
011011101001010001100000110010111000000010111010010001110100
011100001111000001110010111001101011100011110000000001110000
110000100000100110101000001010111110010010000000100011110111
011010010110110011101110101110010000111100100001011100001001
101101100011001011101111111000001000011011111001010011011110
010000110001101101000100110101110001010011110110000100110000
111101010101001111000100000011111101110101110110010001000101
001001011011110000100011101001000001100000101001000001010000
010110000011010100101110011110111100100100001100111100000011
011000111010011011000000110111001111111011100000010100010000
001001101000011010110101111111000000011010001110100111111101
010101110100011100001010010110100101111000001011100000011110
011110101100100000001010011001100011101000111110010010111011
100000110101100010010000010100110010101000101101101100110010
111001001110100010011110010001100011011100111000011010110010
010010001101110111110101000000001110111111010011001101110000
100001101001110110110111111011111011100011010011111000011000
101011010100101011101001010110010010100100001011111110001001
110000001010111110000100011001100001001000110011010100001011
010111101010000110010110000111100001111010000111011001000001
100001101100000001010100010101001100110110000011010110001000
000100101000001011010110001100110010101010111001111101111111
