110111010110011100011110110110101110000001100011101001100111
000010011011001011110010000000001010110010010111111010101000
110110000011011001101110001100011000011000100000111111000010
110110101111100110001001011010110110001000011101100110001101
010000101111101111101101010110100001110110001010011010110010
001100000000110010000011101100100101101010010101101100110110
110010001011000001010111101110111000100000000010110101100010
011100110111011011111001100000100001010011101100111110101101
001111000101110000011100110001101110101100001111101001001100
111011110101010111010111011010100110110100101011010110000110
010010001100010101100110001011010011010000111010101111011110
011111100101100000000100011101011100101111000111110110110011
100100100101011101000111010000110011111101001010100111100111
000010110001101111100100110110110100001100111111000100100110
010001100111111010100110111100011100000100110000010010101001
110101010101100110111110101011101110001100011111001001100010
111111100110001110111100101110101111010101110110101111011000
110111001011000101001110100010001111000111001111100110011010
011100010101101100100011001001100100011100000111010011100100
101100110000000110100100011010100111111001100101011001011011
101000110111100111000110001001111100011011111011000101101111
010100100011011101101110110101000101110001110000101100001101
001011000001111111010000001101010010011011110110110010001101
100100000100011001101111101010001010100101011010101001010001
110111011000011010001011001010010111100001110111111000011111
001101000000010100010001001010001110000010001010000111001011
100101011100101101101111000110111101100011010110010010110100
110010011110110110010110110010011011011111000011000100000100
001010111101100100011110001100110001111011111000000111111110
100100100010011000001011011101001100011010101001110111101111
000011011011010001010011100010100001000000011001001101000001
010001011100111101000110101111110010010010011010010001011001
110111111000100001001001010010000001101000100110110011110011
001110110010011111100101001101011011111100011111100110000101
111010111110001000001010101110111111111000111000101101001001
111011010111100000111100001011100011000000001111010010110101
011110110000110010010010101011000110110010110001010001001110
011001011111010011010000011010101111110111100101100101110000
110011001101101100101111001100111000110000011011101101110100
001100111100110110100101100110010010111110001110110101000101
