001000010111100101011001101111011001111000010010011101100111
100011111010010011011001101001001111000000101010000100010001
001000101101101100100100001111111010101101111111111010100010
001000101111010110010001000011000000001100100110010100101111
000011010011010000010110000010101011011110110001110011100110
001011001100000110010010011010111111101001110000000100100001
101101011100001111010010001011000100110110010100000000011110
011001010110001001111000101111111101011011000000011001000110
111011010011100100011011001001101110110110000111100101010110
000011000100001100111000000000010110101101001010011011110111
000111111011000000111010111111100100110111101001100100000011
010010000100010101010011110011000000000100000000011010100010
110101011111110101111000011100110000101110110101100110110111
001000111000001011111111110011010111101101010010100110111010
101011101011000100000000101000101011010010111011011110001010
110001101101010100100101000110101111111000001000000111111000
101010000101110010110011100111101110110011101100100001011011
011010111111001011101011001100011100001100001000111001010111
101111110000011111110110001100011100010101011100000100110010
010101110000010001111011110100010000000101000010000100011001
111001000111110111001010011101010111110101011100100100010001
000101011010001111110001010010110100011111011111101110110110
100001100001000111000000011110000101011111001010000010110110
100011001111001101001011011001111110100000100111101101010111
000001001111001010111001010111110100111101111000110101011100
100101100010000111000100011000111110101110010010110110001011
011110011110110111011011111011110010111101110100001010001111
011101111101101110100100101100011100000011000111101011011010
000110000100011001101001101100000001111110110111110000110011
010100101110001001011110000001111010101101101101101010001011
010100001100010011011001010000111111111010010111001110110011
110010001010000100000100011111100101100011111100110101111010
010000100110100001010000011111001000010101010111101101100110
100111111111100111111010000110110010110111100000000001010011
000011111100001001000001110111000110100000111010000111001111
100001000011010110001110001111111010001011110000110010101001
110111001001011001101010110010111011000101000011111101110000
010010110001010101110011010100011000101011110110111001010101
111110111101110110001001000110011011101101100000110010100010
101001011001001111110011110101001000100100111001111001010101
