010010010111010111111101011111000100001101000000011011101001
110101000010101111011100011010100100001100010011101100110010
101010100111110100101010011001010101011010100100101101101111
101111100010010000011100110100111011010110000001111101110010
001101011101101000001000111000000000101110000101100101101011
010001100010001000101010000010001001111111100111000101000011
010001000111100010100000001110001100001010101111001101001111
110000110100110011011100110101011010000001101110010001010110
011110111110001010000000101011010000110010010000010010011011
101001110010100001101100000111000010100111110111100010100011
100000010000101101010011001011100001010011110110101110110001
010100001100111010100000001100001010010100010100111001000000
011110010110010001111100011101011111110010000011111111011000
111111010101001100100010111100111111001100110110000010100010
000001110100111111111010110000010011111010010010111001000111
100001001101110001100010000000101001011101000111000110010101
000000110110011010010000101000111011100011101011110110110000
101111111100001011110110011010110001001100111010110101001110
001010000010011100010000100100110110111011111110111000001111
100111111101101010011101000110001001010110101000001100001111
111101010110110101010110101000101101001011111010101101000110
010110110010100100001000100010100100000100000110001011101101
011100000101010111011111111111111011000101000110110101000101
101100110101000101000101100101110000111111110111101000111011
100111100111000011110011011000010011101111011100011010000111
000100011000100110011011111011010010100001110001101101010100
110000101001110100011000011101011001100101001010010110001011
101010000000011010011011010001001001110001111111110001101011
101101010010100110100110111110101000000000001001000100110101
000000100011101010100110011101011011101110000000001110110110
001010010100111101111101101100001000000110001001001011100000
000000010010110001011011000110001000001100010000000000011110
001010111100101010001110100000010110010011011010101100100111
010101001010101111000111101010011001011100010100010101111100
011000010101000101111101101001011011100111010111001001101010
110010000010001111101011011110001111110001111111010000011010
010100111010101101011000111000111110011001010100001111111101
100101111110100101101011010100111000011011001101101111000100
000010100011001111011101011010101110010000000010100100000100
110110010110111000110000101110011101101101110101011011000101
