110110101110000011101111100001100111111110000001111110010001
001110101100111011111011111001000101100000010101101110010000
100001110101110000111110110111101010100000001101010110110110
001111001100110000001100100100100101011010010000101000000110
111101001111010100111111010001101000010111110001011100100011
101010111011110011011101001111011011110110111111110001101011
001010001010101000100100100110110010010001100010010111111010
010101001001011001110101101101110001100010111010110001011010
001101000111100010100101101101101000000010000010010000101101
001101101011101011010001000101011100110110111011000111011011
111111111011000011010010000000001010011111111011001011010111
001000001000101000111001111110000010001101111000000100010100
101010001001011100000010111100110100101100011111110101000110
011111100011001101000001101110000001110001111110011101110000
001110001001001111010110000000110101010101110010001100100001
110001101101011011011101111110110111100011011011001101010011
100111000101011001011000011000010000001001010100001100010010
111010110110111001010001000001000011011011110100000001101111
111000000010111111011000000100001100101111100100001001101000
011010100000001010111100111100101110110110011100001100011101
101110001100100000000011111001011011000110111001010101110110
100010000001111000011010100110010111001001110111000111110111
001111101110101101111010111000110100111100110011111001011110
110001001111101000111010111000011111110010100010001100000100
110011010011011011111000111010000100110000011001100101101000
011101100110000110011001101111011110010101101001101011000100
101101011101000011100110101011011011001000001010001101101000
101010110010100000111010101100010001100010110010110000000101
001011100110110111001010100100011010110110011101110100001101
011111001110000010001110011101111011011001001010110100111010
000000000010010000101001000110101011000011101100111010101100
001110101000001110111111010010001101001010000111001001010100
110001111100111100001100010110100001111111101100111001101110
000010111000000011001111100000101111110011100101110100000011
101111001010010010001110001011110100010011101010100010100100
010100110001110110111001101000011010111111101101101011111011
111001110000011011110110011100011001110100001001111010001110
011100111110101001111101101111011111111111001001100000000111
100010100000111110101111000001001110000110100110010011001000
000101111011000110110010100001001110101100111011000010100101
