111011010000111011110001110010011010111101010100000101111000
101000111101111111110000101110010010100110100000010000010110
100011001001001010001110000000010011111000111100000111001011
010101010100000110001101110010001111011111000110010111001101
110101100001001101100001100011000111001110110101111000010111
110011010010000010100101100011000111101101111110100100111010
011110110001000101101011101001001101101001110110010011001010
100010100011111011101110001111010101001111111011010001111001
101001011011101010110011010100001110100111110101100000000001
001100001000011000111100111100011000001010010111110111011001
000010000001110011110101011000011011111111110101000111011010
110101011010101100011110110000111100000110010101111100000010
101001101100110001100010000001010000011110101100011011010010
100000010101000000010011101100000001100110100101001110010001
001011011011000010111110100101111010100000110111011011100010
000000000010101010010111110101101011001001100111010010001111
010010000010000111010101011000111110000010001001001000101000
101000100001000100000111111111010110110111011110001011100110
101100010110000101000011110100110001010101100100010100001000
010111011101011001110111101110110011001100000100011111100001
010111100111111001010011010100000011000011010110011011110111
110001001101010111011111011011101010110110101000010111001001
100111001011111010011100100010011000101101100011000010101101
010010001000111001100000010110101000000101101001101111110100
100001100110110001101111001100010100010010000111101000011010
011000100011000011111100110111010111010000011001100100001000
010101110000100111011011000100111101010011011110001000111110
011010111001000001100110101100011100110100010011001010001101
000101100110011110011111000100010010101101001001000100101011
100100110011100000000000101001010000101000100111111000111010
111110001001111010110011001110111111001001100011000100101100
100000011000101011011101100011100111111110100010000011101010
110110101111010000001100101101101111101011011000101011010110
111011010110000101000011010000101010101100100011001000011001
001101000111011000000000100001111000110010000110010100111010
011110010010100010011000100110011000111011000010000100111110
010001011100101010011001011010000000001010101001100001100110
101111011011011000111000101000111001011100011110111001111101
111111001010010000010001111100111110001011001000011110110110
000000101000011001010000101111100011011001011000101101111111
