010010110000100011100011111101011011010001001001010100011000
011101110110101100110000000110000110011100001111110000101100
100001011001110110101100011001101000010110011110111000000010
010101101101101011111100101001101011101101011010111011101110
000110111101001000110000100011000111110001001011100111100010
000101110000000001111000101100001110010010000011110101100100
100010011011001100101001111111011111010111101110101100011000
011100000111001101001100000101011000111010010010111001100000
010111111011001001100000110001001101001000100101110110111110
011101010001111001000000110100011001111101001010011001101011
011101111001110100010110100111100100000011010101011001100011
111101001101010010010110011110111000010011000101101000000011
100100000001011000011001000111111010111101101110011011010010
110000010010000010110010000100100100001010100001010101010111
010011001101100101101110010100001101101010110000010111011101
011011010001001101010011111100000011100111100011001011000011
010011001000101111000110100100010100111110000001100001010111
110101010110010111101100000001010010000101100110101001101001
100110110110100100101111101100101000111110101110101000100011
100101101010110100011010111101100000101101000011110100111100
001010111001001010110100110001000001111100010011110110001010
001000110110000011111110101001011001110011001100010011001010
110010100010011000011011110110010100000100100010001110001101
011111101010000001101111000101001010101100110001010110001000
001111111111100111100111001011011011100010111110101011101110
100111001100001011011000001110011111010100001111100011010111
100011011010010001010110000000110000110010001101010101110110
100001001101010001111111011101011000001011100010010110111000
100101101001010110000001100000000100011000111111110000111110
000100000010110001110000001001011010111001010111101100001110
011010011010001010110001010101100111111010101100000111110001
011000001000001101110000101000100110111001100000001111101100
011000011100110011011001101001100111100010000000011100000011
101001100111011100001010101111101011110011110100010111010110
111011110011010101110101001110001000110001101111100110100100
101011101000111111111100101001011010110001010101101110011011
000011111100000110110001011000100110110000001011100010010111
110111010000011111011000110001001100000110101010101101100011
101000011011111001101111100011000110010101001100011110111101
110111110001000011110110001101111101010100000110100110010011
