111100100100001001101000011101000110010110010111110000001100
010010101000010100001100100101100001001010111000100000001111
010010000010000101111100010101101110000110110001001010001101
111110010000101011100011110011111011100101010011010110000001
111011101110100000110000100011110001010000001001000110100110
000100001010110011010101101111101111000011110001010100111000
101010010000000011000101111010100110111000111011101011100111
101001001101010010011110111010000100001001111111000111100011
110011110010011011000001011011010110100001100001001001010010
100010100011011100001001001110101101100010100001010010100011
001010101100010001110001101011010000111011100111111001100111
000111110000000101101101001100000101101101110000110010111010
101101001110001100100000000111100100000111001101101000010000
101111011000100010010011100011110011000010110100101111111000
111001010011010000100100000100011010010110110100100101001011
011001110101011110001011111110011000001010110110111111101101
101111000101000010011001001110000100011001101110101101000110
100000100100111001101101101011000111110000001111011111001011
111001001000011101011001111010101111010010101110001101101001
001101110000111110110011000111000111101011101000001001100000
000111101110001010101011110100010110100110110111111010111011
000100111000101010111101011011111111100011101010001011000001
111111111100011010101101011110011100000011010000000100111111
011111000110001101010000111101010001110001010111111011110010
010100100000001101100000011010011010010110101011011111100110
011010110111111000101110111100001111000111001101011000011101
010111001111110001110011011110100111000111110001100001100001
010011100100100100011001010011101111100010011110000011000111
101000001100100011001110110101110011101000110110010000011111
010000110110100010011000101010110111000110100111101101001101
010001111111100011101000111001000011000011011110100101010100
000111010001011001001111001011111011101100011111101100110010
100001100111010000011110100111001101001010100001111001011100
101100100010001111010001110011001100001101111100001101001100
011000101110010000111011000101101000011110001011110010101010
100000001101001110010100010111001110011110111011101010011110
110101010011000101101101010001000100010111001100011100100101
110111000110101110011111010110000011100111001100111011011110
111011100101010000000101110010000010001000000000000111011111
001011001011001111011110000100010010100100010010100010111100
