000101100110011101111100110111100100011001011000010100000000
011101111001000111011010101010011110001001111101111100110111
101100100111111010001001110100111011011011100000100010011100
100010010010100111110001111010101110010011111101100000110010
000100100111011011111011010011101100110000001011000110111001
100011010000001111010111101000111000110101101100101101011000
001111010000011100111110110010110111110101011101100100110011
011100110011010011011100001000001101011001100111101010101111
001100000101100001111111010101001111111101101011010111100100
000110101110011111101110011000010000001110100101111111000010
100110110010111000101010000001111110010111110111010111101111
011111011000010111010000000001001101000000001010001011110001
011101100111111010110011111000011010000101101101001000100011
110110000100111111101111010111010110001101101110101100111011
101111101110111011111111100100000011110000000111000001101010
001100011010100101110001100100011110100111100010110010111000
000000100011100110100100101011011010110010011101001011011001
100100001000100010010010100101110101001010001000110000111010
001111101011101110110110110111000011101101001000000111010101
101110011100001100101100110000111101101110100011100111110011
100001010111000010011000010111110111111011100000100000101000
000101111111010111010100100101001110101010011110010011010011
101010110110010110010100001011010110001101000110111010011001
110010110000101001000101010111001000110011100111111101000101
101011111010010101111011001010100101100010101101101010001111
010010101001000110110100001011101000111101100011011110100101
010110001001000100110000110011111010100111001111111010111010
010111111100011100011101110001011010100110100111110011000101
011101011100101011100011111000010111111110010001010001011001
111000010100110000000110001000100100001110000010101010101111
000100000000110111010110100111000111000010010110001000011100
111100011100000101001110001001001011011110000110110000011010
111111010101100001110101001010010101111001001111111111110100
001000010000100000110010010101101101110000100010010011110011
011100011100111100100111101000111010100111111100110010101010
100011010001011101101111000110111011100011110111100001010101
011010111101010111000011000010010110001000011101000100000000
111010100001000000001011000001011000100111010100010000010101
001100001001010011111100011111010101100110100110111111110110
100101101000000011011100000011001011100110111111110011011011
