101011010000101100000001101100101001111001101001111100110011
111000100101110010000000000110010000010101001010010101011010
101011010000011101000101100010011100110011100000001011110111
111011100100100011110000011100011011000101001001100101101101
010010011011101010001010101111010100010010101110010100101011
011101010101000001110001000011011011101111100110111010001011
110110001010110001101010101111110010011111111010001100110010
101001111111110101101000011011000111100010001010100111110101
101011010000111111111001001000000100011110010101010111010111
100010011001001001111001011001000001110100011010110001011011
011001001100111010111101000101010010100100110100001111000010
100101000011000011011001100011010101000010110001011001100101
111111110111011100000111110101110010010100000100000001001110
110111110001000001011101011010011010101001011110101100010000
001000011100111110100001110011011001100000011011001001011110
001000110110010010111001000101100110111011000100110001101111
000110001100111000110111100101101101000001010010111001111111
010001100101100001000111110011001100110111011000011011100100
010010100001010101011001000000010110110011000000101111110001
010000101010011111011001001111111001001000110110001000001011
101111011010110011100000100100100100011110001101000000111011
100001010011011001001101011111000010101110111001100100011101
110101001111100110111001110000100010111101011100000110101100
101110101110010111010001010010000111011000111000000010011100
000001101000011001010010100111011011111001011000011110111100
010000001100011000110010101110111010101100010011000101111111
110010110101011100111011010001011010100100111011111101111000
010111001101110011001010010100110111111110100000001110111010
111011111010100101111010000111010110011101001111100110110110
000011100010101110100110110111000100110110010010011011010000
001011101110011001110111000100000100100001001100100110010000
100100011111010110001010101010101000100000001110010011100010
010000111100001010111100010101110001011111110101111101101011
001011110100111101001001101100001001101100100111110001001000
100110110000101010111111001101110111011001110111001111011001
111110101001111110011110010110001011110101000001000000100011
100000010011011010111010001110111000111101010111111100011101
110011011001010001000011010100101000100111001001111000001011
101011111111100001100000111101011010010011000001010011011010
100011010001101001100100000000111110101111000010101110011011
