100111111011100111111111010000001100100011111000100101011011
001011100111011110011001101100010111110100111110010111000010
100011001000110111100111101110011010000111011101111111101100
101110000111100101100010000000010111001100010011011000000010
100001111010010101100000111100001101111111010101000001111101
111001111111001100010111010011010000100001011001111010101100
000000101101101111111100011101001101100101101110001101111010
101111001001111011110101011010111100010101010101001111011111
001100101101110101111010111000000010111001111011100000011111
110010100011111101101101101001001111111010010110100010011101
000010110001010000101001110010001100000011000100101101000110
100110010110110100000110100110011010010100011000010101001001
110010010111000010001101110100110000011101000110001000111010
100000100000111110001000000010111100100101111010101011101010
110100101011001111001101101110110100010101111111110010111111
011001101111000010001010111011101111111000010010111100011001
111100011000010101101001110111111000000101011110101011000011
111011111000101010010010111001001111111110010011001101100011
000110001101001011100001110000001010001000011101100010011001
111000001011110100100011100001101110001101111111100110100010
000101011011110100110101110101010100101010000000100010001001
010010010001110100110000011101110011101111010001000001111101
001110110010011011000000101011101111100011011100011011101100
001010001100101010000101101011011100011011111110011000101001
110011011101110001010111000100000111111110011111000010111001
101010010111000100010100001100110001110111101010101011000110
111001001011100001001101000100111110101000100001010011010001
110011000101101100110011001100011001111111101011010100011000
110000000011001000110101110010110110001000101000000010110001
100001111111000011111100000010000000110010111111111000100101
111100000011100100101000001111011011101110011000111001011110
001000001011111010001010100100000111100001001101110000011001
100110011010000010001001100111101000000101001100001011100010
000111100001010000101001100100010000100101000000111100001101
010000000111110101000111111110000110011010100010110110001101
111110001000011110010110000000000011110101100101000111010000
100110110011111101110010110110010101000101111111010111111110
101011101110001011011100000000101111100011000100001001001000
101000001000001011000101101100001101110000011000100101101101
110010010011110100101101101110111111011000010001100100010011
