110011100100000100101011100011000111000010110011000010010111
101100101111000010111001010011011110111000100000000011101011
010111111111001000100010110000101010101001101011110011011000
011111101011101001100100110000001000011001011001000110110111
010101101010001010101010000101000010111111001011010111011011
101100010011111100100100101100111100100000100101000011000001
001110101110010011100011111100010101011000010101000110001010
011000001010111100010111110011001111000000011000110001010110
000001001011000111011111010001000101100001110010001001101110
011001100111000001010101100010011010010010101100001100011000
111111001000011001011011100110100110000010100111110100101110
110100010000100100100011100000101000000101010100100011100000
001100101101111101101111111000100101100011101011101011111001
010111111100101001010001110100100011010100101101001100100110
100111111000010010101110101001011110100011111100000101110101
110010111110000101101011101000100011100011001011000011001001
100111001000111100011001111101011000001000100101101010101011
011111100000101010000000011100101011101100011001110100010000
011111101100101110101100000101100000100101100100000010110111
010000101011001111111001000001001000100101101100110110011101
011100000100001110111010011010010010110010000000010010001011
000110110101001101101000001000001010000111100110011110101011
101010011100010001111011000100000111010011101100100111100101
011111011001001010000100101001111011000001100101010010100101
100011010111001001111010011110101111100010000100001111000110
111010100101011000010011000001001111011000101100001101111011
100001101100011010110111100011001111111111001001000010001010
010011100100010011110100001111001010011001110000101011110001
010011011001111101100101110000101000110100100010111111000101
010100100000101000100000111111000001001110001000100110111011
011000101000101011001100110000111011111001101000000111100101
001000001001010010110100011001100010000100110111000111100010
011000110110000111010101001000100000110001100011010011111010
011110111010001010101000111100101000011111100000101000101001
011111100001011011101100111100111100010001101011001000100010
001100111111001101001010011011010100100011000111111110110100
000000000001111010010000010011000111011001001101010101101000
001101001110011000110100100110100110101011111100100010011101
011011001011111111001001101110100011110111100001110100101100
100010010101010101110010100110011111111001110010100010010000
