011101001110010011000100010111110100110101100011001111111010
110100000011010100010001100110110011101110101110011110011110
111000011010110101000111111000010101110011011101100110110010
001100011011011111101100101101101011100101110111110011000110
001101110100010111100011000000010110010111111010110011100100
100111010010011110111000110101010011011110110111011101110100
010110000100100010110110100111100000110001111101110001010001
111110001011101110010111000100011011011110001111111100011011
101010001001110110001000011101010011111010111101000101001011
101100011110011010000101000000100011100010110111110010010000
001111000001100101111000011110001010110111100011000011111100
111110010111110001011001111011110110000011000100000011000001
000010000110101001011011111001000010110000111001100001100101
010110001000011101010010111111000101010100010100000100111110
110100111101101011000001000110101001111010101111110101100111
111110011100011010110000000110010101110001101101111111110100
100110111011011101010111010101011110011000110100010011100001
110010111110000001111111010001111100100001001000101000110011
111100111001010110011101011101101000111011111000110011011100
100010011001001011100011011110000110001101100101110100010100
100011010110111100100011101101100001001100001010011000000011
101100011111100101010000101100000100001011111011111111111010
001100000111101111101000001110110111110100010100100110001101
010110000101111001011001001110101101001110011011111100111011
000011001011101011010110011001110100100100001110000110111001
001100001011110011001101110010111010110001101001101000111110
111000111001000011100011110110110100100010000101111111100011
101100101100011111100101001001111101000100100011001110110010
011010111011011010100101000100001110000110011011000100000111
100101110000001000100011111110111110000011000011100111100010
110001010011010010100000010010011101001011100000010101001001
010001110110010010110001101000011100111000110010010100000001
001000000101010010100111100001100011111010110110011110001101
100100000110011001010000001111111101001011111101101101001001
111100111110111110001110101110001111100110011111000010011110
011011001001111011001001010110010110111011100001111000111000
111111001000010010000101110011101100111100110011001110111000
011000010010101011100010101100010001001001110101100110010100
101101111011011000101110111101011001101110110000010101000111
001000011011101000000001010100100111010011101011000110010100
