100000001011010010011011001101110010111000001001010100101001
100100101001101111000001110110010100100010110100111001010100
011100000110000011011010101001000111111100111011011101110110
011011000101111111111110001110110110001100010100110011101011
101100111101001011010010011011011100010100101010110001011001
101111111011011110011011110111100001010001101011100111011001
111110001010000000011001101011101110100010000110011001110110
011010111100001101101100110000101101011100100010110101000100
111010011111110011111011011101001111101111111000000101001000
000111100111010111111100100111011001000111110001001110010101
001001111011110001101001011010111100101101111101111110001010
010111001110110011110011100001110101111000101000100000000001
001011111011100111011101110110100010011100100111111010011010
101111101010011100001111010111001001000110111010111011010100
100111101000000101010110011000110101000100000011001000101011
010110000011101001100011111110000010100011010101110100011100
100111111110101001011110011011111001100011000100010101110010
001110010110000101110011101111001011110111010011111010111011
100001011111000000100000101011100111111011111011110010101011
000101000111101111110100011100011100010101011000001001010110
010100101110111110011110101010101101110011011011001001111100
111110111111101110101001110000011000011010011011010000001001
001000011101110110001101100111111010000010100110101100100110
110011100000010110101001001111001101101011011000011101111001
111011110000011011110100011100000111001011110011101010100011
111101101110101100101101011101100111101110110110000001100101
010110010000111011110101001110100011000110000010110011110011
111111000111010000110101111001110101111010000001010011011111
110111110010101111100000010101110000101001011010000110101010
000101000000110010011011100101111111100000100100010101110011
101111011011111100011101001101100111001100000011101011100001
101000111110101000000100101101101010100011010011000110010001
010101101001100010010111011110101110010100111101111100010010
001101101000011001011011001010110101111011101111110110100010
011111000110010111111010011101100001011110010010110000000000
111000100000111111000111011110001111111111110101101111011001
100101010000110100000101111011101100101100100101011011110110
110111001110110001110100111100011010110001000111100000000100
111001100000110001010000110110000010001011011011000000010000
000000110011101010100000000101011000101111001010100100011011
