011001010001001101100010000010001001100110101011101011010010
011000011010110111110010011000110011101010010000001001010001
010001100100011100110001110001101000000000010111110000010111
000111101111111011001011011000010001011101110100010010011100
001101100001100111000101001100101000111101000100100001011011
011010010010011110110100111001001100100000110001001101100110
110110101001111100110000010010111101001110100111010110111100
101001100001000010001110011010110101101010100110010001000100
100000001101011000101101010000101100010101100000111011010111
111100010110011001101001101100010100110010100010110110100010
011101111001011000001011110011010010101110110111101000101101
100010100111110111010000011001100000000000001110111011101010
001011100000110010101001101101100010100001001101111100111001
110101111010111000001010001001101000111001000110000011011110
110000011011001110111001100010000110000001001011000011100100
001001111011001010010110001000001001110111000010101000111011
010101000011110100010111000000110010110011101100110011000001
011100111100011010101101000110011000110110111010111111001101
000001000101001000001011000010101100110101011111011010011100
001111011111011010011100111111001101101111001101100111000111
001111010101110001010011000001100000010000000111101011111100
111001100000111101000100001000001001011011101011111011110101
110010110111110010100001111101001011111001000101100100110101
001011111000010111000001110010101110111010101110100000011011
001101010110101001111010000010010011111000000100011010000111
110111110101010010101101111111010100111000101010001100000001
111000001000011111110100011000100000100000001101011110100101
101011000100010010100111011111010011011011000010111000000100
000111110111110100011010010010100011001010001111001110110111
111111010110111001000101010000101110000001100111111010011000
001010001011101101101001011001100110010011100011111110101110
101010111100110011011000011001011100100000101111011100000111
000110100111100100100001100111010100010110011101000001101110
000010110101111100110010011011111100111100001011010101110011
000010011101110010010001011011101101000110100111101101100100
111100110100111010001001011011101000111011000110010111011011
010000110010011000010110100001011010110110010100101111110000
011011001001000111100111101101110001011100001111001110100111
101010110111011001000111001111111000111001111101110000011100
111110101001001011101001111011000100010110011000010010110101
