101010001001001110100101000111001010010001100101011010001111
100100111100100100110001111010111110111011001100111001001000
011100000101010111010010001010011010101101110001001111111111
001111110010101110001000010001101010110110000011010001011010
000001010001000101100011011010001111001001010100100110010100
101000011101010110010010110100011100011100101001111001001000
101011010000100011010101110100111000100111000100110001100110
011101110100011110000110011110110010110111000001000000110100
000000111000110110001000110101000111000001111100101010101000
011010100011101111100110011111111110100101111001110111101100
101110000000100101111011111001011001000100110111010011000001
111110000110010110010111001000011000111110110000111111010011
100000010101000110101000100111001101101001001100000100011001
000111110000100011111000001110100001011011101011100101100110
100000111111001000110010100000010011010101111000000110100001
110011110101000111011101100001110110100111011010001110001110
001001001101010000100110001110000101000111111111111111011011
001100010001101110001001111010011100100100001101011111110011
101110010100010101110110111011101101001101111111010000011000
001101111110110111001000010101000011000101100110000101000001
011110011110010000000001101100010101111010001010111000110101
101010000100000011011010101111110100110111100001101110001000
000110101100111101111101010101101101101000011101010000000001
011110101101000010111001011011110010001011101001110110001101
100100111011111100101010001010110000001110100000111000011111
000000101000011010010000111100111110011011101100010000000001
001000110111110001011001011111111000110111001011011000011110
100100100001000100010110001000011011000110110110011011000111
101010111101101000101100000011011101101011110110001001010110
110001000000000101111101100101111000001000001100000101100110
111011110111100111101110100111010111011010000110011001101101
101110011100011110111010010010001010000010100011110000000000
010100100101110111110111000101111101110000011010100101111100
001010001000000110000010010000111100110010101000100011010110
001001101011101010000110011001100000110101011000100100111110
110011010111100100110001111101111101001110001100010100001010
000000111111110110111111101100010111100100100100111101000101
000000100000100111100111010111001010001100100101110110001000
011111001000001010100100101000011000010111001010011010110010
111111001110001011101110100001100001100111101110010001001011
