111010001011001001101011111111111010111011100101110011011100
010100011100100101000100100110101001001101011101010011011100
100001011101001110001011001110011001011010001101101100001111
010100010110001010001110010011000010010111011011110110000010
000110010011011011100011011011101111011011100101010101110100
010111010101100010001111010011100010011110011111100101000100
100001000000111110110110000011010000010000011110110010101010
110110010101001110101010010101011000101111101010101110011110
011101010100011010000011101001101011011111010010111010010100
011101111010011011011110010001001000010110101110001100011100
110111110110101111010000101110110101011110010111101111001111
011000100000110100101010010100010001111001111101110001010010
111111100000000111011110001000000110110110011101100101000100
111000001111011100100010101000011100110010010101000010011100
111000010001110100101001010111011011111101000000000110111011
101011010101011110000000001110001010111011000100011110111011
101001100011010111001111010110011110000001001101101011010000
110101000100110000110111011101111110010011000111001000011001
000000000010111110111011110010110111001101111011101101110111
101011101010100100101011001111111001000110001111101110010010
111010111101011001011001001000101011000110111001101111001001
010101110100000000000010100111011100000010111010010011110101
100101001011110100110010100001001110110110011001110010000001
001001000010001111010011011001010110101011100011111001110001
001101011110111101010000010011110011111110100010001000110010
000001111100100010011111011010101010000001111001100000011100
000101111000000101101111111100100101010010010000100000011010
011100011010011100111000000101010011111101001000011001001111
101010101011101111011110100100111100001110011010000000010011
000011001010110100101011101000111000110101101001011011010010
100011001011111110000011111111110000101101111100011001110100
011011111010010011110010000011010100001100101000001100111010
101011100010000010011101000010101111010011010111101010100101
000101110001000101111000101000000100001000000011101001101101
110001010111100000111001111101000100000011000111100011011010
000101111101010001111110011001111111110011000101110100111000
111111010111110101100001011001100110100001000001111001000001
001100111110100110100101100010111100011101101111000011111110
011110101010110101100001000101011110111010011101110100001010
101010011110110111010000111110100111100100000010101010001010
