0110100110011000001101011110011001100010110110101000110111111111100010011001001010100010110110011001
1101101011010010110010001100000000001111000111110111100010111110000001010111111001111100000110110001
1000000101011110111111011011001101000100100111111111111011001001111000001000001001100111000111110010
0001010110110011000010011001101100101010001011111011011110100011001000110101111000010100100111110101
0110001110101100110110111011010001110010110011000101000010101010101001010011010011001111101111101011
1011110001110100001110010000100100101000001001001100110010010011101101101011101000010110101001011001
1001111100000101111101001100010101011110011011001001011010110111110111110011101101100100101101110110
0000101001111101001011010001010001001111101110110111111100101100000110101010100101010000011000101001
1111000100000000110100001111100001011111000110101001011001110111111101110110110110110110001111111101
0010001011001000010101100011010111101100010000100111110100111100011010010101110001011111011101111101
1111110011001010001111001100111011000001100011111100000111111001011101110110101111011110101101011101
1010101100100111110101100101011111110000100101011101111010100010101001100111010000000100011010001001
0101111001110101000001111011000111110001101110100010011110010000111010110010010010000010100110000000
0110001100100010101111111010111000000111100000111000010110010111000101111111110110011100110100101100
1100000000111101110101011010010010011010010101100100010101001110001101111000110001011001010110000110
1000111000000111011000001111111111000100111000010100011110111010010000011110110100100100110100111110
0101010000111111111001001111101000011110100101011001010110000000100000011111110000100000110100101010
1011010110111000011011010000100011100101101100000001110001111000110000111100000101001110111000111110
0001010110001110100111010000011101100000000000010110000010101010110100100110111001010111000111000110
0000000011110000101001100010011111011111001011010010111011011011001010111100100001100111001001011011
1110111110001011110101010110001001101101111000100101100010010010011111110111110110101110011011000110
1111010110101111110110001100001101100001000001000000001111001001010010101011001111100111101111011011
1100100000101100011101001000000000110101111111010110011100000011100010100110001110000011010011000001
1000011101111111001000000001110111000000110111011001011100100010100000001001110111010101100110100010
1100100110110010011101110001001111011000010111111101000101110101010111000000010110001100101110111011
1110011100101001101111001100011011110001111101110000111010001100101100010110010100011111001001100010
1000101101111100000010011110111011000001111010011011111111001000001000110111111010111100111000011101
0101101101000011001001100011100011110011011111100111100000000011000010011110011110111001001010001001
0111010011110001111110101111100000010010010000111011011011110101101011110011100100110000011010110001
1001100111110100010011010010111001001101001001011011110101011011000110110101010010111101101011011001
1001011001100000111100101000010010110111111110100111110010100101000011111110001001101010100010100111
1010101111100000110111001001010010001000110010010001010100001111110000001101101010011001001110111110
0011111110001111110100100010000101100000001000011001101100001100001111000000011110110111111000110010
0111011110110000010001011011010100001000011011001011111101101011000100000001011110111110110100011110
1011011111011011001101010010001000000110000111000001011111000101011010000111111110100111111110110110
0010001011100011110101100000001100100010001110110110111001000111001011101100101001110101010100101100
0011100001111000010101010000000101111011000110000100111000000110101000101101111000111000000000110000
0110010111111000011111100111101011011000101001000001110110001100101100111000001010011101101101100100
0100110110010101010100100101110001000111000000110011100110110100110100110111001011001110001011111101
0011111000010101100111110000001111000011111110101010110011010000011111010111100111101100100101001011
0000000011110010100110001101001010111000011110101111011010100111100011100110010100111111010011100111
1011110001001110010111111100001111010011101111111001101011101010011000001101100001100001110100001011
0001010000110010101100000111110000010001000011100001010111010111011111011111010101111000110011111001
0110000101100010011111000000111010000001010101011110010001011011110011001111101010110110101110001000
1110110100101000000011101010011000010001110001111110100110000100011000010001111001111011000001110101
1010011001010000000011100111001011111111000111001001000010100100010001011000000011000100100100000000
0110111011111001010011110001000111111100101011011010001100000001101101101111011011100110111100101110
1010001000010110100011100100001110101111011001000100100000011110100011000111001111000111011100011001
1001001111101111000011111101001100111000000010010011001000101101101001011011001110000101111001101101
1101111000000100010100111001010101000011001101001010110010111100010111101001000100110011110000000010
