100001000110100110100011111111101001010011011100011101101010
100011101111110111101001011101110000010011000110111010011001
101100101100110001110110011100001101000011110110100100001111
100110010000010111010100101011110000100111110011101011100000
011011001011111001111100000110011010011001100101010101111000
000011010101010110111011000100000111111001110001001011101000
111110100000011110111010101001101010000001001000101101111001
000101000111101110011101101011110000001011010111011000011100
111110001111111010011111110001111001011001001110101100000111
010011011110111110100010010110111101011010000101100101010001
111001011101000010100101000100011100010101111001011110111100
000001111001100010100110011101001111000110010110111011010010
111001010110001111010100010001100110011111011111001011010001
010100100010010001110001100111101101000111110111010010100110
011100010000101100011001011111101001101110000100001000000101
001001101011101011001011100111011101110111001101111010100011
001100001110000000100001011000000000101101100011000101110011
111011110110011111101101001100011110010111110000110110010111
100101010100111000011101001001101001101000110000001101101100
010111110000011011011011011110000111000101000111000010011000
010110110010110011110110111111111111000111111001100101000110
111000110001101010110110101110100001000111010010001011000011
101100111110010100110010100100100100001000100101110010100111
111101101101111101011110100110110101100001111011000010111000
101100110010010110001110111110100101110110011000001011000100
010011101100100100110011101110000101001110111000101101111110
000010000010110011000100000101100001011010000001111100000011
101011101010101101110011000110010100000110010010100111011100
111010011000000011100001101110100100110111101101111110101010
111010100011110011000010101111001101101000011110101110000110
010000000110001100000100001111010000100101000001110010010111
010001001111111000000100001000011111010101111000000110000111
111001001011110001111101001100000010010100101111100100110111
011101110110100110001010110100001110100010011001101011100011
110110000001011001011111110111011100111010100100111001101000
000100000101100100100100011000001010101110110110101100011001
011010101100101001001110010000110111001110100011000110010100
000010101101100111001100101011011000111110111010110100000001
011000001101000100001111010110111100110011100001110001011110
001011001000100000111110100010011000011100101101010011010011
