011001110000000111101011001110010011101010100010000100010000
100001110101011111100010001001010110011101000100000001001001
110011101111111001110010110010111110011011100010111010101110
110000010011011001001000000001110000000011100111101000001111
010111100000110110011010110111010110100101101000111101000100
100110111001001111111001111000111010001101110001101101100100
001101010011000110100000000110010100101011010010111101001111
110110101100110001110101001111010110000001000111111110100111
111000110010100010111011111011111100001001001000111011000111
110101001001110100000111101110101001010101111100011011000001
111110001011011001101010001011111100110111010010001101001000
001011010011011010001000110110111011001010000001011101101001
111101110001010001001011011100000010000111111000101110110000
101001010001110001001101001000101101111000001011101000010110
111100001111001110111100000101101111111100000101100011111001
101001101000111111010110011010111000111001101000101000001001
111100111010001001000010011101101011101111100010110010001111
010001101110100001010101010011111110100101001100010111111010
101000000001001001011010100000000101101011101110101100101100
001011010010000110011110001110011001011001011000011110001110
101001001000100001100000100000110111001000010000100101010101
010010101001101011110101011110011010110110111010011110111010
111110001100001110001011100111000101001001110110001001010101
011000010101001101101101100101100111011010011001110000100001
111001100010111110101100110110001001000100101101001110110100
011000111000011111110111001001010011101110111001010010011100
100011101111100100101011001100100100000011010101000100010011
001011001010000101101111000001010010000110011101110011010100
100101110101011001110000001011010011111000110001011000100111
100001000101010110011010100001111000111011100011101010101011
001100000000101000010011100100100001110111011101111000101001
101111001101111101011100000101001000000110000100010010001011
110101101010011000101001110110101100111100111100010010010000
000110000111111110001110100000110101011111001011010010110000
100100101010010000000010000101001010001001011111010001011100
001111011010001000011011110111110010000001011111100100110110
010101101010111001011001110010011000110110100101010110111010
111110101111010111010111010111101100011011010001000111111011
111011000100100011000000010111010001011000010100011010111011
000001011111000010101111111100100000010011001011011011100101
