111000001010100010000110111000100100100011101101000011011000
100011110000110110101100010111100001101001101100010101001000
100100111110001101101110011100101101010001001010110011100110
001001010011110000000101100010111110111010001100101011101111
000111100010111011101101101101110010001010111001111111101110
101100100011100001100010011011010000001010000101000011001111
101000010001101001001010000010101111111101011111101000110111
111011111010000111001011111101001011001101010101111111101001
000000010111000010001010001001010100100100111110001000111101
101001011010110110010001011011011111011111111100110111101100
000010010100001100001100011101010101000101101101010001100110
001000100110011110100001100100011101100110000011111100001100
101001110010111011101111000010111011110000000000111000001101
101011111100010001010110100100111001110011101010001101101011
111111010010111000110101110010111101011100111101100010101011
101011111100000100100111011000101001100101011011101100111001
001010100011011000010001110000101001000100100011111100001001
001100000100101011000101010000100000001100010101001011000100
111110111101000110110011010011110100011111001000001111110011
000111001110111000011110111110010011110000111010011101000011
001111001110010110101100111001110110001111100111000111001010
011110101001001001010100111010110111011111111111010101000100
101000000100010010000100001110010001011111011011110111011011
100111011101000101001101001010011100000010000011010010111111
010000000110010100011000110111001100000011000010110100101000
101010001011001110110000111100010000011011110101010100000000
110011010000001110011100000110110001000011010101110010011011
111010000001111101000110110110100101111000101001110001110001
100100011011010110100111000000011101111101001111001110100101
111001110011011110111101111101001010110111011100111010110011
101110111000001010000011011011110011001100011000110110111001
100110100100000010101111111000111011110101100111011001111111
001001101001110011110000101100001111010111110101000001110011
001111000011011000010011011111111001001100000001000001001101
011110001101110100011010011010101111111101100001001100111011
011001001101001000010001011011101100011111100010100101101000
000111001111100111101011110111101001110110001000101110101100
100111010000110001100100101100001101100000111000010001011101
101000110111101000111001110101011111110110111010110110011101
000110111001100111000001100100010111100100100101010100000011
