100110101100111000101011010000000001111011001001101110110000
000000110110001010101001111111110100010101100010111001111000
100001110011101011011000010110111001101111110110110110110110
101010101111011001010110000011100110101001111110000111001010
010101100001011011110001111010001000010001100001100011110001
010011001001101011101110001010000110111111001111100100000011
010111000101001101010101101111011110110000011100011100000010
000100111011011111001111101001110011111100001001000100100001
011001110010111101010000010000101010011000100101111001001010
111101101000010000011101100101100011111011001100101010111100
010101011111101101111010110110100011010101110111101000101110
010000111010111000011011101101101000110011100111111100000101
000011001010110101001001001100010010101010010110110011000100
010010001011101100111100100000111101011101001111110001110000
100001010110001111011011011110011011001011001110110110100100
010111000011101011000001110010001000111111100100111000001010
000001111101000100101000101010000001110110001100110110110011
110000001010111100110010110111111011101100000011010100010001
010001010000100110111101010101100111000111110111010001010010
100000111010011110000001110010110000001110001010000000001001
100010110000001010111010101101000101101100100101100111101000
010010011100100100000010010010011011111110110110000001011000
010100001011010100101000101100110111111110001000101001011001
011001100011100000111101111001110010101010000001100011000001
011111111111100110001010001110111001111101100000010110001101
000001100011000011100010010001010100110011010101110001011110
001000101010001001101001100101001110111110101110001100100111
001111010101111011010010101111011001101101001100011100010111
010000000011011100111100001101011001100011000110110000011110
011111010010011001101001110110101011100110110011011101011100
001011110011010001110000100110000100011111000010010110100100
001100000111100111100001101110100011010110101001010100001000
000000010111100011000110001100101101000000101100110110100000
101111000101001100110101010011010110001101011001011100000001
011111101010011101000110111000011101011000100110011101001000
110111101001010011101101010110100011001000111110100100101010
011011111000001111011001100100010100110110011000010101111110
110111100001010100011001010011110100111001000100111011100101
001001101010111110100110100011111000000101011101110110110100
000110001000000001001111100000000000100000000010001111111111
