110010000100101011101001100111000110100111110001100001011001
110001100000111100111010011001101101111000100100100110101111
001001000010100010111010111000010011011001001110001001011000
100000100101000100100000100110001100001111101010010001100011
011101111000110101111110010011000010011100001110101111001100
001100100110001111100110010011000010111100111010101010001101
100101101011000100010010101011101110110100001001011100111111
111001100101000011101001100000111001110000011000111101100001
011011100101111000001110101000001001111001011001011111011010
100111111000111000001011100100011101000001000110100101010010
110100101111101001111100010101110111100101110101101001100100
000111111010101111011110001111101001000111000101010101001000
100010101111100111011000001011000100001010111010000111110010
000010110011011110100111100001010101110101111110011101110000
110111111101101100000110100011100110100001101111100010111100
000000100111001011110101001011010010011001000101110010001000
001111011110100101100000100001011101101011010011000001101111
110011001011111000101011110111011100001001100010001001011100
100001011001011000111111010101011100100001011011111100110001
100011111111001111010000000111100100011111000000100111011010
011000101011011110001110110101110000101100001000000111111010
110000111001101110010100100010110101110011101010111011001001
000100000010101110011111100110001010001000111001110110011000
110011000000111110000111111110001101110110010010001101001111
110110011101001000001011001010111010111101000010011011100110
110100111100101001111010101000000101101101001011110110100100
110101111001100010010010001010110101011001100001100010001101
110111100000000010001001100111101011111001010010111110111001
001010000001101001011101111010101011001001001001010111110111
101110011000101100100011001010011011010001111000100000111101
010101110100000000111101101011101111100000010110100101111011
111100101110100101010011010010011010011011001101110000000000
100101110111101011001101101101111101101110010110101101110011
011010110100011110011111011111111110001000101100101001011111
000000001010100101001100100011011001110010010000110011010011
101001001111111010100100010000011000011000011001010010001101
001100101000000100011000010110111001001110010100010110101001
000100111000010100111011010101111000001000001001101110011010
011010011000111111010100011100011110001110101101001000000010
010101001110101101011000110010000110000101101101000111110111
