010110010010110100001100101011100100001000001100101001011111
010110000001010100000110110011101111100010001000100111110010
111010100110001011101011001101110001011110100000100001111101
010001100101110101000000010011101000101000111011000011110100
101000001000100111001010110010111100101011111101001110001110
111000000110110110110010101100010010001010001011001011001010
101010101100100010010000100111101011001101101100111110001010
100110010100110010110100000101001010001101011110111111000000
011101100110000110011011000000110011100011101010110000001010
011100111100110100110011011100111101000111001101110001001101
110110000001101100001111011111101111111100010011100011001110
010110111111111001101010010000100110111000000010001111010001
010110001001011100010000110011100111010000111001011100011001
110011000001001111000110101010100011000000111001001110011011
011000111000101000100000000101111110111001101111011110000011
110101100101000110100011001001111010111111011000111111011100
111010000001100111111000000100100111001110100111101000000010
101001000001110011000010111000000100110001100100000111110111
001110111100010100101100010111110111011110111100010100011000
011011001010111000011100110001111110000000001000010001100101
101110100011111010001010001000110010001001001000101100110100
111100011011010101001000101101100101001011100100110011011000
000010111100110110100111100100001101000011001011010111100101
111001010100010111110101011100010101110000010110000101011111
111110001100100010001101010010011011100000001100110011010111
100110010001000101110000100101111100100111110111010100001100
011000110111101101111001111001010000100110101101010100111100
111110101110000101101000010110001110010110011001011001001000
111100111010101010000000101110111001010100100101010100100001
111100101111011110001101100110001011010100111100010100111110
110100011000100001100110100101011010110011111111101111100111
000100010010001001001100010100101010011001101100001001000111
001000010110111000110000011110001100111011011010100000011111
101100101010011110111001101001110111101100110000010111101010
011100011110000111010000010011100011111101101011000110001100
101111010100101111001011111100100100111100110111111110101111
001111001010000110111111111101011101101010100111101111010101
011010101101101011001111011110010111111110010001001011001111
101011110000110100000000000000011001100000011100000010110100
001111000100001001111101001011011010110110011110010100010011
