100110001000111000111101000111100000110101001100100000100010
100100110011001101000101110111100010110111010110100111100010
000100001101010111010100011001000110000010111110110111001011
111000111010101101101011111001000011101011101011011101101000
011001101011111011000011010100011001010001111111101000000011
101000011001111111100001010011101101110011110100000011001001
011101101011011111110101101001001010000101000010010000100000
000000001011100001010010100000001010110001100000001101001010
011010000001010101111001100110100110000101100101010111001011
010110101100000110001111101000000100010001100010011011110100
010110101110101110001001111010011011001100101101000101110110
101100010001010111100111111010011100010011001111011100001001
011000111110001000100101001110001101000100110001000100011111
101100101011101001001010101100010010110111011000001010000010
011011000110111010001101110111100000011011011110001100001001
110101100101001000100100100011011001011010010110011001101011
101001110000000111000110100111010110001100101010001000010110
110100111010110101011111101100011001010010111000011101100101
011100010111000001011111010001101100100000000101000101010010
111010000010011010100110010111111110100101101101010011001001
110001001010111010100101011100110111011001011001011011010001
000100101011010001101111110001101011100001111100101101110010
110100010111000010110100110111000001010011010000111110111110
010011001000011100001100010011110001110000000010011110001001
001100101111101001000010010101100001010100000001111111001000
010010010110110010010000001100100101001010101101111000111110
111000111100011011110101100110000110110110011001001001001011
011101111001001101110011001000011000101111011100100010101011
001000010100101110010111100100001010101111001100101100000110
001000000110001100001111111101011110000101011000111011101111
010000010011001101100100000101110100011101001000101001101101
110101100101101110101101000010000100001001101101001010111010
011100010000011101110011001100100001000111010001010011010000
010001111010111101010100010001101011010010010010100001011101
101101101011001110110101011000011100111010011101011001010100
000010110010100011100010011110111100011010011011110101011101
101111111100111111010110001011001011100010010000001011110000
101000000011110100011001010001010000110011101100001100101100
100110010011101010111111100100110110000101000100110101111111
110100001011001011001110000110101000000011101010001101000111
