011010100010000001000010000000011110010010000111101101000100
011011010100001011111000111111111111110001011000101111100110
011110101110000011011011011011010111011100000101100000111100
100010101110101111001101101101011011001000000000111001001111
100001010010111010101001110110000110111111111010000101111110
101001101110010100001110111110111001111100101101000010001001
110000101001011111111001110000111111110011000001111100010010
000011101100011001000001010010110111001000101110011001011100
111000000011100001111011000000101111110110111101001001011101
110111101011001000111100111000010001001101100100100000010011
010110101101110010010001001000100011000011010000011000000010
100111011110101001001011011100010011001000110010000100010011
001111100110011100010111110111000011111110101110011101000111
100111010010101110011010001001011111101011001111001010001101
110011101000010010010000100001110110100001110010100011011110
000111010001101011111100111111111000100011101101001101000000
000110110110011000111000110001111110100111000001000111111011
010101101000100000011000010000111100010100010001010101111010
001101110000100110010011001001001100110000111011111100010011
000101110101110101111111011010110110011001001001001101100000
001111101101101101010110010110000001100111000001110101101000
111010101100001001110100110001110011111111010011110101100100
001000011101101100100111110100111011001100100010100101011111
011101110001100001100110101110100101001001001000100000111111
011010001110011111011111010010101100000111001111000001100111
001101110101100011001010101011100100100110011111010011111110
110101100111010011010110010000101011010000011110010110010000
000000001010100111110100110101000110111100000101000101101000
111111001011111110110100101111100010010111011010011101101111
000100110100011100100110100000011010010001110101101100011011
011001110000000011010110111000010100100110100000110100000001
101010000001010000010000101001110110101000000000010011010101
001101010011001110010001001110010000011110110001101100110010
011001101101011110101010001010010010011011111010010111101100
101001001101111111000010110100000010000011101101100000101011
011010000001110111011111101110110001110001101010110010110000
001101000100000000111000000011111100001110100011110011110100
110000100111001100110011111001111110001100001110100010101100
010111011001000001011100100010101101101100011010010101100101
111111111011000111100100011111111101000111000001101001110001
