110000100110000010111101101100011101001001001111111011000001
001010110111011100010010111001000101011011111000000100001000
000010111110110110010100111110010011001110100111011100110001
100011101001101101001011001001110000011101000010001100110101
100011110110010110101000010111000100111011100000011011000111
101010001011100011100101100101010101010101101000001010111000
110000100100001101011011100001000010011101011111010011100100
011001100100011111000111101000010110100001100010000011111111
100000000011001100010010001011010100100010111100101100011011
000001111000011100001000001010111101110110111000000101110101
000111010001111001100000111101100011101010011111100111011110
011100101001000011001010011010011010000011000010010011100110
101100011100111001010010101101001111011000100001111111001011
110001000000000111111011010000010011111011000011010111010111
010011100101011011010100110010010001111001100010110000110101
100100001111111101111100010001110011001011111110000001000001
110111111010100011001011000001101010110000001000111100110011
100100111010001001100100111101010100010010001000110011001111
011110000100000111101101001000110001010010111010100001101011
101011100001110110001110111110110000100010110000011010000001
000101100111111100010011010010111000110001011110010000111100
100010110001011011101010010000000011100110110000110100000010
000100101010100011011100110001001011110110111011100010110001
011001101011010100100110101010111101010010001001001100000101
110000100100111010011111010011001100010001100011100101101010
011010111001000001100011111001010110011000110001000101011000
101100100011000111111001100100100010100111001111111101000001
111001110110011101000110111111001010001011101100111010010001
000100010100001100001110000110001011101011000010110001001101
011000001110010001000100110011110001110101111110001011011100
101101110001000110000011010110000100110110101100001111000101
000110111001010111101001000010100101000110100111110000110101
101010010000101110100110110111101000100110000001001011001011
100101111111001010110001111110011111011111010010100111000001
001110101010101011111001010001000110110100110111011011001011
010111001001101111011000110101010000110100110101101111111111
000000010001101101011100110011000001001001000110011100000000
111110110111101110111100010110101000101011001011011100010111
000111000100010000101100011101001001101001110001000101001101
110000100111000111101110101101110001101110000100001101011000
