001010010011100100000001110100010010010011001100010010111011
110111000101101100111000111101101111010100010111100101010101
011100010101111100100001010110010100011101101100111001001000
010001100111110010110110110110010001111110111111111001101010
100111111011100011101100111001011111011011011101110110101010
001000010110110110000001000000000000110001010100001010010111
111001111011011110010010111011000100111101010101001000100001
110100001100001101001001000011010101010000111001010001010000
111010100000111110110110100001000001011000001000010000000100
010000000001111001111010111111111101101110101011100111000001
000110111010000000100110101001001101000011001101001110010011
010111111001011100111010010101000111010100100110000010111000
110010010110111010100110101001111011100010101111100101101101
000111111101110100000111001101011111100010100001100000010111
011001000000010011011001001110100001100011110100010010110101
110011010110110111111010000011001000001001111111011011011110
111000000001100011110000010011110111111011100010000011000001
011110001101011010110000011100001001110000100110011010111111
000001000100111011100110001101111001101011111010001011001110
000100000010100111100011011110000110100010011100001100111100
110111111100100000101001011110011011101001100101000111111000
011011100111110011000011000000011011100011101011000101000010
100010011000101011111010000000010010011011001010010011010111
001110010111000100110000010111110010000011111100101001011110
001101011111001111110100000100000111110001110110010001110101
001101000101011011110000011110010111011101001101001000010010
011010001010111101010101011111110111100111000111000010010010
101101111011101100010100001011101010010000001110101110100001
101001001100011111100100111100011100100110100000100100000011
101111000000001010100001111001101010011111010011111010110101
010101010111110010110010001110100000001111101000001001110111
010110111100100100010110011001101001000000001000111010000000
101010111100001110001011110011101010001101010111111001110111
110001110101101111011001011001110100001001110111010100111000
001000110110011000110011111101010001111011111101001101000101
010000011101100100001011100111001011100000000101011000010001
000011011111101101100111100111110111100001010101001010011111
011110000100100000100101110001100011001100001110100011101101
011001111101011110001001100000001001111000010110001010010011
011000001111100001001110011111110101001001110001110100101110
