100010100111010111101001111111110001011111010101010110101010
110000100111100011011010111011001110001000010100011100000010
110100000001100110110001011000010001000110010100010110010001
000010100110100100111000111000000101110010111100000101001101
010001001100000000110000111111101101010111100111000110010110
001101111100111101101100010110110000000011100010110110001101
000100110011000001100110010011001100000101010000110011111100
110011110100101010001010111000010100010001111010010011000010
111001001110110100111101010111110000101010000110001110111010
101110000100110001100101011111010110110101000111100101100011
001100111011010111000011011110000110100110101001000110000010
011100000110011100101011011111011111010110001100010111111110
101000010100111010100100100000101001110110000100001010101010
111111001100011011000111101101010100000011110010010011100110
010111011011100111100001111111011111011000010110001001011011
110001111111001100000110010001100000000001111100110001001111
011101101010000011110101010111001101100011000000010101101001
001111111110001000010000010111101101100010110101001100110101
111001100001010000111011100000000111010100001101010110101011
001111010111011001010101010000001000110110110000011111110100
011111111101111011101000111100101000011111000011000101001001
111111011001011101100011010010001100111001110110001110010101
011111101111110101110100101010010111000110000100100011110000
101100110101010011010000111011111101110011110000110000111110
110100100000011110010110100111100000101110111000100011010110
111000100001111011011111001010010001111110010101101010101110
111001010011010001000011010010010110101111101000110000110011
011111000111000001011001111011000001111011011110010100110011
100100101000001000001001110101111010001010111000011100111000
011011111101001100111111000111111011010100101000100101001100
110010010010011100001000011000011100011001111011100010000000
100111000100011110001100110010110001010010111100101010011111
101000000101011001001101101111011011000101110000100100010100
110101111100001000001011010010100111011001010100011001001110
100000110001100101100010011001101001010010011001011111011001
100100000100110111001100110000101001111100001010010011101001
100100101000100011000100000101000101011101111111111000011011
011000101101100110110010110111111110000101110110000100010000
101000111010011110111010101010111101100100010000001111110010
001000011001111100100010111001010101011010101110000110110101
