101010101001011001010011110011110001010000000100010100001111
001011010011110110100011101011100011010101000101010101111110
110001000010111100010101000100100000101111100101000111010000
100110001101010101010000010010100110001010100101000010100000
010111010001110001010111100001010001010110101101111101000011
111110111011011010001101001110000110000010000100101110010010
011101111010111100101000100010001011100100011001101000111111
010001101111011010011100110111100111100111000000110110011100
111110001101010111101101110011000001000101110010101011010000
000101001110111101101001001100101010110011100010011101010101
110010010001111011010000001000001110000011011001011101011001
011100010101001010101111000000010101001001110110001010110111
001000000000011010000100010001111001101011100111101111100101
001010111110000111101000000110100011000100100101110011101011
100101000001000011011110001001010101111001010111011101011000
000110111111101001010101111100010000001010100001011001110011
010010110110001000011100110011000001001101011110100010011001
001101111110000100110011101101011101111101001000111001110010
110010101101000000100101000001110100100111011000111001001001
111101110101011111001011101010001101110001101100111010110010
100100101100001011101110010100001101110000000010111000111000
001110100100100011111001010010010001101100111100000001001001
110111010011111101000011001110111000110111000001000110000001
101001100001000001101111001111011110001000010110111110100110
111011101101100010101001100000111110000110101111011100111011
111101100010000011000000101101000000001000111110100110001101
101001001110010011001101100110110101000010010001010100101011
110100111010010111001100101001010010011100100001100101011110
101111001000101111010100100110100011001100111010100001010111
001110000100001101011010111110010010001101111010010111101011
011000101001011011000110110010110011110011111100100001000101
101000110101110110010000011111011000011111011100100000000000
000100011010100111010011011001100110011100110010010111100111
111011100110101111010111100111111010100001111010001111101111
011001100110110101010010001100101010101101100101111000000000
001010110011000101000101100000001100111100101001010101010101
001111011010100010000100100111011101110101000010000101111000
101110111110000101101011001100010100011111001101100000001111
000001000011111000111111001111010111011110011100001001001010
111011101010100011010000111011001000110011011111111110010110
