011110001001010111111000100011101001011100001011001001110011
110001111011011000110011100011110011101011101110011011001101
010000101101010111010011001011011010100001000100000011010011
110011101101000111000011000001111000001100010000010011101001
100010111111011110101011001111001101001110100000011011010101
010110000011000011000001010001010100110000111111100001100101
011100100100111000001101011011101000110101110101011011111001
011000001111000100001111010001110000010101101100010010011001
111111110001001100001010011001101001100001110100000110100100
011000000100101100101000001010100011111111011001111001100110
110111000101000100100011001001111111011010000001010010110001
011100000000101100001100000001010101100000110001111000001010
111101000111100110111111110010010101101011111010000110110110
100010101001111100110010100000011000001001100110010101001100
001011100111101001001100001011100011101101101111110010011010
111011111000010100001111111011110110000011001110111011011000
101011000100110110011100111000011000010001110100000111000011
100010101001001110101100010001010101101011010010010110001000
000111100111100101100111001001010100000000110001111001011100
110110100000111000101101000111010000001010011101100010000110
101111011000011011001000001110010111111110111001010110010110
011111111100000010111101000000011110101000000100001101010010
111000000000010100000011111010110010101100001010111001101111
001000000001010110101010010110010100110101011111111000111010
100011100010101110000001101010011011000111001001011001001001
001101000110000110101111011111111001000111000001101111011000
101010010111001101100000011001010100110100011001010010000001
000011110010010000110000100110010100010010001000010110000110
010111100101110100010101010001111010011111011111011010000110
100011111001011111010000011011001100000101101111111010101111
110111001101011100001000001011011111111001110001011101101000
010010111011111000010000111100000111101111010101000101111111
010110000001011101000011100010001100010000110010111011011110
011001000000100111000101000001110000101100110000101010010111
001011101011111001010110000100111110101110111010101001101001
001101101001110111110101010010011011010001101110110111010000
101110000100011101100100100001110110001100100111001111110000
000110101011001000000001111101001101110100001110010000100000
011111011101011010011101111001000100001011100011101111101110
101110011000010011110011100111111000011110100110011000011101
