101000010000110011000010001011110010101100001110011011111000
110111011001000111011000010100010000001100011000011110011011
000111010111001011010101011101011010011110110101111011100000
000011000111101111001010010101001110011110001111011011001111
101110001001111110111010001000111000110101100010001010011111
110100011010011111111011111110111111000110001011110001011011
000100101000111001101111011111010100000011011011110010011100
001011111011101000011001111000000001111101111010010100011011
001100111000111101011111001010111111100101100011011011011000
011001101110011011011001000110101100100111011100010010010000
000000001001000100011011011010000010011011110011010011110010
000001000010110111010111001101100101001001110011110111011000
000010101101111110001011010111110010010001001011011011111010
101011111010100101011111100001001100001000010010111110011101
001100100111010111001011101011011010001010101101110010110010
000101111101111001000111100101110100111111010001000100000011
100001000111010011000011111001111101011110101011101111111001
111100001010010100001110111000011110100001100001010111100110
111101010100001001011011001001000111100011000000010100001111
001010110100010001001011011101110000101100000000000100010011
101100011100110000110010110001000111101110000111110100011011
001010110100101110010110001001001101011101011000100010101010
011110100000010110010000001010000001111001110101110000101111
110110110101101111010000000110001111100000100010011101100011
100011100000101001110000100011010001011110100111010100011111
101000011100011100000010110100100110001111000011111010000000
101101100101000010000000000011001110111000001001000110011101
011001010011011111110010011101011110101100001001100111101000
110010111010101101111111101001110000110010011010100010100001
100101110000010001110001000010101000101101010101000011111001
111011100110001101101101111000010011111011010011001101000110
101000100011111000001100011100101011000010100100100011111100
001000110110001000010011001011110010000000001100011000011000
111010010101111011101111111011011110010010000000000101001111
100110110101110011100010010101000011101110000101000010000110
000011111000010010010001101011001010101000010100100000101110
101010001001101011010001011010111001010000001100110110010010
000001001000111100110011110011111111100001101101001001110111
101000110000101101001110001101100101110100011111101110011101
010001000111110100011000011110010111111100000111101100111100
