000001111101101100000101101000100110110000110110101011100000
000000111101110011101010010100010011101010010111101111000111
011010000111011110001110101000101101111000101110101000011001
010110100010110010100110110001001001011110011001110101011010
010110101000011100010101011111101000011001000010001011100010
010101100011110011011001100011110110001110100100010111001010
101101010011100000100001110101101110010110100010111100101110
011001000111000010111111010010000100000101100100101010100001
000011100100010100010110001110001011010001011010111011111010
100101111001100100101110110111001000110101011011110011111101
001111011011010100010010110000101011011100011010011010011101
110111010010100101110100010100010010001100000011101011011110
101010001111110111001100011110101101111000101110011110101101
000001101111111100101010000010000011000000000111001010100100
110111010110111100100100011010000110111010011000110010101100
110111000101110100011011010101010110111000101011000110111000
010110001101111000110000001000011111111011011101000000111101
101111110110011000010111100101111111011011000000010000001100
000001110010111001101101000111000010000001000110000100000101
000100100111100000000111010111100010101111010000010001010001
011100101111011101110101101110111000010011000110001001010001
010011111111000001010011011101110101111100101001010000100001
101101010100011000000100110001110011011000101110111111111011
111101100100111011010001010100010000111110101011010000111110
001000000011001110100101101000110111011000000111101111011000
001010010010001011111001100010000000110101110100110101100110
000101100101101110001110001000001001011101011010010001101010
101000001001101000110111000110010100010000101111000001001001
100101111001010010010011100000101101011001000111111000100100
001111110011110010111010011101010011110101111011110000010111
111110101100011110110101110010000001111011100111001101010011
001110000100010110010011101111010100000000110110010010110111
100001001101100101111011101111111110000011000110011111010011
001100010000000011000001001010111110101100110110111111011010
100000001010001101010001001011101101011101100011010101100101
101011011111100001011110100001010100101100000110001101010111
010000011010001110000111111010110100110110110110100110110010
010110010111011001010100010100011010110000011000110100000000
111010101111101100111111100000100101001010011101011111000001
110110111011011011110101011111011100111101001011011100110010
