010101000011100110111110101111100111010011001100111011100010
111111101110110100000010000100001001001010001001000010100101
001101011110000011001011110101000101100111111101010110100011
001000101000111001111101111110000100111111110101000100100101
111101100101111111010010110110011110000100001111000100000111
101101011100101001010110001010100100101101110101011011110101
110000011100001011010101000011010111010011100010000011001000
001000000101010010111010000110110001110111100100011110100010
010011001011111111110010010010101000010010100000000011001110
110001101110111101010100010011110111111011001100100001010100
101001010001100010101000010100011011111111111110001101010100
011011100001010011001010001000010000011111011111010101101101
000111010101101010111000101000111110001101100100011110010000
100010111000110010001100001100001000000000100101010011011110
010100010001110111110010000101111001011011001001000111101101
110100011011111010011010101010010011100101000100101110001110
001101001100100010111110011011011010100101001100111111001000
101101110100010100111111100111000100111000010010110010101001
000001111110100001011000010011111110000101000000111010111000
011110111111001110001010000100011111111110111000011001101000
100110111111001010111100000011001011001110100001100000011111
100000000000110110100110010111001011001111010111111101010110
001000110001010010011110110011100100001110101100101000001111
101100101000000010110100011111010001100110111011101101101001
001010001001000000011001000000101010111100110000101011000101
110101101010001110110100011110110011110010010111000001100101
110101011001001010011101011010100011110110101110101001101011
100011001010111101100100111000100100111110100001011100110111
101101101010000011011111010101000001010100011110110000001010
100101101001100101111001111001011110101100101110110010010000
001010010001000001000010000101101110011101101110011110100110
101001111111011101010011100000000111101000001100010111101111
101111101101111111111111101010100000101001010111011001001101
010111010011011110100010011001100110110100100100110000100001
110110101101000100010111111110011101001110000110001110100011
010101111011110110101001011111000011001010111011100110001011
001101101100111010000110010101010101011010000101000110010110
111010001111110010000000000111001110100101110010010001010001
001011011101000010011111001100100110100000010011001010111011
010010101101110100000000011111100000011001001111001011011101
