101010000010111101001011111110000100011111010001011001011000
010110001010101011000001110101111000100101000110011001011010
111111011011101100000100101111010111111110110010110101010000
111000011100011100111010110010010110000110111110110001110001
111111010011100110011110010011001100100110010100000111000010
000000010001100110101100011011110010101110110001001011111010
110100010101111111000101001101001000011010011000100011000111
011010101101111101010001110100111110101001101111111100001001
110100000111001101011011101000010101010100010001001111110111
111110100011010001011111010001001110001001101101000000100110
110110010010100000000111111011110001101000001011110100001101
110011111011110111110100011110101011100011010001100000110010
001011101111110101111011101000001100001001110100100110100100
010010011110101011100001101111101000110001001000111110010010
100010001011010011010011001101011010111001110101111010011010
110000110011100111110110011011111101000010100110100010100110
100110110011010111110101001000011010110100111001011100011111
011010010100101010101011100011111110101011111010100010011111
000110111000010111010110101101100100011001101100101110110101
110010000110111010111000111100101100010101000000101101101011
011111010110101000001101111100110100000000110100000000111101
111110101000110011010000101110010000011000111110101111001001
111100110111111011000000110101110110010111001111101100000110
100111101000110100010011011000111001010000100101000110000000
110000011000100010101011111111100001010011010100101100001010
110100011101011111011011010010000001011111101011011110010100
000000010000000011001100011010011011101111010010001001111010
010111001001101100000010000000000100000000111101101010100011
011011111001110000100010111100111101010100011101001101101100
100111100001001100100100011011111001000110000011111011111111
110011101110001011011011011010110111000011001000111110000011
001111111101100010000000011001110101011010110000010111100111
111101111010010011100001100011100011101101010101111000110110
101010110011011101110010000011110100011111111000001011010000
000001100100011001100010001001011011001001111001111010111110
110000100001001010100100011100001000011001010000000110101111
000000100110111011110010011000011011011101111011100001001110
101111011111000011001111011110110100101100111110000010111000
110000111101011101100000011001100100011111010001111001010001
110110111000111111000000000101110111100101101110110100101001
