101100011000011110000000010001010101001001000011010101001111
010010011000011101000100010011010010000011110110011001010111
011100000101101000000000001011111001100111100001000010011110
111110011000110111110011100100100000111010110101111110101111
000000010011000011010010000011001010000000001001111000001001
111101011110011011110100101111110100101011010001110100010010
001011111011111101001110100111000110101100000110011001010011
001011101001000011101000011100000000000100000101001101000010
101101101101101101101111111100110101011101011001010111100000
011111111001010011111011010110101110110000111010011100001110
101010000111000001110110110100101001000001001101111001011110
000010001101000101100110000011000001011010000110001110110001
100111011000110001011101011001000001111010000000010000011100
001001010010011100101000011000000000001010000100101110010000
110010000101100101000101010100110110110010100110111000111111
000101110001100000010110111100101001101100110011111100111000
001011111000000100101000101000100111000110010010111010000100
000011010000011100011111100000100101101101111001010011001111
010101101000010010111001110100100011001110000010101101011000
111111001110101001000010001011000110111110001101000101000101
101000110001001111100000111100010100001000100100110110110001
110001001100100000000001100010000010100111001001101000100010
011001010000110010010101010010010111001110100000001101100000
010100011001011101110111010111000000111110011111110000001010
111010101010000001011010110001000011110111001111101001010111
011011010010010011011111010001011000010011011000010011011000
010001110100101011001010011000010011000000011111011110100001
011100101010111011011000111001001010111110001010011011001101
001100110011110010010001011000101100000010111011111001011010
001111001001101011011011001001000010111101101011010001100101
010011000001101011110010101110111000110001100111000111111101
111001110100000000111000110010010010000100111011010100111101
001111010110011010011011111111000011111000101110010001111010
111010000111010001010001000000000100100000000001011010001101
111111011011110100100000011111111111110101110010100010110110
111000110000010101010100101100000000101001001001101010010000
100000110101001101001110000100110000001001101001111010011101
110001111101110101000100010110110101111010101100111000001000
111110111001000100101101110010100110010001011011101100111111
110110011100111100101100000010011001110010111011101001110110
