001101101101010001100101100011110010001101011111011110001111
111010010011000101001010101001100011100011011111001100000101
100010011101111010110101101110111100100010100110101101111011
010100111010100101011001101000010011001001101100000101101101
010010111001011100100111100110001000000110100000111110110111
100111010000000011111111110010000000101000101111110110101111
001001100011011001001001100010011000001111011000011000111000
000100110110001010100110011110000111010000001001100111011100
010011011011011100111100001111110101101100100110111111111001
101101111100101100010001001001101010000101101010111110111111
010011001010011000001100101010101001011101011101001110111101
110010101111010110101101000010100001100011001101101111010100
000111101011110010100100100110001101110101101011101111011101
110011101011000000101011000110011100001001011111111010101110
110110111000100000001000110100011011001111111110110100001011
101101010100011101110000110110100000110100111011101011010011
100011100100001101011000011110001111010010101110100010111011
101110111111100001111001000100000000100011010001100111011010
000001001011111111111010011011100111111111011011100101011011
001001101111011001110001001011101000001001110000101100001000
101011111101011001110101110011011000110101111010100111101100
001011111010000100110111110010000101110110000011110110001110
100011111100011111101111011000111100101100001100100111010100
101111001110011011101010101101010011100000110011011110010011
111100101000100100110110000111010010111010101000011010011000
010010110101001001001000100101100010101111000010000111000001
000111110011001001001011101010000111010101101101101010010010
111110011010001101111111111010110100100101110010110010100100
011000011010001100000100001001111101000000001111100001001101
111000010011000100010000100110110111100011111110011101010001
110001100010111101110011111101011000110011000011110000000011
100001100110111000001110010111011010110010000011001101011110
010110010001011100101110100010100101001101110011011100000100
000111001101011100110010110001111010011011011101000110100111
101111100101000010000110100011100100000000011110001110100001
011000010010010100101100110110100001111001001110001011101010
010100001010110011110110000000101001001010010000100001011001
111000001101000001111111000001111001000111111010111001101010
100010001000010111011010000110011011100001100101001110000001
110110001101010101111110100010111001011101011010011000001001
