111110000111110100001011010100010101101000101111010101011010
110010010111100011000101001010001000011100101011001100001000
100100101001010000101111001010101001111111011101011011001110
111110011111110010101101101011111000100111111111111110111111
011100010001101101111101110101110100001101100010011001110011
000101010000001110111000110001110000100001010111011110111111
000000000101101001010100111011000111001100100001000100111110
100111111000100010010111000001011101011100001100110010000111
000001010110011010111011110100111100101010010111101101110001
101101000100000001000011000011110000001110100010101010111001
010010011110111101000011011011010010010001100111010100001011
100000101100010110010001110010110100000100101110000101100100
001110100001001100000011100001110010000101000100010001001101
100000010000001100010010001010111000000110110111100010011011
000100010001110110101101000110001110010011010001010101101001
100110111101000001001110110010010100111010011010101011001110
000111001111111111100000011001110101001101010000011011110000
100001110001000010111110101011001100100001110111101010001010
000000000000001001000100100001010000101111001011110000100110
101110011110001110111110010010001110000000010101111100110110
001110111101010001100001000110110010011001111101010100111010
011110010110111100101100101110100111001011000000101010001111
111010001101100101101101111010010100011001011110011001000011
101001011011000110101001110010101010011100101110100001111011
011001000011110100111100111101000010000100001111100010011111
011101111110001011001010110001111100000010101011011101010100
110010000000001010001111010010100111001001101111010110001110
111110011000101011001110110011110110110110100000110100010111
100110101111001110110000011110111110110001000010010010110111
110011100001101111100110101011010100010011001001011101110011
000101010101100001000111110000101100111100111100010010000110
110101100101110010011011111101011111000110011011001000101111
000101100000011010110011110001001000101100011010000100110110
111110011100101001011001001001000100010011001010100100011111
010001001101101101000011100010000011011000011110000101101000
000000110001110101001000100000100100110101101101001100000011
001000111110100110110001010011001010101111111111011011101101
011001101100010110010000111000110010110101011011101000111000
101001010110100010010000001010001010001010111111000011100101
011010010100010111010000111000000111100111011000100011000110
