111000010110000111000111100001111010111010110101111000110101
111011111001001011000111001001010000000110101010001100110011
110101000100100101100100111001110101110101000011111001111000
010100011010010000010110100000111001101000011000010100010011
111001100111010100101000101110001110101100011001100100010100
110010110110100010110100110011111101101100111100010001000111
111010100001000100010101111001000010001011111000101000010011
000111010110000101100100111101001001011011101111010010110100
101101000110010110110000101010001001100011111010111110111110
011111111010111011010000010000111110111000000011001101110101
100010100001110001001110111111100001011000011111010110101111
000010101111001000000100001100000000111010100000000101100011
111011011001000000000101011100000100010111101010111110101011
101111000111100000011101010100110001011011001110110100001001
000010011110100110110001000100100110101010011011110111000010
111101100010001111100010001110100100010010100001101001010111
000100010000110100111010101100111000010010011110100001000100
010000000111011111110001001111101110100010101011111101011001
101001011001010100001110001111101111111110101011111010111100
110100011100101011100010111101001101011101010100110100001110
110000001011000100011001000101001010110111100110111000000100
111101011000001001011001100101001101000000110001110110011011
011111011101001100100000100110001010111111111100110100011110
000001110001101101011010001011110111110001110001101110100000
000100010110110100010010001111000100010000010011101010100001
111111010001110100110000100001100011101110011101111110000111
110000111010111010101111010011111001000011101000000111011001
001100001001111111101100111110111000110100111100010000101011
101001001100110001110100100100110001110001010101101111111011
111101001100101001011001111010100010010011011100111110100011
010010110111011000110110000011010111001111110100010110111100
000110001000001000110011100001011010011011001100001000101111
111110010111101000010110010111011010110111001001101011000101
100100001111100001010010000010011101110000110001000111100011
011100011010000111100101111101100100001000000101011010000011
010100000110110111000101100001001111010111110101001111000100
000001101111010000011010101010100011101100100000010110101001
010011100101010111100010000001000010001010000001000100000000
111100100010011011111010010100110110010000001101010101111101
011111011101101100111100101101010110100100000001011010010111
