010000001000010010101111111001100111010000101100001001101101
100110010111100101011010111011011110010000110110010110011100
101000001111001111011001011011101010110111001100001001011110
101011011101001111111111111111010000000000111101100001110010
010100111100111110111100001100100100110111110100001110100101
111100000101010010010100011001110110100100100110101101010011
000011010110010100101111010010101111010110110010100100101101
011111111010010111001100001101110101000010001100010111001100
001000011110010111010010000010000001100110011111111110000110
010101101011001000000000000011000010000101000101111011000001
001101001100011001000101101000100100101111000110111110100011
101001011011100010100101010001101000110010011100000000110010
000101100010011000010011001101011101110101011001101011110010
001001101101101110001110101001110011100101101010011011010100
010101110001001110110010101100101001011110100100010111010110
100111010011000001111101000100100011011001010110010100010010
000001010100010111110010000001001011101001000010000100101110
110100111011001001011110011010101100000010101100001001110011
110111111111110101011001011100100000111100100001110010001010
010000100011000101101000111100011010111100010110110111101000
001100010100001100111110111000110000000000011000001011001001
111111100110010111111111100010101111000001101011001100000110
111011000100001101111110111000000111010011001011100000000000
110000101111010101101101001010110000111111001001000110000110
110011100000001110000101111001000101000000101100001001011000
110001001111101010100000110100011101010001011111110010111010
101000110100011001000011000010000101010011011100100000100111
100000100010000111000011101110111000110100001101110111011011
001100111000101011111110100001111101111111011001111010101011
011000010111100011110100001111010111000100110001110001110100
001111010011011010011101001110000100101100111110000110111011
111101001100011010110010000100101100000101001101110011001000
101010110010010101010111011001110110000011111001101010011101
101110000100011110011010001001011111000100001011010001000010
101000011111110101000010100011111000011111100100011101111001
011001000001011110011101000000001101100100100111111101101101
001100100111001101000000100110010110100011110000001011101111
011110111101000100010110000101010000111100000100010011100101
100000010000010001011110111000110011100011101000001001010011
010001000001110011010110010100111000101010101110110111110001
