101011001101001001101010001110001001101000001011111011100101
001001100101001001010001101101010111111001111010001111101111
011001001001111100001000111100001001100010010010100010000101
110010110101001011110100101011001100100011000111000100011010
100111110001000100110110101000010010111101110001110110111111
010110101000101100011100001010101101000101011011010011110000
110001010000111011110111000110001101110110011101001000010011
010000110001001001101001011111010010100101101011010100011010
000010000011101010100111100001000000000101001101100110001110
110101111110001010100100101001000100011010101000001000001001
000011000001000000000100100111101111001111101111110001100000
100101011111111101110101011110000110101010010101101010010110
111010011001001010011000011000010101010101010110111010001011
001011000111110000110000011101100011010101010000001011100001
010011100010001011000111111110110100001101100001000000010000
011010001010011010100010110011101000101110100011111100101100
001111011101100010100011010110001011000111001100001110010101
101110011010001110100010111011111001001111111100100100001111
110001010101100010101100011111111111011101101101000000010000
101000011101011110110101000000110010110110111111010110110100
111010101011010000010101110001001111110110111101110000101101
001000111000111010110000111010101100110010111001000010011111
101111011001100000011010111111110101101001010001100100100000
000110010000010010111111000101100001011011111100100101011010
111111010010000100011000010100101010111000111010010011001111
100011010011011001110011000001100110101101101000100010101100
111001110000100110111111010110001000100111110101111011011110
001011100111000100011001111011000101110101000111011011110011
001010100110100100010010110011011011001001100010100011000001
000111110111000111010001010011010111110000111000001000101011
111001000100101101110100101110101110011100110011110111010100
111000111110100001100011101101110001001110101110101000001110
001101000111011010001000011000101101101010100011010111011101
001101100100010101101111111011000100011010111100110000010011
011110111000011001101010101111001100011000110100101100100010
001110000101000010011000111011010001001001110001000101000111
101111110010111110010010010110100010100110101110010000001010
101011111100101100100010100010110000011111100010111110001000
110001110100001101101101100101111000100101100011110101111111
100010110101001110001100100001101011101011011101011010010110
