111111101001110111010001011101110110000000111011100010111111
011101101110011000111010101010110101011101100101010100111110
111101000000110011101001100110000111100111100010111000011001
011010010000111001001110001010011111001011000011110000101000
100100000001101100000001011010001100101010110111110011000011
010011011011001010000100011100110011011000010011111101111001
001100101101000110100100010001101110101000110110000010011110
100111110110001001110100101100010110110100000011100000101110
011101011100000000001000100101000100001100010010010001101100
110111001000011011001001001101000000111100111101010011111001
110001111110011100000110011111010111001010111110000000000001
100101000111111011101100010110101001100110100010110001100111
010101001101010001111111011101111101110101011101110100100000
110111010001001100010110001011011000011010010100000111000011
111100110001011110100011010111001101011101100010101001000011
101001001001010101101011010000010011011000101111001000110111
101010011110000100111100101100100010001110011010010101110100
111001111010000011100101011101111110101101000001101010100000
000100000010100110010001000010101000100100010101100011110110
001110001111011000010100111011000101011100100110011000110001
101111000111110000000010111011101001000000110110110100010011
101011110101110111101101011111101101111000000011010100000111
011110100001010101000011100010100111110101000010011000001110
111001100110000111110101001110100010110100111010110110110111
010010011001001001000111011011110100001011011011101111110101
100101001011110010111111100100011101000101001000000010000100
111110000100010010111000010011100000110011010101101101001011
010001011111110001111000001011110001011011101010100100111001
101011001011101000100110111001000101110001000010100100101110
001111000011110100001001110011000000111001001111000001111000
111101001111010001100101011010001010000000101101101100001000
100000101001101011110010111001010010001000011101111010111101
001110001010101011011100010000111100011011111011100101100111
001111001011011111111000001011111111011011101101100101011101
111000000111101001001001111110101101011111001010111101110110
110011111011100100011001010000001110101000111000101111000100
100100010101000111001111010001111000010101110100111000101000
101111001111001100000110111100001100001001001110100000100001
101110110001001111101101000110010011110100111010011010100111
011100000110010101000111101011111010110110010111100101001100
