001101010111011001101011010001001011111110010111001011111011
101111000010010011111011011101100100111010001110111111111111
010000010100010010101010111010010001010110111110101101110010
010110010000011000011101100001100111001111001101101001000010
100011100011111000100011011101101001110111110111110011111100
100001001010101000001001110101001010100000011010101111110101
110100011011011101100011000001101110111010010100011010110110
000111111001100000010110010010000101001100111110011000000110
011001110111000011010101101001101100011011111110010100100011
110011101111100011001011100100111101110111001001010001001000
110011000111010100111111011000110011111010011100000001100010
110010111111100110001001100111111001011111100000101101010111
010100110000100100001110011110110110111110101100110111010010
010100001010100101100111111110010101010011111100000010100110
111000010010001111111000101010001101111000010000001100011000
011010011111010010000000011011001100110011000010001100001101
000000101001110000001010101111111110110101101000100001011001
111000110110010000000110111010110010011111000011000000111011
101101011110010100010010000100010000001111011110011100110110
010111011111001100001011111010110000011000110010001011100001
101110001001000100000001001100110111101000111011000101001011
001100101100010000011101101010011011101011100100001001011000
110011110011101110000111000011110101110001101011110100011101
010100001011110001000011101001001011101101001001010110110011
001010101001100000001111001001011010111100010110001001100010
000000010001111011110100110111101000001101101100000100110111
101000011100000000010111011100111111110010100111110011001011
111111001100110101011111111010000111001110111101100100101110
000111111111110011001101000011011001110101001111001101100110
101101001110000011100100010010100111000011100111110001010010
011100000000011110101000011111110011111111111001110101010010
001010111001101101001011111001110111101001000000000011001000
111011100101111110100000001111100111101000011111010000000010
110000011101011100111100100110110110010011101100000101000101
100001111001110010100100100001111101100101110000111000110010
001000000100101110111111101110000000111000110011010001001100
000010100011111101110111000000001010011111010000101010011110
111110110001001101000001101111011011000111000111010010111011
110111010100111111111101010110010101110101001101110100111011
110001100111001111100110000001100010101100000011111101111001
