010001001110001001110100011000101010100110011000000110010000
010110000010111111010011110011001010111111101110100111011111
001111011100010001100001000010000000111010110010100010100101
010000010110111101010000111010100000010001110001010010100101
110110010110101110100001001110011100010101000101011101110011
101100010100111111100010010110110100011111111100111110101111
101010101111110000110010100000111011011100001001000110000100
110101000111011111100111001111101001111011111101000001010110
001100100001100111011111010011000101110100101101000001100101
101110100000000110000111101100011011001011011000101111011011
110101011010100010001101101111110111111111100100100111111111
010010100111010101111001110011101110101101111001011101100101
010001110000110101000111010010011010100111010111010001100010
111100001100000011000011010000010101010100111010101100100111
010010001111111110001100001110010011011101101110101001110101
010101010110001000111100000000100010000111101100011110111110
001010011010111101011011111100101001010110110010111100010001
010111110001101111100000110101111100110010011000001110000000
001100000100111011001001000001100111110011101111011111001001
000001000100000000100110101110111000011001100100011001001111
111011111001010000010000011111000000000110110110111000110000
101111101100010111110111001001010111111001010011011111110101
000011100001110000010101001000101110101100011110000101111101
101111010011110101100100010100011000110011111111000100110000
011100010111001101001100001111100010010000101110111010111101
100010110001101010010000001101011100011100010101001111100110
100100000011011111100100100011110110011101010101011011001100
100110100101111110000110000010011100001110100101101111111100
111010000101011110010000100001100111001000100010110100010001
110010111101100010111010010101101101000110001011110000001001
000100101001101011010010111101110001100100011011110111000111
101110011101001111010000000001111011001111100010110010000110
000101111010000111111110111011000000010010110101111010000100
110111010111111000011110111110100011000000000001100110110101
101010101010000111010101011011010110101100001011110011111011
011010100101000111101110010101111111011010010011110000001100
010000101111111001001101011100111000110001000111011001001010
110011011100101111011010101010110111110101000000011100011100
011011000110100110001100001111100101100001011000101001100001
001010101111100110110010100110011100110000100100010111101110
