000010111000111000001001001111101000001001100101011011001111
011101001001010100000110010111100111100010011000001011000011
000110101110010010110110110111000101011110001101101011110110
000001101110010101100000101111011000010010111000100010000000
000111011010101100011110111111110010010111001000001011001100
011000100010111100001111000100000111100011000110110111000100
010100010001001110000011101111111111000001011100000011000000
101101000100111001101010000001001010010010100000011000010001
010010101100011100110001001110011100001110111010110010011101
011011110100000110011011100100011001000001111010010001011110
100101000110010001001010100001010110001111000010011110001110
111100000000011101001100011100000110011010111010001010001001
010111010100011110111101001011001101110001100000110111111111
001010110010010010011110010111110101001101001011000000101101
110101111100001110000100101101000000000001001100101110110001
100011101000111000111101111010000011010110111111010110100100
100110101000000110111100110000110111111110101101111100110001
011110100000010100110010101000001100011100101011000100110110
100101111000111111000100101101000111101101010011010001100010
000100010100001110100110010001101010110001111010100111010101
011001111100101110101011000101111001101100000110001010111101
011100010000000011100101000001111110001101110111101011100100
010011011111011101100110000101000101110101001111000110001001
000101100010001001010010010100011111101011000010111110011101
101111100001011011000001110100011001110111011111101111010001
100111100110000001001111111110110100101001101101110001111101
000001011001000111101010011000110101000010111010110111101010
001011100010011000010111001100111110000110000100100110011100
000001011101111110010101100111011010100110001001111101010001
000011010110010100010100111110100111000001010101000010100110
111111111100100000010011111011101010101000100000010110100011
011001100111110001111000010111100011111111110100000110100111
010111101010010000110101111010011011111110111010010111110110
010011111100111100110001110011010100100011000000110101111111
101000000100011000101101000011100010111000101100010011110110
011001110000101000100001111000001111010011010100101101101000
111101011110101010110101011010110011110101101000101000110010
110101100101010101001111111011000000100001000110011110010000
111101001001110011011000011000001111100110100001010011001100
001010010001001010000001011001111011001010101101111110001000
