011100110001111100000110000101101000110111111100110001111111001111010101100111000010101011001100100110000011011001000100101010110001001000011110011110110101001010011100110100110010
001001101001000111110001101000010100100010110011000110011111010011010101010101010110100001011000110000101100100011100001000001000011101000100111110100010101000011010111010101101010
011011101111101000110001000011101001101011101101111100101010010111101001011010010110000010011100000001110100100001000010100001010000010101111011000110011111110100010010011100011111
000110011101110100010111101010010011010010010101001000001100110011010110100000001101100011110000000100001010111001101101101001001110011100000001010011011111010100001011100000101011
110111010101110011111011111000000111010011010000010010111101101000011101011000100010110111111001100100111100101110110001011000011100010100000111101111010010010111001010101011101010
001001101101110010110110001110110101010001000011000001101101011111100100111010001101101011000101010100000011110111011111011011010110101000101011101101001101000010010110100011100001
010101110100011100100011001011011100010110101110000010111010010100010010011011000100001010101011101001010010001011010001111101000110101101110011000111011001111001010110000011110000
010100110100011110100100011001011000001010110011001001011000111011011111101101100110101100011100100001111011100101011000010101010000101101100110010111000100111000101011000011111010
011000000011011101110000001001000100011110011001110110111001000100001110110001101111101100001100100000111100010110011101110100101101100010110001100000011010001000011110001001110111
111011111100101001101000110011000010001101110000100100101100110010100111100010010000011110001100010111100110111100011100011000010000101110001110001010110001100000001100010101000101
010001100010000000000101101110010110110100100011100000100101111111010010000000110001100111101110111010111000011001111011110010010110000001110110000110110001101010111111100000000001
001001001110111100100000111000000000011010011010001101101000100011111110001100000110111101111010000011011101110001011110100001001000010001100010110000000110111011111111100010100111
101100110111111001001000110011110101011010110010011010000101000111110001010001011101011011101100001011010110011101000001010101000111110100101101100010011101101111001110111011111011
110001011000011111010111010001000001010110110001100100101110100011110000011011001100101010000011100010110101101000100010010100011101100011010101000101100001101101000000110100101111
010101101111000110011110000001100001010000011111111110001001110110010100011011110000111011011011111111000000110010111000000011100111010100110110000011100101011001100000110100110111
111110000010111110111000011011100101111100010010110011001110000011110100010011110010100010000001100111111010010000010111110001111100100110011010100011010000010010001101010101001000
001101010111011000010101010100101000100101001110001000111000000110001001000110011001000110110100011100101011011011011010011001011011001110110110111100100010011010110110101111011000
111011010010011001101011011101001101011011011101010000011110110011001011101100110001000110100000110010111111111000110000011000011111001001100011011010110001010011000000010111001111
101101111110001001001100001011011100100100000000110111000010001101101001110111010011110010011000100110110110011010110010010100101111110010011000011000111010011000100001110010110011
100011011000011011001001011101111000100000000111000100111000101111000010010111010101110001111100101000011010110011100000010110111000010001111111101111100110011011010000011011101010
011010001000010010100000111011000001011111101000111100111000101000100101001110111000011111111111100110010011101010111000101010000011010001010000001001001000110001010010000111001011
101111100101111011000011110010101110111011001111110001011101111111001100000001010110100001010111010101011101000011110101000100100001011001011000101100001011001110111111010000100010
011110000110110011001000010110000011101010010110110100011100000010001110000001001000111011011101100110101101010111000001001111000100011010111101011010010010001011100110100011011110
000001000010110000111010101101001111110001001001000101100100111111001001100110100101011100110001111100000111011101111000101000100110001111111011110100011010001101100011010101111000
011010111001010010101111010011011100110010101111000110001101101010100110110101100111110111000100001101111101000101100001001100100000000111110001011011100100110110101101111010010100
011101110100010011000110110001010100011010110100110100001000011101000100101111001010011010111000110001000110011100100100000010101010110110000100001100100101011011101011010000111001
001100010111010111101101000000100001010001110101000111001001010000100110110001101110101111111101001000011001010011110100001110011111110000111100010110101000110101101110100110010100
100011010001010101110101011000100011101010100101000101010011011100011101000100010001001101000100000100111101010001011110001010000111000110000011010010101011001001001100001011111001
001110001110111100111111011110110101101110011110101011000011110110001110110010000100001111000000101011011101110110111010100101101010111011011100010110101100110000011100100000111011
101001000001111101101000101011101011010010110111011000011001001101011111000010100100000000101000111101110110010101110011001011101000010111101101010001100010011010100110101111011010
001010010011100010001101100101010001011110010100001011001100000000101111001010101110101101101100000000100010111100000100111111011100011010001110010000100110110010110111000001001011
110011010100101101111010010000000100100000101110011000011100000100101111111101101010100100011101000000000000001010001011001101111011011010111110011011000101000011010011101101011101
010110111010101110100111101001001101111000001011001111100011100100001101000100100010011101101110011100100010010011111000001000101000001010010001110101011110110110011010000100111001
111000110101111101010100111000010011101110100101111111100001000100111110110011001110101100011111101100000001101010001000001110010111100110110111011100001111101001011110100110111010
001011100101000000011110111000110100011000110100011111111101001011111110110011110110011010101111000101101111100101111110001001101011000101110000001010111001001101100100011111000101
010111110011011100110011110110000101010110100000111001001101110000110000111100010100010100110000011111000001000111010111110100010011001001101001100010100110011011000110000011000010
010100100000011110011001110100100011111001110110100100110100010101111011000110001000010110100100111100010110101100101011010101111111100011000000001111001010010111010100000111011110
110101010101011100011111111101101010100000111111100100100100011010001000111011011111011001001101001001100101011110100011001011000000000001001000100000000111100001100110010101000101
011001101111010101000100110010100000010001101000001001111110101010111001100001001100010111011100010000001110000010101111011111011000101001110010001100000001110001111101100101001111
100110001101100100100010001101000000101110110010111101100100100100010111100010100101011011110001000001110000100001011001110111011001100001111110001111111001110111000000001010010101
110000001011000011101101010111110101101011100101000111100100111000111001101100101101101001101110011111000011001001010100111000010100010001101110101010011011010001000001101111010111
110111000001011011111001010110111001101110011011010100011101110110111011100011001000110110011011101001010111101111001000111110100111001000110100010011001111001100110110011000110100
101111101110011101111000010010111000100000110111000110010111100000100000000100000111100101110100101001110001101101101011000111100110101010010100101100111000001100110111011010110010
111010000110110101101110100010001010111110010000000011010111010101100010111110101111110100010011110110100001000111001110110010110010000111010110110111110001101010110010111110100111
000000110011010101100010110111110100000111011001000011011010001010010000110111010010101110000000101000100110011000110111011001000011011000010111000010010101000110101101100101001100
110001001001000100010110110000001111010111111111111011111000111001111011000111110011000001000110011011110100011010000100000110010001010001111011010111000010110001001111110011001011
110111110000011001001010001011110011100010001001100111111011100011100111111110111001101000101010101011111010001011001100100000011011101010111000100001111111011011101001111110001101
111000000100101010001011101110010010101010101110101100000110100110010011010111011100110110111000111100000111010110010010011100111100011001111000100011100111011101100100001000111110
111000101001001011110010101001001000111011101001111100000111110010010000110111011100110001110100110001111010100111011000111011101001110111001011100001110011001110000101011100010100
100101110011111101010011100001001111001101000100011001011110111101100110011011010100111001000001100001011010100111000010110001100010101110010000000001110101110011111111010000110011
001001110111111001111010000001011111100111001110101010010111100010010010110101001110110101000010101010010000110011001010010100010010101001110001010111000110111001001001011100001010
001110000011000010011000100011010110001011110001001110101100011111101000001111100110101000001011001011110010010111011100011101000001011000101001111110100011100111111000111011100000
110101110000110100000011110101000111111100010110111100101101000111010001010001101011010101100000111101111100101011010001100010000000010001010111001000110010011110000101100000000100
000100101110001001001101110001111100110101101011100000110110000011010111001010101100010100100000011111010110111111100001000110100100101110011110100111011101001001100001111110100101
100011110000011000010111100010100111110000100011000011000100100100001000101101010100011100011100001000101101010100110001001100010101001110111111101111010101010101010001111111000001
100110010100101100101100100011111011011001100000111010111111110010101011011100100100010100111101000011011000010100001010100001001000110000111001001100010110100111001100111111010111
010101001111111001100110111101110001000101111011010001000011011011111111000101010111110011000000001001000110010111000001010100101000010000110100111100011011001010110101000000011101
111010000101000100101001100011010000101101101110001110001010101101101100000010010100101100011011010101010101011101011000110110100110110010001101001110011001110010010011110000000000
100110000000110101111001100001111011010000001000001110011010101101110001101101100101010110000011101000111101001100101100011010000000101101101001010001100000111110101001001110000001
001001010010001100110100111011011011000011001101111100011111100000001000000011011100101100010101101101101100001100010100011101101110111011000100110101001000101011110001010010010000
111000001001010100011110100000100110000001100011001111111110111110100001111110100010110101111000010101010111010001111011010110110111110111010110011111011110100010001000011111101110
111111111110011110001101000110101100000011011101101011011111101110110101010101001101100000011100010101010100010101111010100111100110000111101001001100101000011111100001101000100011
100101000001110000110001100100000111001010111101010100001011001001001110011101101011100001101000111010110110010111011011110111110100101100101010110001101111001101001111101011110111
111100000001110010010110000110011101011111111001110101000111110100111110111100000100001010110011101100100100000011000110010101110100111010100011101001110100111110110011011111001000
111111110000000011011101011010100110110100001000011010111000000101000010110101110010010100010000110101011111010001001100101110001110001000001101100111110001001000101011001111000111
101010000011100100010011010001011110101101100110001100110010011000010110011111111111100100000111110111100100011111111110010101010101011001001110110011001101001110010011011001111100
011011111010010011011110110011101111011101001101110010011101000000000011000101111000001110111001111101111111110010110011100000000110111010110111010001110111101111010110111110010000
100010100010010001001011010100100111000100110101111011110010010111100101011111111001111101101100100111100111110101100111101000001010110101010011111000000011000011001011111001110101
011100101100101110101110110100001010000110101000101000010000011011000110100000101011001110010011001011110010100100010000010000000011111110011100101011100101111011000011100111011011
100100010100001110010001110110010000010000010110100011110111000101110101010101100111000011111110000101011001101011110011111001001001100011011100000111101111010011001011000111010110
100100100000111010001011010111111101100011110100111000011011100100001001010001001101011010010100111011001011001110000000110000000101101001000000000000010101111111110011110110010001
010111011001100100110001101010101100111011010010111100110010001111011011100010101000111001000100111100111100001100011111111011101111001011100000001101100101111111100111100100100101
110100110011111000011110101100110011000000110001111111010000110011101111011010111110111000000001111110010000100011100010011111010100101100100110101011101000101110000100000100110010
000101101010111100011011100101010000111010001010011100000111100110110011101010110110100110110110000101000001011001111100010101001101010111110101100000001000011111111011101000001110
110011100010000110010010011111111000111100001110111111011000100000100101010011011011110011100110000100101011011010110111011000010111100000001010111111001101100010001100000110100110
010000010111110111100100000110101011010010011101110110000011101111011101110000110101100010100110100011110100110011000010100111100111000110000000011001010001011111111100010110101100
101011010000010110001101001010100111000001000001110010001000101110100000001001101010001000111100100001100010010011110110111110101010100001100101110111001111100111110010010011000000
011001000110100000110101111111001100110010100001101110011100010011101000101100111001110110011000101111100110010010001001011101000010011011000111101100110110101110001011100001001101
000001000001101110010101111011000100110010011001001000111101011000000111101111101001101100100011010001101111011010011100111100110101100000100011010111110011111101101010101001011111
111011000010010101111100010001110101110000011101010011011000001110101111100111000001010111111000010100001001001011111100111001010110011111100100010001001111100011111111010011010000
101111111101001110010111111111101001000001111101011000111110110011000010010011110100001101101001100010011101010111001100110110100100010111011101010001110100111000001011101010011100
100001101111110110111001111100001011000101000000101100111101101111110011101000000000111100100010100001101001000001100000111001111001100110111000111100111111111101111110100011110000
001101111001110001101110101011110110011011110110101100000011010100010100110110000100111001010111110011001100010001100000110111101111110110000110011010011111111001001101110110001011
110111101111011101111111011100100011111011000010001010001111100010111010100100111110010101011100000000101100111001011010000100111111011100111011111101110101001010000110100011100111
011110110010111111000101101010100010000111001101101010101010101101101100100001101011111101010010001101100001000101110011111110111100011011100010010110010011101010001000100100010000
110011011001000110101111101000101010011011100010111101110100001110001000010000011101010000000010000011001010000010110001000110101000011001111000000101110011101000101100111100001110
010000111110010100011110101011101110100111000000111011100100001110111001001100111001111101110001001111011010001101101111111111010110110111110110010010110101111101101011110100110100
110110000111110101111100101110111101101101110100000010000011110100111110100011001111101110011101010011011010000100011110110001000001110001010110101011000111001110111101000100001111
111011011010011000010110110001101110101101110111000001010001110010001101011011000000110111111111001000001000100110101101111010001110000011100110001010001110111111001100000011110010
010110101011001111001100010010111110100110000011000001101000110011011011001111010000000010010100111000101100000111011010010101101110110100100011001011111010111110011101011011110110
011011010100100111111101001101111000110100111100001111111111101100100000101000000001010001011001011111001111110100011011101001100110001010111111001011100110010010110101111101100010
100001111100000011010110100011000111011000111101010000001101111101111101110010111111101110010111011101000000100011011111000101010010011101000011000010110011001111110110010011001111
110100011010000001010000101001110010011010001001110100010100100101001010000101001001100011100010100011111010010101100011000011100010011001000000100100010010101101011000010101010110
011111011111111111110000000010001000111001100110100000100101011001100001111111100111001110111111100111110011110010111111111111001111110010100101110000101111001011101111000111100010
010100011011000111101110101110110111101011001101111000111101101111111101011011011000100101101101100101101001100110101011000110011011110111001100110000111010111011100011110001110100
000010010011101001111110010110010000100110101101000110010110000101011111110010111001101001010001101011001111010001111000101111110011101001100110010101001110110000110110110101100010
110101111001111100010010101010111111000011000101100010111011010011010000101110000011100001100101110001100110101010001110000100111000011000001010000010101000101110111101110110011000
100110001110110111010101011001011001000101100100101010010110110000101001011011001101000001000111011110011101011110111111110100110001100111001101010111000101001010010000110100100100
011111000111101000000011001001100001111010101110011010000011000100001001110111101010111111010101010011110010000110100010100001011110000100011000101010100001110000101000011010101010
110010110101100000000000010001001110001100001010101110101011110001001110010111010010011100011101101010100110010110011110110010000001010111011111011110010010111000011001111000111111
