111011101001000110100000001011011101100011111100110011111000
000010100110011010010000000100111000111010001011100011101001
111110101100110000010010110100001110011011000011111010111001
100110000111111010111010111001100000010010000001111000011100
010011111010110101001111000001000111100111010111000111110110
100011110100110000110000110100011010010101111000010010001101
111000111011110000100001011010101000001001100101101100010010
110100110010110101000100100111100001101000000001110010000000
100110011001000001111001111111001101010101101110110000011101
000010000101111011110011110110000100010100011101101001111001
100111001100000101111111110100110111110110010110111011111010
100100110000111000111010000000100011011010001100110011110110
110000100110111000100010000101110111100001011010101001100001
101111101110111000010100001100000110000010100000010111000001
101001111110101101011001011101000001100101110011111000100100
101011111100010001100011110011111001010111001111010010001010
011000111101100110101010000010010101110110100000100110101110
000011111111011010111101110110100101101011010101010010001011
101001101001100000101010001011101100001001011100010100111000
100101001000100001001100111101011011111001011000010111010111
100100011010001110011001101101001110010011001110110100110010
100000001000110101100010100101111110011000110111101000000010
110110100001000100011111000001111100111000111110110110010100
111001100110011001101010010111000010100000010100001101100000
110010111001001110001111010000011010011110001100010100111100
010000011100110001110110010000010100000011010110110101101110
101111100000110001101111111111001101111101100111101000100011
110000110010111010001011010010011010001010101011001000010110
101011000100100111100100110010110011101110001011110010101011
111101001010011001100101111011010011011010001111100000001101
010101101010101111000100100101011101011111100000001111101110
110001000110111000100110011000011011110010101101011010000010
001000010101110100111100101100010010101010010101001001001001
010010010110001110100110101000110111000010000101000110100100
001111000011101101101010101101000110000010110010011011000001
010110000011110110010011110011110100111111111010010011010101
001101100001111110000111110101101011001111000100001001011101
110111001000110111101010000000000100100100110111010111011111
011011100101000010101011100100010100110100010100000010110010
110011100101100111001001001100111111010110000101011110010101
