101000100000000001010101111111110011001001111011100010000011
101010000011110011001000011000001111101001110111110111100011
111001000100101000110001001001111001001000001101011110111110
001010011000111011011011100000001101011110101111011011101010
100011010010000010110001000000101101101110000101011111001110
000111011100101110000001100100100100010101111000101101101011
011100010001011001100011011101100110100110110111011101100110
000100000001011100000111010010100100000110100111010111010110
100011011001000111010101110001110100011100000010110001001111
100001011110000110100001101011000110011000110100110110010100
011001010010001000011011011000101111100000010101101111001110
010001000001111011111000011000000100111000010110101101001100
000100100011100111101000101101100100101100010000000100011100
001100010110011011010001100100000111100001011010110010000100
101000001101100111000111010100001010110001011111101011000000
001001010111010011000110110100101101000001101101011001100110
000100000111111001101111000100110000010100011010101000101001
100011110110100001110100110001000001110101101101001010010000
101000011000010100111010111111001010101011111110011010111011
100101010001011111101001100101000110100100001101110001110101
001110110101101000010001110101011111111100011101000110001110
110100100110100110000010100001001000001110111101101011100111
001001000110011011100010111101101110101110000010000110101100
010110100100001101011000100110110001001001001101001100111011
011001111100100101100100011001100010111100000100101101111000
000001001000111101100111110000101001000110000010100110110101
001101011000111100100000001101011011110000110000111101010001
111100011100001111110001111001000111110011011000111000000010
100001101011111101001101110000101000111111101101111100011100
010111110010001011011010110111001000000011010000100111101000
001110010001100100101100100101111100000010000001101000110101
101100010110000101101110011010001111100010000011000111001100
000011001100010110011011100010111110101100011100110110011111
000000101100010011011101000000111110001100010010101100100001
000011100100000001100010000001000101011011001101101011100111
000010010101101000000111101010100111100011000001011100010010
000011111101111110000000010111100110010100000111100101000101
111010011011111011011010001000110110011001011000011001101111
001110110011000000000110010011111010101101011110000010011111
011011100000001100111110011010011010111101111001100001110001
