111011010111010001000011000001110000101000101110110000100111
111110010110100100110101111100110101110000001010001111011010
000101001110100111011110011010001000001101111000011010001000
101001010010001000101010100101110111101100101010100001010010
001000010000000000010100010001011011110000101000100010001000
100001011101111010100110111111010111010101011010011100010010
011101111001110011010110110010110011010001101010100110011111
100011001000011111001011000011011110010101100100100010011100
010010110010000101011011111010001001100101001000011001100111
001101001101001100001100000110011001111000100101110000100010
111101000101000101000100011110110101110101101101100101110110
100100001011110100110001000100000111000111100101111000101101
101010001011010010010100101010111000101100011110000000110101
110111010001010100011011100100101111110110101001111011111000
011001101101011001111100000000111111100111110110111001110010
111010101110110000110010010000111010110010111001101101111111
101100010110101100001011110110101001001101011010110010001011
110011111011001010000011011101111000001000110111101011010110
001010100110011000101110100010010111111100110110101110010101
001111001100011101101110101101001100111001111000101011001100
111000101010010000011000101110000001111000010111011100011010
100001101110100011010110100100100011001110100101111011110100
011010110111100100111111101101010001111011001110000010110001
010110010011011001100000101101101000110101000110010101101010
111000010110100010111011101111010100001101110011101111100010
110011010001101110010000001101100101100100101010001010111110
011011000010110010110000010000110010110000110101101110001001
000111011000010010010010101010100011000110011110100111000110
101000100110110101111000101101001011000001101100101101100101
100101011101011010011000100111010110110001000000111011111000
101111110001111100110101011101111000010010110000111000111101
001110000100010000011011111101010010110111111110101111010001
001001000011011101000100001010100100110001111000000001100000
100101110001100110110010110111000111010010000101110011101011
011100000010111010010101000100000111011100111100110101101101
110000110000011001011110010101100000011011001111100001010011
001100111011101001101110101100001011100110101000110111011000
110011111011001110010001000101101010000100010111001011100101
101000101011011011111000000100110100001000010001001000111111
110000001000101000010011011010101100011010101100101000001011
