111001110001101101011100001101010011010100101100011000000011
101111110010101111011101010000011011010010101111000100111011
111101010100101010101000100000111101011011111001110100000111
011111011010010110101000100111110011010000111100001111110110
110011100010100001001110100111101101100111111100100010110010
100000110000000000100110111100101001010110000011111010001000
010011001001010000000000111000110000000010100001000010010001
111011000000111101010010111010111110011001010100001110000110
110100011111101111010000100110010111101101111100001011101100
110001110001010011111100100101111100101100010111100000011101
100001111111110010111111111110001100101101111000111111111011
000110111010101111101010001111000101110100000101100011111000
101100110101111110110111001101000000110101010111100000110100
101011111110110110011111000111010011010010001010010100111000
001110011100000110000000100000100101100000110011111011011010
011010110101100010000010100100111001100000000111011100111111
011011111001111111110101111001111001001110101011100111110110
010000001000010111101010100111000010110010100001001010110110
011101010001010001101000001001011000001101011101100111111000
110100001001110101000101100011100101111000111000110010110010
011000000010101010100011000010100001010100000100100011000000
111011010011100100001100000111010101111010101101011110001111
010100001010110110111111110011000001011100110010010010001110
101001000111000001001010011110111011101011001000101001101111
111001100110001000000010110111100010100010011110011001101100
001011000000111001101100001001100100111010110111000000000111
001001100101100100000001010010011101011011110011101010000101
001010010100011100000110010111101100110111110001110010011101
001101000010111111010000000010001011010011101100001111110001
011000001111110101111110101100111110111000011000111111010010
111011101010110111100111111111110011110111001110011010000101
001100000011100110001000010011001000010110011011111011100100
010000111110010111000101110010010110010010101100100011100111
110110011110011100110000001101000100011001100000110001000001
101000001010110110011100010101000010001001011110101011001100
110011101011010110111010111001100000100001010101110000001010
111111000101001111001001001000110111001000100011101110111000
110100101010101110000101100000110110101100101011101001110010
101010101111010110000000000011100011111001010000111010101011
001000001000100101110110101100101111011011111010101001000010
