011011001100111101001110010001000111110101010011011000101110
100100110000000000100101100001000011011001001101001110101110
101101110110100100110011011101100010100111000101100110001000
010100111110010111001001100001010011100110000011101100110011
110011011010001100101111100010010000000001101111100100010101
110011100000100100110101110100111011111100101001010000101011
110011100101101001100101110001100010000110010100110110010100
011001000000111111010110011101100011001000000011101000000011
111001110011101001011110000010011111001010001000111100111100
100110001101111001010110101110101111001010110110110011100100
110101000101000000101001111001101110011000011111100101110010
100000001000100101110001101010000011011001101111010001000000
010101101011111111010011011100010101110110101011101111000000
000010010101101010001001011110101011111000011110000111011111
110010011111111101010110100111000111011100011000110011011010
111010100001110111111000100011010101101101001110010100101111
111100011011011000001000110010001101100011000101101100100010
001010110010000100011011100110010111000100010110111000111001
100110001110011011111010101101101011101001111101010000100100
110101010011101010000011101110000010100101110111001001101100
111010101010100101100101101011110010011101010101110000001011
001111110101100000111111101101001010100100001000111100011000
001100111011111100101101000110100101011110011010101011010110
000100101100101001010111000001100011111000001001011100011100
101000010101110101110010101000110100001100101001110111010111
010011110011100001010100011011001000100001011010000001000111
101111111110011010100100100010111111010110100101010011011010
001111011100100001110111110101000001111000110101011011111001
100101111010100010111000001101000111100101000000101011010110
001101101111111111010110110110101011000010100110010111100100
011011110000110000011110011100000101101110110100111110100011
000011111110100011101111100111010010101000111101011101000101
000100101010010001100001100011101110111100101010010100101001
011010111000010100010000100101111011110011010101110101100011
110111111110111101100100111101010010010010000111001110011100
100100110101010010000100010100000111001000000000110110000011
010010011000000100111000111011100111111010100011111001111111
110001011011101101100001110101000111101011111001100100011001
101110100011110000111100110110111000100010011001000000000000
100101110001110111101010001010010100001100101110011101110011
