000001001001001011011110011100101000100110000000001101111001
011100000111110000101001110001000001100100001100001000111010
101100100001011111011010011111011101110101101101100011001000
101001101010000111100001110000011011011110000010110011101100
011111110111110011111011100001111001111110001110101110001100
001000100011001011010011001000111101010111101011001101111100
000010111111011011011011101011110011010011101011011011011010
010110111100011101111111110011000000101100010001010101001001
000100000010110101010100111001001000001111010111010100111101
001110001001110010111110001101110100000011110011010011101110
111101011100010101111111011011111111010110100001111101101111
011000111011010010100101011000011000000101011001111010110111
011001101101011111011100101111000001001000101000101000111000
011010001001111110110100000111000011011100100110101000000110
011001010101001111000011011000000010011011000101110000101110
110011010011100110111010100000000111100001100001111100110010
101001100011001000000101110111000111001111110100111101001100
011000111111110001110001010000011001110101100100011110111001
010101110100001001010100110100111111001111010000001110011110
000000000100011111110001011011111010110010111010011010101010
001010110110101101100100010000001011000010111000101011001011
010010110011011111110110110100011100011000101101011100101010
001011010101010001001011111000010010100010101110111000010100
110000000100001011110100101010100000111100000010001101011110
000000001000111010110000001111100011111111111000001100011000
011110110000100001011101010000100001010010000011100011010100
100000100111000000011100101101111010101011000111101001000010
100111010101000001011001111000100101001010011101011100010010
011010110010011001110101100111111110000001111101011001101100
111011000011000100101111010101011100100001010001011010111001
110111100110001010011111101111010001111011111000100000110001
101101110010000010001001110000101101110110100011010111000111
100110110100111011001100111111011100000010001000100111100100
111100101100000100111001111100011011101100111110000110110011
111110000000111101101101111011000110100010101100110101101100
100111111100011011000010000011101010010001001001001100011111
001010001001101100101111100101011000000110000001111110000001
110000100011100110011010011110101110100001101100001001100010
000000101000001101001101001011111111100001100100100110101101
100000010101001110110110111001001001100011010000001000111111
