110110110001111011111100111000101111101000001001000010111111
011010011000010110101010011100000111000111001110000110001111
111101010001001010111001110001010100101111111011100010100100
101001101010001110101111111101111110100111100101100011001101
011011110011011101000001111001111101001001110010111011010100
000010010111010011110111101100011101000001010011110100010101
000101001000111110010101111000111001100000010101101010000101
111101010001011001110100010110011011001101001011000100000111
100111101000001001001011100001100001000000001100010100010100
000011101010011001101000101110010111000011101110000001101100
010000101110000010000110111010101111100101111011010101110010
011011000111101100001000001010111010100010100101010110000011
111000011110000010001101100111101000000001110100110111000000
100101100000011101011110010000101010010001000101011001010001
100000000100000010101111111100001000000101100000100111110010
010111111101101010100100010110100101100100101100100110010101
010100001100111100001001011000001011010110111110000110011101
011000011100111100011111001001110000000010101010111001001111
010000001100011010001100111010110011001011111010101100001011
111101001110111101101101100110101110111110001010000100101000
011011001110111000011011110011000101111000101101010011101101
000010111000100100001000000100110111000101111110010111110110
110110000111101001100111011001110000001100111001010111000100
110101110001111100010101010000100011010100001001110110100100
010110000010110010111001000111001101100101101101011000011000
011111001000001111011000011100110100111011001010110111100111
000010101110011110101111010110011111110101100001100010010011
001011101111011000000111100011101001000101101011111010100010
101111101011010110111000000100101101101101010100100000100101
110101000100001101001111001011100110000100010000011110000110
101000100010101001111100010111100101001000110110111010101011
111010100110110011010000101000110110011000000100111010100000
101011110010011100000110110100100001100001011101100110010111
000010011101100001001000011001100100110100000010010011001000
110001001111111011100011111011101111111101000000111011110000
101100111101000101011011111110000000111100011110110110000001
011100111110010110111110011011000011111111011111010110111111
100000111101001100011010011100101110111000000101110110001010
000001101001000011000101000011010101100001011101010100010011
101110001100111100010101100000101101110010000010010110101101
