001000011000011101111111101100001100110100111001000010011001
110100011011001001000110111101010000101000000111101001001101
100110111010100110010000010101110101011001100110010110100010
111011010001001001111011110011101011000110011010001111010110
110010110011110010101011000010001110100110100101001000101011
100000000101111111010100010000000100101010000110110101111111
010010101011110101111110000000101101011000111100101010011000
110001100110101000010000010100010010000101101100001000110110
010110010000010011010101101100010010100010000111000001101001
111110101000011000111011110001010111011100011000010000101000
111101010111000000110101110110001010011001110010101100010011
111100111101010100001101111011111010101100100111111111100011
011110001001101101101011110000000100010001111100110010110110
100000001100110011010100111010110010101111101110011011000111
111101101101101001101100100110111010010101100100110101010110
111010110001101110100010100000000011001001011010000000010011
011111011010000111010111101010001011101101000001100001110100
101011111100011010110011100100000011001101011101011111001100
011100101011100101101000111101010001010111011100101101110001
100011001111001111100011011110110111000110001101110111101011
111000011110100011101101000101010001111101101100011101011101
001001011000001011001110010000110101000110101101011100101000
111011010100001101100010100001110110011110111001111011110011
101101010111010111110011101100001001001011000000000110010001
110000100100011011001110010011011000011001010101110000110011
001100000011100110101011010101011010001110100011111011100011
101001000101000101101100010110001110100010100110101101011110
101101001100100110100101001101001100110100000010101101010101
100000010001100011000100101101010111110011011111001110101001
010000001011010010111011010001000010110110000110010100111111
000000101101010101010110001001000000100100010100000010110011
110011001010111101011110111011001111011110101001100001001001
100011011100000010100011111001110100111001110110010101001011
001000000101010100010010111111111000010011011010010011011110
010111101110111100000111011100111010101110000001101001010010
110101111001010010010010100111100010010010000101101001000010
011111011010110100110011000100100101000110101000011010110010
101011110100111111110111111101001000111110000110110001010010
010001000110000100000110100001101111111101011011000110011011
000001001101000100110001110010111000010110101010110101010001
