111111111100000110100011010100011010011110110000001111000101
110110001111110111000000001100101111111010100011111111111001
110100100100110011000101000000011110000110011010100011100110
010100011010010101000100110110000010111000110011100110000011
001100100100101101000010001101011011101011101000110011011100
010101001000111110111111001111101000110101000000101001011010
000110110000110010000010101110101001001111011100000100001000
100011000101011010100101110011100111010001001001110000000011
110010110111110011010000110000011111011101100000101100000100
010010110100011010100010101110010111000111001111001111101010
101110000111001010100100101011101010000101000111010100011111
011001000110001110100100000110110000110001101101000001100101
001111000111001010101111111000100100101011110011111000101111
110111111001100001011001011110001011100001101000111011001101
101010110001101100110110111001101110110000011111111100101010
000011000110011011001000010001101010011011110111101111001011
101110110000101101011000010011101000111001000000100011000000
000010111101111010111010100110100110011001111101100111101101
100111100101111110010111010000101100010000111111111001101101
010001101011001000010110010010110100110000011101110111111001
011110010000001110001110011110000101101110010111000111001111
110010110111100011011011101101001000100000111111100001110111
111001110010000101001000110011000000110100000111011100011001
010010001001000100100011110011010010110000111010110001001000
010110110001101011001011100111011000011101000001011001000110
100000010100110111010101101100000000100000010110010010011000
000010111001010011001001101000000111010111010111000011000000
100011111101100001110110100111110000010000001101010101010100
110000001101100111110011010001010010001110000101010010111110
101011100100010010010110111110101001011010011101100011101010
001101010011111110000011111111110010111001001101111010000110
011101110100010110011000101010101111111111001010101011111111
010001110100110110010010001111101111101011111000000100011001
001001100110111100100101011101111110100000111010111101110101
011100111001001101001111111011011010110010011000100100100100
000010111001001011001110101010110100111100111111110000011001
111110111111110011111000001111010100001110111110010100100111
111010011010001100110000101111010011110001001000010010101111
010100011001011011010000010000111011001001100010001011100101
111011000000101110001011001110011110010001100011001111001011
