010001000100001000110000101100100111011110001000001011101000
000001001110110001000001011110001101101011100100100000111101
110101001011100010101000010000110011010001110000110101011001
001111100100100000111011010110110101001110111111101001001101
111011110110101011111111010010100110111011110110101011110000
001110100001100001011100011011110111000100101000101011111111
100100010111111000101000111110101011100110111001010000111001
111010001101010110001111001000101110000010001001101000111101
001101111000001111111000100100100000101100011001001100110010
000010100010101101011011110011101010110001001010100001101011
101000110010010111110101011101001001010010001110001011001111
100000110111000111010011010010001011101001000101101000010110
110000111101111000000101101001011111110000100111001100100010
011111111101000000110000100011001111110100111010010011000110
001101101010110100010010000110001010111101110111010000101010
110011101101001000111011110000101000110011100111100001110110
100100011000001011101011111000011000000110001111100101000111
010010001011101011101000001001010001101100011010110001110111
101010101000001111111111000010101011100001111000010000101111
011000001001011011000011111010110111100101110101010101001111
000110101100100101101100100110101001001101001011110101011001
010101010001111010100011100101101001010111101110011100110111
000001010011000001010111110010110101111110010110100111001000
000001110001110010101010001011101010010110001011000000011000
110010100100000000010101100110000010011001111010000101110010
110011101011000110011011001010100000110110011111001100011000
111100111000000110101011101001101100010010101001111110101110
001001010111001110101110011110100110010110010001011000111101
110000001011101010110111000001011101110000101111010110000011
111100100010010100001100100111100001001101010011111111111001
000001100000011101101101010101101110101000111000101000100011
100000000100000111011001111011110101010001010101011000100001
001101001100001110000101000010011000001110100101110011001001
101100001100100101110110000100101011011100110010110101101010
000000100111001111111100011111111111011001000100000010111110
001000001100100101011000000101100010101111001110100001111001
001110010011111000000101110100100110000111001100011010100110
111110101010010111000111111111011100110010110010001001011111
100100101111100100100010000010011101010101111101000001010011
010111110111000101110010100000000010110100001110011010001011
