001001101110011111101000011011110000010000100010100101000011
000100100001100000010010101111001100011110101110110110100111
110000010011011010101101110110111110000010100111110110010000
110010110101101101110100000100101000111001111011111101101010
001110100110001101110110000001111111100101101000110001110001
110001001011101010001110111010110100001101101101010000011000
111100011110001010011000111100101010000110111101011001011010
100100100011011110011110011010011100001110110100100101111110
000111000000100000000101101101110001001011110010010111010110
000100100101011000101010101000111001011000111011101001001000
110101100100110110111010101101010010110010010110011011101100
100001111101000000001101011110100001111010011000111110001011
000101101101101110000100001011001100110111000101110000010100
110001110001111000110100001010101011011011000101010101110101
000110011101010101101101001101000010101001110100101111111110
101111110001101111001110001101001000010011111010101101011101
100010111011001011000011010101111100010100100000000100100011
011101101111110011110011000111111101110110011111110000000101
100101100100011011010110111011110001110100000010010000101111
000101101111100010101000010110111110111100000010000111001101
100110011000010110011001110011100100011010010100010010110001
100111110101011000001110011001111101001100111100010000001001
100110001100010001011100011111000111011101011110101010100100
011001100010110001101010110101010011111111110100110101001000
100001111010100111100111010100101100000011100101011100101110
110011100100010000000100110101100101111001000010110101111011
001110111010010100011010011000010110000000111001010101110000
011110001101011011001011100000111010000010101000010001111010
100101011010010110010101101110101001101101100110000100110011
011010000000100110011001110101001000011101011110000101010011
110110100010101000000001011011100011001100101000110100010100
001010110010100010101001010110010000100001010000010100110111
111101110011001110000101010110011001000111001001001011011000
001000111010011010011001110111001110101000000100101010001011
000010100100010110101000011100101110011010100011011100000000
111110001111100100111011011111000110010001001010101011001100
110011001011110111111011001011010010111010111000000100010010
101001111111110010101010010010011010001010110101100100000101
010011100011110110100111100101100010101111100011110111000000
000110011111110011010011001100111011001110110010000011110011
