011000011001110100010110011000000000001101110110111101101101
101010000010010111111010010100111000111101010000011000000110
011010111000101001001111011100100001110100001101001000111110
111001111000100110001101001010011000010101110100011011001011
100001100111101010101111101011011111000100000011101010010011
111101010010101100010100001101101110101100010110001001100000
100010001110111101001110111100000001010100111111101110000101
101111000110001011101100110111111011000001001010010100010100
000100010111110100010010000011011110110001001110101001001000
000010101111001001011111011101010010101010111110110011001011
010101110001110010011100110100101001111010001011000010101010
011100000111101011100101110110110000110100110011011100001001
001100110100101110010110100100001011011000100111110110101101
110001000000010110000001010000000111010101000010011010000001
000000111011001011111010011010011100001101011011000101111010
010010101010000010010110000111110100111111010010111001011011
001010001011000100001100111101110000001011010100101111011110
010111100011011110110100000101110100110011001000001101001010
101001111100101010010000110100110110110000101100110101010011
011010100000000001000100100101001101100001000110001001011000
001110111000101110111000011111000001110000001010110100010100
100101010100000001110010110100010010110111110110010001100001
000110110100111101100101000101100100010110110010001111010101
001111100001111100111110101000111000100111100110111001011001
110101111110010110111000000011000100100101100011010001110100
010100101100101000011111111110100010101100010111101001100100
110111000111010000001011110001011100000000010001100111100110
100011101001100010010011110111101101110010100101011001101010
100000010100000101101100000011101011010010010011000010101110
101101100100011111101000100011111010111010011110011110010000
101010001011001011110010110000001000111010111001001001001111
001000001011011111111001101010110111110110110000000010101111
110011001010110011001000010110011010110101010111111111011001
001111101000111110010001010000011100000001010100001111101101
011000110000011010011101010101101010011100100001100100001001
000001011111001000101010001000001000011101110101011100110010
000011110101011011111001000011000110100010101001001100000100
100111010110101011101000110110001100100110010000001000100100
111001001111001110010110100110110000100001110111010011111100
101111100010100000011110100111000110110100100111011010011101
