011011010110110111010000001010110011110100000100101101110110
010001000110110111111101111100000100010111110010001100111001
111111011110111000001011101001111011011001001010111111110101
011011010011001101000100010010000000011100010101110111111111
001000110100000110100111101010000001000010011110100001101110
000011000010001011110100111010001000001101010111010010010000
000101110111110011101000111010011010101010101010110101011001
011101011010111101111101001110101101110111000100101000101101
001001110010011001100010000100110001110111101110000100011100
000111011010110011100011010011010011101010010100110001010001
010111011010000001010101000000001010001011110011011001110100
100011001001110011001100110001110010010100010100110100101101
000001000100111110011000101010001001101011000000011100110010
011101000010100011011001010001000000001001011100111111100111
011111000101001000111010111000000001101000011011011101011101
011101110010010011100011010001110011100110010100000101000001
001010011100001110101111110101010000101101101110100111110100
100001000011010010101101101111011001110001111100111110110110
000011000010001000000000001011110010100001000110011100011110
011010100011101100010011110001001111011100000010111101000111
011111110110111001010101000101010011101001111101101000011100
010000101111100011111000101010000010100101000111000011101100
111001111000011101110011010010011001001111000110000110111101
101011110010110110000001000100110100101010111110111011110111
100000010000010101010011011111011001010011110010100111111101
010011101100010000101001000000011011000110101100011100011000
101110000000101101111010110110110011001010100001001001010101
011010110000111100111101000011100110010111010011101000001110
001000010111101100000000000010001101111100110101000010011000
011111100101110111001010001010011111001001001000000110111111
001000111000001000001000100100100110111011110101100010100010
101000110100000010111111110100110001100100110110111011101100
101110011101110101110010101000000001101101111111111010000010
100110011011000001010110001111001011111110001101110001010001
001011111110101010101000001100101001100001110101110011111001
000111000100100010011000111000000110010010100011101010110101
101100011000001001001101000101110100111111001001100100010110
101110100010010111001111110010111000001011110101100011010000
100100010111101111101011001010001100111011100101100101011010
101111010100110011101111001011011000001010010100101111011111
