100111101010101111110111111001111100000010110100011000011101
000111101111011111100011000101001001001010001011011000101001
000110111100001101001011000111110010101001111011001111011101
110011110111011101100111110111111001111000010100001010110001
011100101010001100000111101101110110011100100010010001011101
001111011111100000111001101101101010011001110110100011010111
101010111111010010110100000101000101010100010100011110011011
001011001010010001001001110000101100100000100110010011110001
000111110110011100001001011001001001111000011110010011010010
011010010100001101111111000100101101001011010010001010000110
101000101010111011000011110101001010101101100110100100001001
011100101000000100000111011101000110001001010100010010001110
011100000000111100000001100010001010001110010110010100110000
101011100111011011011001011010001001010000110000010100000100
010011100111011111001100111001010011010000010110100010101100
011010100101101010111100110001100101010001101001100011011011
010110101110010000101101101000001100000011010001100100110000
011111101101001000111111011000001011110010000010101100011011
011110001001101111101111110001010101110110000001110010100110
101110011010100001000010001111111110001100110100010101011101
110001111010101111100001000001011010010000101001000001000000
000110001100110010111111111100010101001111011001000110100010
011000010100011100111011000011110100011000010010110011011001
010010111110100010111011101111000101100100110011011100010011
011100100101110110110011101100111100010001010001101100001010
100011011110110010001000101100001110101101111000011100001100
101000000111010011111010011010110110111111110110001100101000
001101110011011011111101101111111010101000111001110000000110
111101101100001000011100000101111111011010100010100000111100
110101101110000101110000000100001101101000110101110001011100
110110000011111001001111010110011010010000000111000101011100
010101101101101001010110001100011011101100001000010101100100
101110111100001010100110101110111011101010101001101001000001
101011011011000011110010101110111011010110010110011110010010
001001111100110111000111101111110011010101111101111010001111
110010101100011001001010100111000110110100111111000011001010
001101101011111100001100110000101100110010100111000001111000
010110111010101011110100100111110101111011010010110000101000
001110101100011001010000010010001000101110111000001000011010
100011101101101010001110101101110100001110010100111010111011
