000100110110000000101101010010000100111000100000110101010001
011011000111011011010010010101000111000110010101010011010000
000011110100001011110001111011010001101110110110000101000010
101000111100000110100011110110111011100000000001111010101000
110111010001110101011101100101100000110100111100100101101100
010100010001000011101101010111000100111000101111110110000100
001010110001110001100101001100100100110010001111011000010111
111101010110100000111000000110010001100100110110100110001100
101101001100001010011110001011010111001010100001010100010101
000010100100011101100010101011010001101110010010100100110101
000010011001011110010001000111111011100010000010100111110111
110001110011100110011100111111110011010111100101001111011111
001110110010110110111100110000010011011111000111001010110000
001111010100000100111110001110000010001110001101011001111010
100001011000100011000101001011010001100100001111111111100001
100000101111111000001000111001010110111010011001100000101111
100111100100100000100110011000011110000100010110000000101000
110001001010110100101110000001011101110101111100101000011000
000011001001101010001000001000110000010100110101000100111110
000111111111100001111000111010111000001111010110110010110101
110001111110010000011001110001110101100001100100100111000000
011111100011101101010000100000000010111101100111111001101000
110100011001001001101000001000101100110110010110101101110001
111011100001110010100010000001001010011001010100110000001000
100101110111011000011100100110101001100111011101110010000100
010001100011010110110100111111110001000001011100011001000000
010000111001100011010110111100110000001000110010101001010000
100101110000000110101011110101011101000111001000111000011001
101011110000001000111001011101110100110011100010000110100001
111100010000001100101110001000111111010100000001110110001100
110001010001100001110000110001100110111100000101001010110111
110100110100110010011011110111101100111101010101101001101100
010001110111100101101000110110111110001010111010010001011011
100110000011000010011000000100011101110001011100010001101000
000111001100011001111010011010000110110110101111001000000001
101010011011100001100011111010000001101000011000000001101000
101011000101011011101000000110101101101111111011110101001100
000100100110100110110101010001110000101101101101100010100100
101001001001000000000011001101000001000110111111110001100110
011101000011010110001111011101110111110110110111001110101001
