010011110101101011100011110011001001000111010010001101111010
011100100100101000101010001100010111110111100110001001000111
110011011110111110110010000010110100101111000010100001110101
100101100101101010000001100001100000010001110011111100100101
011010111000110101101100100011011110100111010100011001011110
110100100011001100110100101010100111001110001000100111111010
001011001110000110101010101011110111100100101100011000001110
010110110101000110010010111010001010100011101100010111000111
011100000110001101011001110110000111011111000110101001011101
101011110101111001110110010001101111001010100101000101110110
101111001101100101011100111110000100010001011111010011111101
111111001101001010000001111101001110111011010111101000011111
110101011101100101000000110001100110000000011100001011000100
101100011100110010001001101000001110010001110111011111110010
011101010111011100001111110010110010010110000010110101100110
111111111101111011010010101101100001110100101010101000101010
011100010011100101101101000011111000101010001111111010100000
110100100100010000100110100001100000010011011001011101000100
001110010010001110001010100011011011111111010100010101000000
111101100010100111011000110100000010010000011001001011101111
010111111001001001111110011100101001111010111101001101100000
111111101111011110100111001001011110100001000011100010111100
100001100101100110000011111100010110101000000100000100100011
110100100001001001100000010010101010101101111010110001011100
000010110001110011101101111111110110101011111011100110110011
010111101010111110111101000101101010000110001001011100110010
010000010100000001011111001010111000001010100111101100110001
101100000011010010110111101000011010001011101111010000100101
101011001011001011101000100000100110001000010111110110000001
100000100011010101010100000011001111111010000110110111000100
000010101100000001011111000010001000000100010010011110011000
110000100010000001111111100111110001111001100000010010101011
101010111100000101010011100001111101111001010111100100010100
010100111001011100011001101011111011010000011010101111100001
011100001010000100010001111111001010011111001011110110000101
110000000011010000111011001000001000001101011011000000101111
010100010101000100001100000011111110000001011110011010000001
010101000010010100010111000111001101111001001111100010010110
000100011000000001101111001011011000110001001101010110111001
001010001011000011111011111110011110111111011000101101001011
