101100001100000101000011100000011011011101110011110110000100
101011100001000100111100011011011100000101111011111010001111
101010011111111100010011011001010110111110100100111110110001
101100111000101100000111000000111100001101100110011101010010
011000110011011100011001111110000001111010111111010111100010
010010110010100011111110010100101100101001111101001010101111
001000001001001100001001111101010101100010110111010010011010
010010011010111110001001001011100010101100000011011011101111
111111101101000001111010111010100101111000110011100110101111
101010100100000001110010111110011010011011110000110011100001
010100001101011100011010110111110011111000101100000000101010
011110100101100100111110011101110111010001100011001100100111
010010001000011111110111001110000010100100101001100101110101
011101100011011011011101100011101101000111100100111101000110
100111100110110100001001010010011100110100110011111001100000
000010110110111111010100011101000001100011111011100001000111
111001101011001111100100110010101001011010000101101100100001
000101011101011010110011010001111101001010111010100010101011
110000011111111000011101100001001111000001011101010100000101
000010111111011010010100000111100010000000111111000010011000
001100000011001000011011011000110111010000011000101101111000
101011011010000010010111111100010100011010101000001111110001
100101101100010111101011001001100000110001010011101110001110
010100000100010000101110100001111101000010110110101001110100
011111001000001010100000101111111001010100110010111001110100
010110101100010100010101010110101000101000010011100011110010
011000000011011001000111100101000110100010101101110111111001
001100111110011010101000010110110010011000010101110011100101
101101011001000100110100110011110100110100110110101000010010
000011101011001111000010010011010001010011110011111110001110
011000001100111110100111100101100111101010011111000101000110
001110110101011011000011111011010001100110100100110011000001
101111010011100011010011001101111000101001010101101111001011
110101010011110010100001111001000101010011100110100001111110
010111101011111000111111111100100010111100000001010011001011
101011110001110100001110111000100101000001000001011000100011
001100101010111011101110101110011111100111001010000001010011
010111010100001001110110101011100001100001011101111001000001
001000000001100010100001000001101010111110001011100101111000
101011010011111001100100111100000001011101001111010111010101
