001110101110011110010111000011111011101011110010100001010100
110011111110101001000000011100000010110010001011110110010111
111100101101100011100010100100100010110000100101000010101101
101101100110110101011111101110101100011000010101100010000111
000000001010100101001110100110100000110110001010001100000011
001011100011100001101101000111100010000010101001100110011001
010111000011101110111000011110000110000111111100011100110100
011100011101110111111101100011011010110010100111111100100101
001100000001100111011000110101011111010111100101101100110010
101011001111101010111010100010101000100101110100001000011011
110001111101000110011010101100101101010100110011011010101001
011110111001010100011111101001111100101101100010101101100101
111010010100100100000001001111111001101001011001110011111110
011000001110010010100000100001000000100110011001110110101110
111111100011010011111111001010000010100001111101011001001111
000010011110011100000101000000101001001100101010110000111001
100111010100010001111111000101001111010001101111010100000011
001111001001011101001110011001010011101001011111011001101011
100111100110100001000011100111110100001000011001110101111111
011000000001010100000010011001010101001110010011010011000101
010010000011010010001001111011110100111001000111101101100001
110001110001111110111001011011001000010101111100100100000000
001100011011001110110111010100110011101011011000100100101001
111011011111001111000110000111001110100110110101101010010110
101100110100011110011010011110011110111011010111101011001001
011110010000001000110111100110010000011111110000110001110110
000011001000111010100001001011100011000010010011100011010101
110110100001101110000100111011111110110101000101100011010011
000010100010100011100101100001100000010100000110101001101100
100000011001001100101101011011001110011111100000011111101110
101000110111110001011100100001100010101111000010010111110111
011111100111001011011010100111100000110111010110000010001010
001110000011100101101100110111011100101001000011110101010100
101111000011111110001010010001001000011010001111000101010011
010101000101110101010110010010100101100011111011110101111111
110001000100110011111101001110100011001101111111011000000010
101010110111011111111000001110010000010111101011011111001011
011001110101000111011011000000100101000110100010000000010011
011000111010110000100100010110111110111010110010100110000011
010100000100010101111010000110100000111011101100011000101010
