010110111111101001100100110001111110011001010100101111001011
001011101010011011100101101111010100011010011001000110001111
001001010010101001101111111011011101010100111011011101011101
111010111000100111101011001111000011110110011110110001011111
001011010010000111100111100110001001111110000010111000010001
011101000001010010110111010101110001001100111100101111010011
111010011111100110011110101001101000001111111010100100110010
001001001110010110010111110000111101100011011001011001010011
111100000011011110001111000001001000101111100100000010000111
011110011100110000001100100110110100000000011010010101110110
000010100111111110000001010100011001111101101111111001010011
100101110101110110110011100010011001011000000001110011100101
011101101110101100010110010100110001010100111111100010101001
100110000000101101000010000010111111111101001011010001011011
011001111000011010110001100110010011001101010000110110000010
111110010110111101000111111011001101100110110111001100101000
001110001101100001001000011100100101100110010100001101000001
010000001011110100001011110101111010110001101110010100000010
101111000101000101100011000010001000011011111101001101011010
111001110000100101011100001001000011100010101111100011010011
101001100000001110101110101110000000011001101110001001000100
000110101011100110011100011001100000011011010001001101100110
100101000011101101011101000100010111101101110111111100000100
000010000100111110101110111110010011001011100010000001011000
101011010100100001000011101101000110101001000101111011100000
011011010011000000111100001110110010100001010000110101011111
101001001010111001100111100001001111111111100111010100111011
111101000110011110100001001110111110010111010110110000111000
000111111111000110000111101101011100000011010101101011110110
110110110001110101111110100000101101001100010101111000100001
110011000111110100110111101011000110110010110011001001011100
011010101110111111011101111010110101000010111110100000010101
000100111110011001010101101111011011110001100011000111001110
110100100001000010011010111101010110001011011000001100011101
011001100010001011001111110110000001101111000000100110000011
101100110101111100000101101011000010010111111000000011011110
011111010011000110001101111010011001000111000110110001011011
010110101010000010010111010001101110100001011110101110010101
001110110101010101000100000001110010010001001101100001111101
000010001101111011011110001100111101011110010000010101011101
