000000100010001111011111010011101010100001100110001001011111
011110001110001011000000101001010010011110101000010011101000
000100111100001111111101110000110101000011000010010011111010
001011100010011010101000101011100110100001000110011010100011
100011010111101101110100010100110101100010010101110101010000
011111110111110010101100010001001010101001000100101101001110
100111000000101010110101101000001101000001111110011000101011
110000100111100110100010101010011111100011111001001110011010
011001100011100111000010111011110101010010010010111011110010
101000101100011000001110010000111011011000110111001111101000
001111110101011111111010010100010000011110110110011110101010
000001110110000100110000111011100111000110101110000011010111
001011111110110110100011110011010011000100100101110110111110
101100001101110110010000111001110101100000001001011011011011
111001000000101000011011110100101011101101000100110011000011
010111100101110110001101010101011100100110010001100000011000
000010101011100011110001011111101101011111001111011011111001
101110000101101100001001110101010111010100011000110100110101
101101011110011110011110111001101011110101110111101101101110
110111010110111110010001010010111010010110000001001110011001
110010011001001011000101000111101000111010000111100000001101
011100010010111100001011101101000111001011001000000111100111
101011010001011000101111001111011111111100101011001111000011
011010100010001100010000110011000000000111000100110111100110
001101001101010111101001011001010011000100100010001100000001
100101000010101100000000001000101101111110010100010010010110
110100111100101001000001100000111111000101011101011101010000
010101110110111001111010111101110111101100111000110001110010
000110010011010001101001111010001111101111100011000001111100
110001100111011000110010011001110010101101011001011100011110
000110000001111001000010001110101110001111011101000100010111
111001001011011000100101011111011010110101111011001001110100
110101111000111010001011000100011000010100110000100010010110
000000010000010001011011101110100111111111100100101001011011
010100111000110111011001100101010011110101110010001110101001
000000001110001101000001100011111101001100010111110101100111
011101001011010000011001000111010001000100110000010000011000
111101010010010001101111111111011111000000011111111111011001
001001111111111111010010001111101001010101001101100101111110
010000011000001010011011101110101010011111010010010111101000
