100111110010000111001011100000001001100010010110100000011100
000010010111111001001101010110011001011001101011111100101100
010100111010011011111011110101010111000000011101010101111000
000001000101010110101110000111100101100111100000010011101101
000101010010100010011011000111000101100011110000110101101010
111010010101001011011011101110110000011001000100100110000101
110000001101101001010110001001101000001000011101110111001110
110111101111100000000001011010110010100001010101000100101000
000100111110010110001101010010111101010101111111101011100010
100000101100110010000001101101001000010010000000110110000000
001110111001011010110000000001110000111011110110011101011111
110010110101011100110111011100011110010101000100001011010110
101111110101011100111000110001111110010100010101010101010100
100011001010011001001111001011000110010111100011100011100111
001001111110110110001100101101101010010100111100011100100010
000001110101011100111011000100101100010001011110000000101000
101110000001010100000000011101100110111100011110100101000100
111100111011110010111100100001100101101101111110011100010010
010100000100000110110010100010001010101000001110111011100110
010111010011001001010100111110010100000101010111000000101111
010100100000011000100101000000000011101010100000111010000000
001010010000100111010100101001100000111001010111111111000100
111010000111001000001111001100101110100001011100101011110001
001011110011100111100100111100101100010111001001001000111011
001111100011000010101110101001000011111000011111110100100101
000101010110011101000010001101000110100000001100011000001011
001101010111101110111101101111111010111110010011101000111100
001111100110100100001110101101000001000110111000110001110110
001010010110010010110110010111100100000010101100011110011010
011100110001010000101011011010001001110010010100111011100111
111100111001100001101010001110010010010100111011100110111110
001101011010001001000011000011001010111101100111001110111101
001111111111100000111000001101111101110011110001111111100010
011010001001110110100111010010101111100100011010001001111110
001111111000001011111111011110000001010001100110101101010101
101010110001111010110110111111000011001110010100001010001101
011001010011100101101101110111001000101110001001001101111000
000100111111110111010000110101010100011100010111110110110100
100111010111110010101100011000001110100111110000111001100011
101101100000111111000111010010000110001100111100011111000000
