000000000110101111000000100110101011100111010011100100010001
100100000101010100110110011110110101010101001001001100001100
010110100101010111110011110011011111111111111110110001010100
001100001111111001111011110101101001110100101101001011110000
000011011011111110100111010100100010010110001000001101011001
110011110110110010010101010001101111101000111101100110110010
011101010110001100001101110011100101011110101111111100111000
111100000010101000010010100000010100101010101001000111111100
101110100010010000100101111001010010000111100011100011111111
110101000101101000100101010100010000111010111100011001001100
100000100100000101110010001110111101111100111011001101010111
010111001100000110110100010001101000011011100000011111001010
000100101111110100000111000110110010011000110100010111111010
001101000011001010001110101010010011011010000001000110001111
011001101011000000111110001001110011111110000101011001010011
101011110100011111110100100010110001100011011010001001110001
001001010100000001001010100101011011110111000100011110011001
011001110110001001100101001111000101000111111111111000011100
000000011100000001000110100011000100000101000011101111110001
101110110110000110101111100010111001000010011001010000101111
101001011101010100010100110100110100100100110000101001110000
000000100010000101100000111101010010101000010000101100001100
010010101101000101001111010100110100000110100100110101011101
111011001100010001111010010010111110100111000100111111011010
100110011110110110000000000100001101100100101111011101100010
010110011000111001001001010010011000101001000100011011101001
010011010011010111101101000111001001100110001011010001100111
110101001110110101010001110100001000111010101100011010011101
101110101001100111000100101100111000100000010101111010010011
011101110101110110001000011001000101010000110000001110101101
110100101001001001011111100101101000101001100111011000001011
110010010101010101111111001111000000101110010011000010010111
011110100001010000101000100011110000110100110101010001011100
101100101000000110001001010001111010110101110000001000011101
111100101001000001100101001001000100100011101110101010100111
101100111001111111100000011001010111100101101011111110001111
100001010111101111000000110111111001010111011101101010000111
100001001110010100001101001100001010010000011111010011100001
101111010010011110111011110000000111011000010111110100000100
000001011001111110111101000100010100011001101100111111111100
