010110011011110011000001100110111100111001010001010111111100
100000000000110101001100100001101011000101101110111110001111
100001100001001001010101011110110010011110010100001100111000
101111111000010110001001011111011010110010111000111110010110
110010111010100011000000111111110101101001101100010101110010
100111111100110100100101111011001000111101100111111101010100
101010110000110111000100100001000100101100101011010000001100
010100111111100111011110000010101001000010011111100100001110
100001010101100010110101111100001010101110111010000101011110
000111001000100001000001101111101110011000000101000001100101
100000100100110100011011011011011010100111011101110010111111
111000101001010000010101000000101111110111101010010110110011
110110101010011110001101001011011100110011011111010111110101
101010001010010000110011111011100111001111111011111100111100
001110000010101100101011000010000001100110101011110110001011
011110101000110111100111000101011100110010010001000001101000
110100001010110101000111100001001101000110100111001110001101
101001111100101001101110010011011010110110000010000011011110
110100011000100010001100000011010110010011000110000011100110
001101000110111001001101101000100010100001001111111101100011
101100010111010000000000000001100011101110111101100100001011
110101100010000101010010100011001100010111011010010101010000
101100011110010111111111111101000101110010111111011010110001
010110111001101000010010011011001000110000110010101010011111
101010100000100100100100010101000110000101110011010111101110
000010110110101110111101010110110111010000101001011100010101
110100000111000101100001110011011110010001010001000101100011
001111111001101101010101001110000100011111111001011111110101
101100111001100110011100110110000111110110010100110001101101
110010011000000101110011011111100110111000011101100110011111
101011011111111110011010010100100111100111010111100101100111
100010110111111110000001110011011000011000101001001011111101
100000110011010011000001110001111011010100111010011101011100
101010111010011111011111001010011111110101000010011110101100
110000001101001000111101100100010100010111110011010011111111
011011100001101001100011110100111110011101111101111101100111
011001011001010000101101000011001111110011010001010000011100
110010011101000010001111001100000000101011001001010111111100
001001100010000010010100110010010110110011011010000010101000
001000011111000110011001011111000100111011011001001000001010
