111100000011101011000001010010010111011011111001000011001010
111000000011010100100010001100100001101100100010000111111011
100010011101111110001010011011110010110011001110010001001001
110111001100111111101000110010000100010101101100010101100110
010100100101111010000100011000111000010101110011101011000100
000010110110110010100000110100101101111110110110010101101101
110101000010101001101100101110001111001110110011101100111100
001101001110110000100001101110100010000000000001001000100010
011110111011000100100001011101110010010011010111100010111001
111110101001010011101111000101100010010110100011011100001111
011110011011101000101101010101101001111100011001000001010111
001101110101011101001011011110011001110100100110100111111011
101110010101011111001001100110100010100001010000010111111110
101010011010110100001000000000000111101000110111101010001110
010110010000111000001000011010101010000000111101000011011000
000100100000000110111111100001111011011010110101110000011010
001101101000010101100001110000101111111111100000001101011000
011101001011010111010000001011100100001011110010111100010001
101010110010110000010001001101110100001111111100100010010001
001101001010011001110011111010100011000011110010001010000100
001110101011001100110000111000010111001101101110110011101011
100110101101000101001011000010101001100100010011001110011111
110110101100110010000111101111110011111001111011100110000110
001000011010000010111000100010110101001111001101011100000101
110001110010111011111100101110011111110101101111110000101110
101111000100110010101000110100001100101001010000110011010000
101111010111111001010100101001100000011010100100110100111011
000110111000000011111101101100110011100101000101010011011100
100100011011001101010101001100101100101000011011001110001110
111010011010100011000001001001101110110111111000010100111101
111111010101100000110101001011100001101001101110010000011000
000011011100000011110101111111101000111111111110100111101110
101000000011101011110000010110110000111000100011010101111101
110000010010111000100111000011010011111100111000111011101010
000100011000000101100011010110100011001010100001101001010000
010111101111111010100111110111111111000001101001100111110010
101110001110111010111010101100000011110010110111010011111101
010011100111000101001101111100111000011100111101111000100010
010101100000100001110011110011001111000101111010111001110111
110110000011101001000111101101100111100110101101110001010000
