100001011011110000110010001111000000001110100000110001001100
100100000011101110110010111011100000000001010000110110000011
001110010111010110001100001100000101011010110110101101101000
011101101110010011101011100000011101101001101010011110010110
011011011011101110100111000011100001111000011101100011000001
101101010110011101100101101101001011001001001000110101101001
111111110111001101000110011010011010100101100010101010100111
011110011011011010100000000111010011011001010010111010101101
101100000000101010000011011111000001000110000110010000111101
011100001000110111011011000000001010001111010011010100110001
001110011110011010000010101110010110100011111101010000101110
011100011011100000100100111000101000101110010110010100111000
101111001010110100000100111111111111001010111100000000111010
001011101101101010101100011101001111000101111101100011111111
010010100101010010100000110010101110100111111010011100001010
011001001101100111111100101100010110101011001011101101101111
100110000011110101001010000000010000101010110011101011010000
101010010000100100000001111101000111110101010000100101000001
100110110000010010000010110000101111010000100000101011111100
101101110100111100001010011011001010101010011100001001101111
100110101101111111000011000011111110010111001100111110001101
001100011011111000000010011100000100110100110101001001111011
111011110001010010110000001100100011101100011001101010111111
001111110000001001000001110101111010111101110101100011110000
011001011010001001011110011110011010011101000001000001111111
001111100010000100111111111011000010100110100010000100110101
011110000110000111000010000111111001111010110101011011001101
111000101001100000010011001111111111101000001111110001011000
000111100001110111010110101011010000000100100100101001010100
010000110000010101001101010000100010111111110011111100001000
010000110100011010000010001100011001100011101111101001010110
110001000111001000100110000100010111000010010011000101000111
111000011000111011011110101011001110011101011101001101010000
100100010000011011011010010100001101010000100110101100010011
000100100001100110000001110001110000010000010011001010111100
010001101101101111101111000010100000101100101100011000110011
101010111011111010011001110010100111110000111101010000011011
110000110010110101111011010001010010110011101101101100100101
010111110010111000110010011101000011110011100001100001111010
111000101000000010001010101110001111111001110111111000010100
