000010111011000000010101000011101010001010011111110110010010
001111000111111110010110100101110111110111111110101101101011
100001010111011100100000100111011011000100011111011001111101
101101110111001000001110101101101101111111001100011001001011
100100000011011001000001010111101110010100000110111010000011
100110011001011101010001110001100101101111111010000001101001
101111101101110010101100101111101010110110111101001011101010
111110010000001100010100111001010001100101010011110101000010
101001110111110100101101100110100011000111111011010000100000
100001111101001101100110010101001011110010101011011100111011
011000011000101010000001110111010101101111101110000100011110
011111001000001010011101101001001101001010100001100101001111
000000110101110001100101110110100011100100000100111011100101
000001110110011010100100011010111011011101011100010001101101
101000111101011000000000010010111110110011000000110100111111
101011101001000111001111111100110000011110010101011100110011
100101110001111111110001100000111001111110101001000100100111
011101101011100010111011111001011010001110010101011101101110
101010100100010011010110010100101010111101101111111101100111
110011100100000000001000110110000110110110111001010011000000
111001010101100011101110101101110000000010000000110000110011
101101111001101111101011001010000001101111001000001101101001
110000101111000111011001110011100110011111000011111101011100
100100000110011001100110110011110010011101110100101111000010
110011011000011101010111000110000100110011100011010110101110
110011000011000101101100011110110100100100101101101101110111
001110100011110010111010000100111101001111110110101100011100
101001110101110000011111011001111011000111110001011011001100
100111101111010000100111010011000010101001110011100011001011
100001101011100000101111000001010000001100110010011010000011
010111011101101001101010100001010010110110001100101111011010
111110110001000110001011001010010111011101101000110111011101
110010001011101011110111110000011100110101100101001110110110
101011001100101111100110011011010011110111011001100000110111
110010011101100100111111001110001001000001101110011110100110
011101111100011101110101011101001111011000010011011011011100
101111110010011000110100101101010011111000111010100000110111
010001010001101100111010111111001110111111001100000011101110
001101010111001010110110111001001010111001001111100100110011
001101100101011000101001011100000000011001001101001010011111
