001100011101101011001010011110001000001101110010101100110001
011101101000011111011100101010011100110011010010110100011000
011110110001001010011101100000100010100100101111101101010001
011111010110101010001000100000100010010011101010010000100100
100101011111000110111001011111000011000001101010011001100011
010010000011100100111000111000001111000011111101110010010110
111100011000000001001001101010001001011111100110000001000111
000001011110100110110110010110100010010101110001010001100100
101000001100101001010010101101001010110110101011111000111101
011101101101111001101011100101100011001000100110001111111110
100010011111100101101010010011110000101111110100000110010110
110000000101101000011101111110011011000010010100001010011111
010101000000000110011000111101110010001010101100000101000111
101111010000101100001011111000100011000000110101000100010111
001010011011010111001001111100111100100100100101010110111101
101111101000100000000010101101000011010110001100110110001001
101011000010001011110100010100011110010101101000111101001001
001000100110110001001010000000101101100001000011000101100000
000011000101100100100100011000110000110100000100001011101111
110110001101110100010011100011000000000110111101111011100001
011010111101000010000100101111001110011011010010011001110111
100110101111010010001011110100000110010111101010110110000101
001011000110000101011010110101000101100110110100111100001000
011010001000100101011100110101101110101011000001001010101101
101011010100001101101100010011111110010110010000011010111111
110101110100010010000010010010010100111011010100011010100100
011110001101001010011010110110011001111000100011101100011010
000101000001010011101100110010101011111100001000111100101011
101101011101100101110100110010111011010110101111110011100100
010100111011010100011011001110000101011010000000011101111110
110101001011100000100101001001010111110100101010001100110000
110111111010001011101011101011111101010111011011011111001000
110000111101101100100111100010001010100010100110000111101101
010001100110001101101110111000011110001111101011100001001010
001101101011100011010110001010100010110000101010111010001000
111010011110110000000000111001100101011111101100110001101000
100101101001111011110011100101101100000100001000000000110100
100101111100101000010101100010010111001100001100100001111110
111010001010001110011001010101101011100110110111101010010011
101001010000010100101101110000000100001100010100011100101000
