100100100010101101110111010010100110101011000000100010101001
010101011010101010110101001000001111111101100000110001110110
011101111000011000010101011101011010010011100010010001101111
101111000101100011011110111001110111100010000001001010010101
110111000011011010100001100011101010000100011001011101100010
111010101011110100111100110100110101101111110001100101010100
110111011000000010010111001111111101110000000101101001111000
100010001010101110111110101000001000001001010010011001100010
001110110100110001111111100011011101101011110111011011110000
111100001010101011001101011011010010001111100000110100000001
110011111111010111000110001010110110110001001001100000100111
100111001001101110101101010000010001101010101011110100000010
110101110001001001010111111011110000111101100110010101000100
100001000110100010010000101100001010011000111100101000011001
110011100011100100101110101010000001101111000010101011101001
011000101110110101010011011100100101111111001101101101101110
010111100011010001000110000101100101101010000000100010011011
110001110000010000000101100011100011011101000010110011000001
001111001001110001100001101110110001111000110001101000000110
110100100001100111011001000000111101110011100110001111001101
100010111101111111011111010101110110111101110011101011010111
000000011010111001001010110111111001101000010110111101011000
101111100111000110110000101110001101001110001000010111110100
101110110111100000011100111000111010011010111000101010010111
100011001110011100000010010010100111011111111111001110110101
110100110110111111000010000111101011111010111000010001011010
110101010101010001101101000011010011000101011111011001100000
010110001110100010011001101101001100110001010000110110101111
000010001010010101101000100111111101101110011110011110011100
110110001111011110100001001101010011000011010111100100001100
101111111001011010010110000110011110001010110100001000101011
001001011111011001100101100101111010100110100010100101101101
110000001001111010000100011011101100110101001110110001101001
110001011100101011111001110010101010011110100001011111110100
010110101100011110111111010110011110101011011100001000001111
000101010101010110010000010101101011111000111001011111000000
011110110010100010001000011101101010011101001110011101101010
110110011011101000000010011000001101000011010010110000011010
100010100000100111010111001101101011000101110011001010110010
001000101001111010110001000111110100011010101101010110000111
