100010111001111101110000000011000110001010000010001000100010
110100110111111010000001010100011001100000111000101111110110
100000001101110001110000111110000100001101111111010000110001
001111010011111000111100111110000100100001111100101100111001
110110000011111010011011000101000010110001010001011100001101
101000000101000011110101110111011101000000100000001110101100
011001111010001111101011100111010010111000111110110001011111
010101001011101000010100111110100101010011010100110101101111
000111110110010001101101111001010111101110100011010100101011
110011010001111001100111101011011011010001001101100100001100
000100000111001001001111010101100100100111111111111000110100
010011001110011011111000011111100010101011000001000111110111
000100111000010000111101110001010100101100010100100011111000
011001111110100110001011100010110011000111101001111000111010
111000010110110010110000100101101000101000101110010111101011
111000101001010011100101101111000010001110101000001001001010
100010111111010110001000011000010100010100000110110010101001
110011100101100111110101100111100011010010111001010010100010
010100100001011001000110001000100001011010000100000101011111
101010100111000000111110010001010101011111100010100000011100
110111110111101101101101010111010100100011101101100000010101
110010001011010111111001110110100100110000011101000011100100
000001011101111111111001000010100000011001010011101111100011
110100011010100111101011101011000111111010001001001001111001
100001100011111101011011100111110100111100110101111111010111
101011011101010000100101001100000110101110010001101011011001
000000111001001001001000000011101101110001101100011101101111
000001011110011010000011101011001011111010000000011011100000
010011001110100010000111101100101010101010001010110000010100
011010101110100000111010110011011011110101001111010110100001
011101101011110110111010111000000100101100010110101010101101
010111001001110111101000111000000100110100110111111110110001
000100101101001011010100001100110100100110000100001111000000
000101101000101001100101000000010111110100000110000110111111
011000111001101011110110100100011111101100111011101110001111
111001010010101110101110100010011111101110111011101010100111
101110111111111101111001111010110100011010010000100110110000
010110001001011010110000001110101100110011111110000001100010
001110001010000101000010010110000001100110110100101011000100
001111110111111011111111000010000000010111100101001011101001
