010100100101001100000011100001110111101101111001111111000000
001010000111001010110001001100001100000011101101010100001010
100000111001101011101001110010001011100100011110010001110101
011000100111100000011100000111010000010100110000010010101110
001110100001011101111111110000100010111111011001111111111111
011100011111110100100110000101010100101111110000101100010111
110100011001101010010111111101110011101011100001101110101100
100110000011001010111101000110011010010101100000101101100110
100001010100001101001000011100111110111110110100101000001101
001111000111000100001010100101111100101011010010001010000111
000110001111101101100111000000110010001100010101000000100110
100011110000100101100110010100000110100001100100000001010000
101011101000000100111000001000001100001111111111100100011111
001110110110110000010100111111000101000001001010110001000101
110001000000111100000010001110000001101001101011000011000101
001101111011101000010101111011000000101001101000011110011011
110111000110111100111000111001101110100111111110101000100101
011100110010111010001111001100110111100011110011100011000001
000001011010110101001110100111111010111011101101110100110000
111011101111010111111000110010001101110011100001101011111011
100101011000111100111110010111010011100101110111010100010110
001001011010011010000010101001111001110110000010101101011101
101010111011011000111010111001010100100010001110100111100111
001110110110001000101010010111110001110111001101101000001011
100101111000100111011100111110000000001110110111010000010101
110101001101101011110000000101101000011110001011100010101110
010110110101011000100011011100100000001101110100111110101010
001011111100010101111000011110000101111001001011010100000100
110100001111001010000000111110000000111010001110111010110001
110000111001000010111011011111110100100000000010111111101000
110101100100000101000110010010011011110001100111111111100000
100011000011111110101000101101100010111111100000101011110100
001000010101000111001101111011111100101001111110011010111111
111111100010000000110101110011101101000111011111110110100000
100100101010001101001001000101111111011011110101000000101101
100100111000100111110001001100110101100000110100001010011101
000110010011010000011100101000111010001011100101001001011110
011100000000111001011111100000101011111010001110101001010100
011011000000110111010011001011001000000011011001101101010010
011110010001010011010000010011101011000000010011111101100010
