010011010110011111110000110011101011011000110001110110010010
011111001011000100010100011111000001011111101011001001110001
010100110010010110111001011010100000110100101101000001010100
100110001110011110100100001100101101010010100001001111101111
110010111001000001000100110010001111111011111101000011101000
100100101110010000111100001001010101000000010101000001100001
100110100010011111101000100100011010101001001111001100111000
001110101010010101111110111001011010110010000011111001110110
011101101110110101110100001110110111010100110010011000011001
111000001010101000100111001001000100110100010001000001011100
000011011010100011011001010101110010011110101110100011001100
110100000010010000111001011110111001010101000001011001000010
101110000011000100000001010001101100101101000111001110101100
110011101001001011000001000101111010000111001111000100101100
010001011001100100111101000110001111001000110101101000011110
001100001100011100101000101111101001100001111010100110001101
110111111001011111110111100010001011011100101000011111000001
100000111000010001001001001000010111001001000100000001101100
111001111001001000010000001111101000100100101110011001111011
000110001100001111001000001101010111000001100010111000111101
100100110010111101001100010010101110111011010010111010001111
101111110100101001011000111000101111011111101001010011100111
010010110101101101000110100100101001111001110111000010100100
101001000111011101010011010100100001000110001100101001011001
100110000001110100101001110001110100011110110100010011011110
010111000000000000000011100110000100010110110000101000011010
111101110001011001101001000110110011000111100101001010100000
011111100101010110011010001110100111000010101100101100000101
101010101011110010001001100011011100101011001011001011010010
000000100010000100000100100000001010100001111000110100100000
010011000110010111111101010011110000101110001001100011101111
111011101101100011100100100011110010000100000110111100010010
110010111111110101011000100011101001111100100100001111101101
100110010111011100101110111100111010000101011111110011010100
011011010010000011100111010011110110000001110101010111100110
011110101011110010110101101001111010000001101101100001101110
110101001011101100101111011001110010010010110110100110100110
110000001101101010010011100110010001010010011101010000001001
110001010110011010101010110100001001010111110011011111011100
011010110011101100100011100001101000111101000010101111011111
