010100000100101000001100010100110101001110111010000110110010
101110101011001101100100010101011101001111010111000101100000
011101101101011000001010000000110110010011100111101100101000
000110010111110101111010010011011000111100010011100111001001
110001100101011100110001011100111010111100000100010100001101
111101010111100100010011001001001010000101001000010001000101
100101110001000010001110001110010110101000010100101001000101
100010000100001100010110111010010101011100110000110010100111
001011100110110000111100110110001000111000100011011111011000
110000011010000000010010111011101010100101100110011110100000
010110100111000110001000010001110011100001111011101000101100
101000011111011000100110111100000010110001011011101100011011
111110011001101111111110000001000100010111111110111110101101
101000011011110100010111101010011010101100100101001000101101
001000000010011110110110011011000001011111111101101011110110
111110001110100100100010000100011111010000111011001011000000
001111111010010010101100000100100101110000111001000110001000
101111101100111110000011100110001110000111101100001110100110
001111111100000011011000110001010011111100101001100110010010
011011000100010110110100010100001001001110000011011111010111
011100111101001000011111101010001110001010100011100000101111
011010111110001110101110111001000001000111001001010001000110
111111011111000101111010111011101000010111000000011001110000
110111001001100001111011101011100111001010001000010100110100
111010111011010011000101010111001111100101001100101011110111
111000010100010011110000010001001110111000000001100011111111
101111101011010101101011010010100100001101100011000011000010
000100110111110100100000101001001111110011000110000000010100
001100001000100100011110110101000011111011011010000010000010
111111011001110101010101000001110110101101111111000101110001
010110000110011101100010011110100110110001000100101010010100
111110111010101101111001110110000111011100001010000110101111
010001101101111110110000111010011110101100000111110001011101
011101001001101011011100110111110100101111111101010001001010
110110111011010011101011000110110101010001101110010111010010
101111100010001101100110000111001000100000011010000000001000
110001001111001011001100100011000011000111111110100110011111
100001101010001110110001101010000001010001111101101110010000
011000001100110011110000010110010101010011101100111000011010
100111111010101010110111010100101101010110100000111111101011
