110111001010011000111100100110111000111111011110100101101100
100110010001001000110101001010111000101101101000110001101110
010010011100001001000111011000000111101001100010010011001111
110000011100010100101101101110100010011101001000110110111000
100111000010011110000010110111011101101110011111001110010011
110100101001100001011010111100001111001001100011101011001010
010111111100101111101011011110010111011010110110101010111010
110101100100011010100111010110001101110011000001101110000110
101111000100000111110010001100100101000100001110001011010100
101110111000110100000000101100011011011001100111000110101011
101111010101101011010010010101111010000001000110010101101001
110100000010010010001001010101100000101011011111001101010110
110101000110101000010010000001010011011001001001110110101101
101100111000001100000010001011111011000111110111111010110101
011110100111000011010111010000110111000110110011111100100111
011001001000000010111011010001100111011010101100001100111100
011110110100011001000111010001010000000111010001010110100100
111000011011011010000110100001001110111110111001110110010111
110011110011110110010011010101101001010010111011011110101000
001101000100101100100011011000111110110000110100110111100110
011101111001000111011000011111111110101101110101001011001100
010010010110110000011100001010111011011110000111010011111111
000011001011010001011000000000001000010011010110110011111111
011001011010001010000110000111100010001110011100000110110010
000010001110101010001101101010100100001101011001010101100001
111100010100010000101101000111000110000000100001010111101000
100110101101010101010001111010111011100100110111011111110001
010010000111011001100011000011010011000001110000110000111110
111110001001010000101000100010010111010100000001000111110100
100111011001111100100000000111111100111011111110101101010111
010110011110100001100111001010110000111101111111000010100111
011100010100010111011111001001001101110010101111111100100110
100111001001000110111100011000010001010100000000111101001000
100110111101010110011000001101000101000010110011011101100100
111011011010100001000010110001000011010011110000100111110011
101101000010101101111000111111111001010000010101111110101010
111011010001000011100011010111111010011011001111010010111100
110110111111101011001001001101000000100100101100010111010111
100111010011010000110100001111101111011110111101010100001111
011100110100001110010110110101000100010001010011100101111110
