011011101000001011000101110011010101001100101010101011001000
000111101011100000101101101000100101101001011001100101110101
100111011001110110111011111101011000100011010000001110110010
110111000100000001000111011100010110010000010001011011000000
011000000101010000010101111000001000001001111010111110100011
111100101110100010011111001011110000111110110011000001100010
100111000001110010000000000011100100010101010001001110110000
011100110111001111110000111011111101001100100000001110001011
100010101001110010001000101110100101000010011110011100010010
011010000011011011000101110101100001001111111000110101001110
000111011111110000101010000011111110100000001110110011111001
001101110011110011110111010100011111100001000101100101011110
110111100001101111011010001100111011011101010110000010100111
110011000100001110111010011000100101010101111001101001100111
111000001111100001000010000110000101100010010000011111001110
101011100000001001011101101010111110110110000000101011100100
011000111100110110101101011100011011010000101111010111111010
010010010001001111111100010110001001101000010100100010001111
001110001111000001110110000000110011101010000010100000110101
110001011001000001100001100000000111010101010011001111010010
110001010100101101100000100110000010100100101101110001110001
011010111010011111110111010001010011100100000001011111100110
000011000101110010110111111010110111100111101000000010000100
010001010101000110100110101010111010010100000011001110111101
110000111100011100110001000011101011100011110111111100001010
100111110110001001001111000101100010010010011011010100000001
110000001101101010010110010011010001010110110011001110111011
100011101000101001000101000100001101100001010011000001111101
100100110111000000111101011001111000100110011101001001110001
111000111111101110000110111110101111010111011101100001011001
110100000110100000111000001101000011010111110010000010000000
111011011000011111011111111001010111110001100100001111001101
101111101011110110100001010011001101001010111001110110110100
001010101110001010000101110100100011100011001011001100010111
010000100011110001100101111110011011111011011011101111010000
111101011001000001010001001011100101011100101111000001010000
100001100100101100111001101111110101010101011001110100001100
100101001001101010111101000011001010000010000101101001010111
111011001001101011001001111100000110000001100111010111010101
011000011101011100000011110111110001100111011011111111001100
