100001110110101110100000100100011110001001110100110101010110
000011000101110111010111100011111010000100100101111010110010
110100111000100011110101100111100010110000100110101010101110
111001111000000111010110001111000000111110011100000000111110
100011101001110111110000110000010100101101000011100110010100
111000100000000101011010100011010011100000110011001100000111
101101100000101010101101111101000111001101110101011000011101
011000001011100001100111111011010101010001101111001100001010
111100100101110111100101000110110011010100100100110011111111
101011011111000010011011111111101100000001000011011110110001
010010111110010001001000011100011100101101001000101111101001
100100001101011101001011101001111010100000000101110111101010
010001111111100100001101110101010011010100011101011101110101
000100010000111101110011110110110000010001000110111101110101
011010110001111110110010111000001011001001000000101010101000
111100001010110101010000110101111001001101100011110101001001
111111000010011100101001011101000010000000011010110001110011
000010010001110101111011011101110010101010010001101110001001
100010000001000100001100001011001001110110100010000101100111
100010111100101101110000010101001110101110101000110110001101
000001001101010101101001100011100111110101000111011101010010
100000000101100111000010111000111101011000100000110010001001
011101111111011011111111001110000011111111100101011110001000
001011010001100011010101101000101011110101110010000001111000
011111000110101111101011010000111100010100110000110110010101
111110001010010001010010111101111011100100111011111011111101
000101000000001001110011110011010101010100110000101001010000
101111100100100111000010100110111001110011010111111110001000
110010010100101110010101100111001111100000000001010101011000
100111101010101100011010000110011101111000110111111000110000
100101011000001110100000011001010001100010111000000000110011
001101101110110101100100000111101101100000011101001100110111
111111101100000010001011101100010001101000111111101101000010
101001100000101010111000101001111100000101110010000111010001
110101100111101001010101100010101001001001110010001001000001
100001110110010100101001101010110111001010001100101001110101
010001010010010011001011010101001010000000100100110110100101
100011111000000010000001010011010110110101010110001011000010
111110110101110011101110101001110100110011101100100010011110
101111011101101100101100110101110010001000110110000010000000
