011110011000111100110101100100100010100011110110010111011111
110010111110110110010000011010011110100011010010010000001110
010101011101110001000001100111111101011001000110111110000001
101011100011010110011110000001000100101001101101011110101000
010001110000101111001111101110000110101010011110111011101010
110001111001000000100001111000001110010011011000000100011101
111000011001110100001011010110011011010011011100010001110110
110111001001111001100100100000101101101011101100010001110010
101011000100011110111010000010101100010011000101111010111011
110100010101101001100110000010011010111000101101110010000001
100011010111110101010011110101001110010101101111110100100001
101010101101100001001000111011111111101110101110111110110100
110001111111010001000010101001001000101101101010001101010010
001001001101011001110011010010010001100001110000111010111000
111011000111010100001000100011011000110011111000011111011011
011001100011101100110001101101110011011100001101000101001000
101100100101110011101111101111100000110001100100110000101110
110001101100110100000111101111101101100001101111100001000100
100010000001001111000001000100010011001001101101111011011001
101001100000100101110010001101001000001000001010101111101001
011111110010010110111011001111011101001100001010000111111110
110110110001110001111101111000001111101001111010111100110100
011110111000101100000100100010001111010011100001111001100110
011111011110100101101110100001111111111000111111000111001001
011000110111001100101001001100001100100010001010010011010100
101111110111111111100000011011111000111010100110000001101011
011101010010101110010011111000011000000010110110010111101100
111101110110100011101010010011000100101110000111111000010000
101100010110110011000011100100101110000001110111010111100111
100101000011001001010010111000110110100000000100110001000111
010101110111011110010010010111101111010001001000100110001010
010011101001000000001011100000110101110000110000001000000001
000110000110100111010000110110100011010110010111001010110110
101001110101011000101101110100001001010110000101110101110011
101011011010010010001111101111011010101101101110110100100000
101100111110101100001001101101011101101100001010100000001101
011101110110001111110100101010111001100011100110010001100001
101001110101110101011001001011001110001111100011100100111010
010000011010110011011011001011010010110011100101010011011000
001000111110101100001010101110011111111000000111000000001000
