001110001111100111101011001100001011101101110011000110110001
011101000101010010011101000100001101011111100100111101000101
011100010010110111001110011011111100101100101111011101000011
011100001111111101100010011100000110001011001111110011000001
000110111001010101110000010001100000111111011011111011001001
110101101110101111100010011011001100110010101100010000011100
010001110101101010100101001111001011001010101100001101000000
100001101101110101000010101000100001011010100111111010010111
100111111001001010011010101100011101001101111000000100110011
100001011111100010010111111101100010001110000100001100101100
110100001010011001000010111010001010001111111010110110101010
011111010110011110111111101011011010001000000001111100000011
110001000011111000000000001100110100111000011001011100010101
001101101001110000001011010111100001111110111100100101100100
011110000000110110001011111100010011011001111010000001011000
011111011111100000011101000000000101100011110110100110111110
111010100111111111011111011011111101000011110110011101101110
011100011111000111011000101101010011111010011101010110011000
001000110000000110010001010001000110001101010000000001000110
110000111011101000001111001100100100011001101110101000000010
011000001101100100000110010111110101010010010111011010000001
111110000110001110101101001111100000100111100111110000011111
010010011101010011111010001100111101101000110000111111111111
010010000110101000100001011110100000000101010110111010010010
110110011010110001111011100000001010111010111011010111001100
000010011010010000110010000000110000001111000111101011011010
011000100101011101010101100100011110111010100110110011001110
110111010010100111111101011000011110100101001100010011010110
011101110011001001001010110010100100000111000110010000110111
110101100000010011000101000011000000110011110011111001101011
100101001101100101010111001000100101010101011101110100101101
001110110011101000000100110011101100011001101001011101011111
000001111110100101011011111110010000110101001011011011100101
000000010100000100101110101010000000011101011001100001111111
100001011001100010111011110001110000110001111001100001101101
111011010000100000001101100100110101011001011010000111101100
111110011100101110000011010001100001001101111111010000000100
100101101001001010100101110110001101100010101011101100000010
000011100001011000000110111000001101001010111001100110111101
111111110001000100110101111110000100000001111110000000110101
