110001111000011111011100011101010011110101110111100011100001
000100010001101011001111010110000000111101010111011011100110
110111111100111100001010100111001011000001011001100011000101
110101110010111100010010010011011111000100010000101011011110
000101001101100100011001100111110011101000001001111001100110
111100111000001110000000000011000000010101010110011100000100
001101001111100100001101100000011100001101011011100010110010
111001111011001100010100010000111100100100010110110010101011
001101000001001101111000000000000001011101001101000111010011
111101010001011101000111000100101011100000011001010001011010
110100100110110101010001110000011010110010001010001000000000
000110001001111101000100000011101011101111101101000011100010
011011000001101001100010110010010110011100001100110101001111
000101100001101110100010010101001010101100101100001001001110
110010101001000111001011111000100010010100001011001000011011
110101011100100000100111001001001000001011111001101001110111
000001010100000100100010101110001101000101100010101101001100
011101000110100010010111010111110000101101011001110110100010
111010111101100101011000011100110010101101011000001100100011
111010110010100111000000001100111001000001000100100111001100
110110010011100111000100111000000111001101110110011011011000
010101011000010110010111110000010100111001100110100000100000
010110001000011010100101111000000010100000101000101100001011
001001001010001111100110111110100001000100111110010001111000
011100011011111011101010001011011011101110010100111011111110
010111001010001110101100111000000010111010001101000001011100
011011110010101100001010111010110011011110010100101010100000
011101110010100000110101011010110000000011011001011010011011
111011000101110000011000010001100000101110011100101010101000
111111110000010111110101110100100100011001110101000001100100
110101110001111100001010001110001101000000101010111110011010
010100101000100010111000100001000111000010110000010100011100
110110010101000101111111010111111110010100100111110101001011
010000000001001111011010100101001010101111001100001100001010
100000100101101010000100001101110010001110110000011011011000
000111111111101001111011011001011001011111000100111110011000
100100111100001100010100100111111010100101001100001010000011
011110000100111000111101000110001100000101001010111100100100
111100111010100110101100010110111111000000010001110010010101
101101010100110101000110111010011010110111011001100100010011
