101101011011111011100100110010000011000111101010000100010010
111101110000111111111011100001111110110001111011110011111000
001010100111010101010110110100111011001101001111101100001000
101000110110011000010100001110101101110101001011100100001111
001011000101110000111111010110111010001101110100000101101010
010111011111100111100001010011001100011110010000100000111000
110000111000101011001011001111000110101000110001110111100011
110100100111110111001000111001101010100101001010110110101111
001010000001001101000011010010111111000010001000101010010101
100000011100101101011010011101000100010100001111011011110100
010110110000111101011100000000000101001001011000011110101000
100011101000010111110101111101000010010111001110111101001010
101010100000110000000101010110001111110100001111000110001110
110101011100001001011011111001011000010011000110101000000001
000001100110010001000010110110110000011110000000100100011110
000001100111001010001010000001111100111110000011111010000111
011001110001011100111010011011101001000100011101000010111000
110011010000111000101101000100010011100001010101100011100111
000110001111000110000001010011110111100100010001000001010001
111100001001101101010000000100001111110010010011100010111101
100101110110010111111100101110110010000100011010011001111001
011100111100011000111000100000010110101001111000011100100011
010110101010100010000101111100011011110000010011110001111100
000101110001100101010001100110111111100010000001010101100011
100100110101011101111101001110001111010000111101001100010101
011000100011011101010011110011001110101101011010011001011010
101101110110101101011100001010011000111100000000111011001010
011001001011101011101100110111011101000000000001111100101100
110100011100011001010110100101110010000110110101010001011111
110111010011101001111001011100110010001010000100100101110110
111100010010001000111111111001101100101010110110111000111110
110011000011010101100001000100101110000010001100110101001110
011011010011011110110110110000011101000010001101001111000111
000000111100100001101100110111110010110011101000001000101101
011110001100101000010100110011011010101110100100001111001101
110101011000010100001100011101110101000011111101001001011001
100101000100010001001011000000001011001001000011001001101111
011001000001001110101001111011001101001110100001101100000001
001100011101000010110000110010111110011111000001000010101001
011111110101110001111001011000010101010000111011000111100110
