110001001111001111001100000010101000010001111100110011000010
110010011001101110101111101011110110110000101010010001111000
000010111001001111010010110010000001110100101110010011110001
111101110000111101110011110011000111011010111110000101000100
111110010111110101001001111010101001110011111000111000011110
101000011110101111111000110011010111000100001100110001100111
100101000110001100110100000100111110010011111110100001001001
001011110101011001011100000001111111110101001010101011111110
000111011010000000001110100100011110100010111111111000000100
011101101011110101001001011011001010011001111100010000011100
100011001010101001011101110011001001010111001110101000100101
001110101101100100111111000111111110111101000110001000011111
111010101011011011011100100110100101010101001000000011000001
011000111010111011000010110011001011010000111110110110101000
001000001001001111110000010100010000001011010100101101111000
101010010101011110010000110110011000010010110001110011000011
101001101100011100111011111111111111100001101110110001010110
001011010101000110011100000011010110110101101100011100010101
010101111111010100111011001100001010111010101000110000010010
111101100001101110010110000110101010111111111011010110011010
111111100001011111011001011101000111101010010100110010001010
011111111010101110000001111101111010010110100100111011100010
111100011110011011101010101111001101011011001010001100110010
001000000111101111011100100100111111010000111101110101010110
100101001000010010101001100011101110011011110100101010100001
110111100100110001000000110111110110010100000000100000110110
011111111100100000000110111001000000011001101101001110011001
111010111110111011010111100110100010111100110010001011010101
101101111000000010111010101111101000101000100010011001100011
011011111110000101110110110110001110001101111111010011111001
100101110111011110000101110101111111001011000000100110111111
011111100011110100111000111100011110000100011101011110101111
100111111111011010000000001001101110010010110110101011100110
100101111100111010111101010100101010010001011101000110101100
001111100000111000111101011111001001011011010011001110100010
101001001111000000010000001000100101000110010110110100011000
001110010111010110000110110101011000110001011000010110101010
000001110110000000000000000101100100101111100110000100111000
010000001100100110111011000100000000110001111000011001101110
010011111001001001000011001100001111101100110100011110000101
