110001001010001010101011100110010110100111001001010111100001
000011101000100100011111001111001101001110110000001111001100
101100010111111111101000100011101010000000010100011110000110
100001010001011101001111010010101010100001011111100110001010
100000100011010100000001111110101110001110110001000110111101
010100010010101111011011101011101011110010011101101110001111
000100100110100011001010101000100100100101000000010001100011
100100101011011101110100010110010000100111001100010101110011
001010001100100111011001001000111110000010000011101000000011
010011111100001111010010011010011111101001011011001010100010
010000100001101001011111000101001111010101010001111001000101
110111100110100111110000010110111011010110001110110100110111
110101001110100000001101000001010010111000000110111011101000
000001001010000001111111111010111100101110010111111101110001
100110001010000001100110000000111100111111111110001101111011
011101110100111000011101001100100101010111100111000001010011
011011001101001110100111110001100101100010010101111110101001
011011011101010101101010100110001111011100100000101111001110
010000101100011011100011000110101100010010001101000011010111
001011011001000110000001010101001111001010011100011001111100
111010011000110011000000101100100010011010011000010011011110
110001010101110010010100100111001100000100001011110100101111
010111010110011001000011001111010011101011001111100011100011
000110110111010100001111111011101011011000011101101001101100
100010010001010111101001110111011110110010111110000001101001
100001001110000110010011111100010000010110001110101111110101
001101010110111101101101111101100001110100111010110111101000
010001100011001100110101100000010100101100100001001100011011
111001110001011010100011111111001110110010101110010100100110
001010001000000100000110111011101011101001111011101011110110
010101100010011010111100101111001000001001111110100001000101
000001111000111000000110011100010100111100100001010110010100
111101011100001110010010111011000010111111011010011001001010
101011110000011001001010100110001111111101101001110111010111
000101111100001110000100100101100111101101111100010111111111
100010101010001000110101111111001011000000011110001110111000
101101101101110100000110010100101011001010110011011011111000
100111011000000001011000010010010010110110110101101011010000
100101111110100110110101000111100101000000110010101001101111
111011101111010010010100001110100101001000100100010001101110
