100110111011001011100100010101110110010001011011010000010010
101010000101101100101111100100000010111001000010101011011010
000101111010010010001101000001100000011011110101001100001001
011111111101011011010100110101011101000001001000101010000101
001110101011001101000110000010010001010001110110101011011110
101000101110100001011101001000010101111010101000011110110111
001010010100010011100000010111011001000000000000110010001011
010111011010110111000101111001011110111011101110001000011011
011101100101011111100100001011000010001111011001111100010011
111000110011001100111100011011001111000101101100001100010100
010100110100001110101000100110101011111010101110101010011001
101011111001100011000110000110110000000101011001001011010110
001000100111010001101101101101010100101111110010001110101101
000011100110001110111000101111011111011110100011101100110110
100001101000100111100001100000100000000001110101101001110011
010111000001111000001100010000001011101010101111010001011001
111111101011110011100000001111000000100001000110111010110111
010001000001010101101011101010100011111001000010011101000011
000010110101100011111111111110111001110110110110011100001011
110101101011011011000010011001100101101111010100111001011101
011110010011111110101000101011010110011000000010010100001010
010001100101110011010011100110101111111010110100110100100101
000110000001100010010111100111110110010101000001011011101000
001001010100001011010100010000100001000111011000010010111010
101000000111100110101001000001111101010100100110000001000010
011010111110000100110101100000010110010101000111001011101100
011010010011100000000001100111010111000010100101011010001011
100011001001111010001100100011000101011001101010011000010110
111100110100110111111100110100001111000010110110101011100110
111011110110111110011001010000110000110011001100000110101010
101111001111000101111100101110010010110101010100010111110011
010101110000001111000110110100110111010011000110110000000001
010001110101100100100111100100111101001101111111000010110001
111110110001111010011111101000110011110110111110110001010001
101111000111010111101001111100111001111001001010111011010110
011000110011000100000000101101001000001000100011010011111011
100001010100101100001100001001011001001100010001110000100000
101110010100011110100110001011111111111010100000001100101000
000101000111011111101000111000101110111100111100001110101110
111011101001000011010010001101001100011100111001000000000111
