010110011011110100000111000001100010010101011100100101110110
111001001110111011001001111100010100010010001000101000001110
011001011100011101100100011100110000111001110010001001111010
111001111101100011000110101010110010001011101000101100001111
110000110000010011000100101110011100000011000100100000010010
000000011010000011001101100000110000000011111010100100001000
011100101111110101101111111010000110101001100001010111010111
010001010101101110010011100100000001100101100110011110000100
101001010001100010100111011101111111111010000111110111100000
101000101011111100111010011001100110101110000101101011111010
001101001100100000100111001001110000011111010100110111010011
101110111010011000101100111100000011100000001010011101100010
011001001101000010010110100100100111110111011111011010100101
001001010110111110010001010000101000111011111011000110001010
111000101000111100100001111110001110110010100101101010101100
110101111010000000100001010110101001011001000111010110101101
100001100111110110010110101101010011001001010011011110100010
101011100010000100001001011100100110100111101000000101110100
000010000001111011000001101000101110100111100011100100011001
000110000011100111000100000011000110001111111100000100010100
001000101010000101101111000110100010110010001100111011110111
010011011000010111011001000101010111011111010101010010010001
101010000010100010100101010001101011000000110100101101101100
011000100110101101110011111000100111110111111011110000011000
000100101110010011111100011000111010110001011011111101001011
111100101010110010001111110011101000111000110000100101101000
010010000100100100110111110111101001000111000011111010100010
010111010001010010011111101111100100010111110010010110110010
011110111011111101110111010011101111111001000001110010111000
000110000110111000110100010001011110100100011000010110101111
010010100011111001100011100000110000010101011010100101111011
000010011001111011010111000010011000011010001111011110110100
010000111011101011000000000110011100011010111101101000001011
100110000100110110101001011011000011110101001111100100110001
111101001100100111001000001010101110101010010110000010110101
000001011001000001101010101100110011101010101111001010110000
011101110010101001101110000011010111011110000110011111000111
000111001000101100100110001111111001110100011000000101001101
101001100101010000011000010101110100110110110010000110000000
110110101101101111011010100101110001110111110100000011110000
