010100001000001111011010000100000110100110101111010010001010
101011110101010100110101111011111100000111101010111000011011
001100100000011000100010010101000011011100111100000011101100
000100010110110010110110010010011010110001001111011010101010
110001011110000000000111001100101001100111000011001010001100
011011111010010010101100111011101010000110110111111001000111
000101010100001001110110101001010010001111000101101011011100
110110111100101110111111110100100110011100111011001010100100
100110001010001110001011001101110111100001010010111111100001
010110001001000001011110110111001000101000111001011000111101
100011110100011101111000010011111011110101100110000001110011
111000110111100001001001101100000100011101001110110001100101
101010011110011101001110100011100110101010000100111000110010
001001100000011010000001011110110100001011011101000110101001
010010101011001011111111110011000100100100000000100110110000
110111101110011000101101100011001100011110000001001110101100
100011100011100100110011010100001000101010001010011100100101
111101100110110000110101110000100101000000010000101000110000
001101010101110000100001110100111111010001000110010011001010
000101001000110001000010001010101011101010111010111000100000
001000111001111000011101011101000000110011101111110001111010
000011011110101110010000000001010001101010010111101101010101
010000001011001111011010000000111010100100010111011100010011
000000000010001100101110010100110001001110101101110100011110
010000000110111101000101011111010000000100000101011000101001
110010101101100000011001011110101011010000101100111010111010
001110000100011000111100100110111011011011110100010000000111
111011011010101110101001110110001101111111001000101001110000
100010000111100110010001110111001111001110101000111100100011
010101010011100101111011000101011000100001011111001110011011
011000101100000110101111110000000110100011100111110000011111
010100001001101111110000010011111000101100001111010110100110
001000001010001000101110110000001000010101001000011101011110
111100100011011010100010111010011111100011110001110001011001
110110101011000100101111000101111110101011000110111001101110
000000100101110111000100010000011001111001110110110100001010
101010100000100110010000011000011010101011110001100011100011
001000111010000001110000011111000100100111110000101001011111
000010110011010000011010010100010011111011001111110111110100
000000101011001011011110101001100101000111110101100111100100
