101111000111010111010111001110110101010100011110011111110000
101111110111101011101000011100110101011110000010101111010010
110111110101011011001110110000100110000011100111100111111110
110001110110001011001101110101101101011010110011110000111011
010111111101101011001110001010101011010100001111100100111110
000111010001010010001011101110111111001101011101101101001011
110001011101000010100111011010001100001011011111011100011010
010010010000110101100010100010010100111000111001100111001101
010010101110100101100011011100100111101000000000011110100111
011110010001111110011111011000000011110110100110111111100111
110100111000001000100101101000111010100100100001100101011100
110101101010100000011000110101000011111001011011110011111001
100000101000111001000100101010111100000011011001110100000101
101001101111000000100101111010110101110110111000111100011101
001111100001110000111001111111111000010110101101011110010001
100111011110110001000010000110111000101001001000101100110101
001101100111100100000101001010101000110100111011110011111111
000011010110100011101101111101010111010110000101010100101111
001010110010100111010000011111100010010010010101111110111110
011111011000110111011010010001001100111111110000011111010010
110010010000101111110011100100011010100001000001111001101001
110010101000001011010101101010111110101000110111000001010011
000011101011101110010111001111110011001110011011100111000010
000011111011110100010000011000111101101000011010010011101011
110010010010000010001011100010101101000110010111111011110101
000101011101101001011100101010011000111000001010010101100010
111001100100001100111101000101010110010100000100111110110001
100011111000001101101001110100110000101100110101010101011110
010000110110010110001101110010000101111010010000100000111010
000100110010110110110000110001000100110011110010001100111011
100010010100100011011111000111111100011100000011000000100100
000001011000010001111011001111100101001011110000001111010000
111100110111111011111011110110001001110100001101000000111000
110110111001110111000111001000010110011010010001111100101100
100101100001000011111011000101101010100010011101000010000110
011111001100011111001101110011101100010011100000101111111110
010011000011010111111111111111000001000001101000010100101000
111111101110111111110111101101100010101111001011101111101000
001111011111100100010101001100110110011101111111011011101010
110010001010000110000101000011111010101000000100001001100011
