101110001000101011001110001010011000011100100011100100110010
011001101101011111000100000110111111011111011001000111101001
111110110101101101111001000100000000101111100011001010110011
001000111110111011010111011110101010011111101001110100100111
101111000000001010001000101010001110111101110100000010101011
010110110010010100100111001100011111010010101000111101000000
101100110001010000000010000001010110111010111110101010011001
100010010010100100110010100101011001111101101100100111000101
101001001101000000011111010100000010111101000100010101000111
110101010001110011111111001100001011101101010111111010100100
111100110100010001010001001110001000110100011110001100100011
011010001100100101101010010001111111010111100111011010101100
101001000101101000001001000011100011100111111110001010101000
101011011000110100010100111111011100100111001011011011111011
111000001101001110110000110001111110111101000111111110101101
100101101001110111111000101000111100010011101000011101110110
000011001111001001011000010011110100010001010110110011100001
101111010010001111000001011100100110110110110011010011000110
100100011010011011011100001110001001011001110100011100011000
000010100110110110101001000010101001001010100111101000100101
001100010110010011000101101110011100011010111001000101011000
100101000000110011010010111011111110010001111000011011101100
101001101110100010100000111111100011110010101001011001110010
011101010011001011110010001010011100000000011110101100111010
001101100010111001110101110000111000010110101000111100101101
011110111101000010101101011110001111110101001111011010011100
110011010101001110010100100010001010101001100000000011101110
011100001001101000110001011011001000010101110110011111100001
000100000100101101111100100110101011110110001001100100000001
101001010101011001011101100111111100000111100000111111001101
000001110100000000111000101110010111100001011101101001110100
011001111110110101101000010001110100110001011001011110101010
111000100011001010101010001011110111100001100111000001000001
110000100011001111101110101100110001011110000011111010100100
110011100011101011011001010101001001100010110111010001010001
110000111100010000100111001011000101100111100011001011011110
011001001010011110111001101101011100001001000000001100011000
011011001100101111101011110100111011011001000011111111001111
111100100000010011010101111100100010100000111001110010110101
011011000110011001101111100110000011011001001010000100110011
