011001111000011100110101011010101011101110001111010111101110
010111110001010011101010001100001111010001000010100101010100
100100100000010111111010110110111110001011011110001101110100
001111011010000110101010000000100110110010010001000011101111
011100101101010101011111011110001011010110111101000110101111
011011001001110101111001011111011000011001010101001001100010
110001100010100101011010010011010000011001010001011010011010
110001110110100111100100110101011011101011111110111110101010
111100000110111001001101000010101000110110111001001110101100
101101101111111010111100011001100100101111110010011101000101
101010010111010001100101001110000001011100011110101010001101
101010000011010110101101111001101111111000011011100011000110
001111101100100010100101111111101110011001000010101110110010
100000100010100101111101001010010011010010111011111111110000
111000101100001111101011010100101101110011001010100001010010
010111111110110010000010001110011100100010000100010000111011
111110110100101011011100011000101011111110111001011001011101
000101001010100011100010010111111111010000111010010100100100
001000001111100000100010111001111011011101110110010111111100
101010010011001100100001001011000100110111111010011001011011
011010010110001011110011110111011111011000001000000111110111
100101000001100001111100010101111100001001000100000001110011
110011010111000001101011011010011000111001100010110100010001
111000101111111001111110011011111010100110000010011011011111
110000011011110101001111001011001000011011010110111001001101
101011110000110111111010101110101010100010100101011111111000
100101000010011001111110000101111010011110110000000110111011
101111100101001000111010001000001100111010101001011001111101
011001000110111100110101000100110001100011000100001010001010
011100000011000101010111010011111010010101101100011011100001
010010111010000000110010111101101010011001110101001010100100
011101111011110110001111000010011000011101010011111001011011
110010111100000010100000001011110100111111110111000110101010
001100001010111001001011110110101011101001011000011001010011
100110111101000101111100100111010110100110011111011110001110
010011011010110001010100000000000010010101100010101010110010
001011000101110101000011011010101111010110011111010101001010
111010110111000101011101001000110111101010000000011111011111
010011001011010111010011010111111000000000110000100000100101
000100111100111011110100100000101011011010010011010011110000
