110100010001100101001011111010001111000001101110011110010010
000111001001011100001011010000100000100111100110000001011101
101010110011010101010001111011000000110100001001110010101100
101001111000110011110011110011111100001110001011010111010011
100110001011100100100011100011010011101101100011111001010110
011010100000011100011111000100000110000100111111001000011000
101101110000110010101000001110010011000100101110110110110001
011000001011101101101001100000010111011000100010111110111000
011100100100110111100001001100001011011101111000000101101111
010111001001000010010000000011010111011000101011011100000100
001100001101100000010011010011001000101001011010000101011100
101100110111001110100100101001101100100100111010100111100110
000100001100101010101100011101011101100110101101011011111001
100101011111100001010001010001111001101001100101010110010010
110101111110101110000111010000011010111011001110110110000010
100101111010000011001110000001010001001010100000010100110011
000011010110010101111101001100111001011000110000011111110011
101111010101011001010110101001010110100000010001111011111111
011010111110011101010011010001001110111111100010100101001111
101100110111100110000110101100010001011010000111011000000011
111100000110101101100100000101100111110000011100101000100001
101000000111101110010000101010110111001100010101101100100010
011110010000011100101110101100100010111000111110111001010100
111110000001111010000010110110010101010010010110000001111010
111011100110111110100111101000100100000001010100100001011111
110100110110000110101010110001100111110011100000100101001110
001100000001000100110011100000000101101101010100001101001000
010110001101000001101101010110110000011111101101011111101110
001010111011010010011001101111110010101001000101100011110000
011001101000000101011100100100001111001011100111001011011000
111000110000000000101011010100000110101110001010000011101110
111011111101010110101110110101001111010000000100110011101001
011101100000101110111111000100000000101100110101111100010001
000000001010111010110010100010010010110101001011101110011101
111100101010101010100110111001011100001000101001000100011100
101100101001101111011100010101011000100000011101010100100100
110011000111100100011001010101001001000000000001100000100101
001101111000000000101011000100001110111101010010011101001011
001000100110101111110111010100011111101000110011101100110110
010101011111001101000111110010100110000001101100110110001001
