000100111110111100010111011111101100100110011110011101111100
110000010111000001100100010000101100100010101110001101011000
100001011100000011001000000110110000111111101111111110101110
110010001000101001011000100101101101010111101110011011101001
010010100110110010101111110000110100111100100100000101000010
100111110111101100110100101011011000110000111111001011010001
000100001000110111011000000110111101110101001110010100110001
001111010101100110110101000010101011101100010011111001000110
110011100001010000011101001110010110100011010101101001011010
110010110100110101100010101010000111101001000111100110111110
101101100111111100000100000000110101011001010111010110100001
111011001111001110100001111110111101111101000010101111100100
111011101010000101000000111011010110010010011100101100000111
011110011100001001101100010001101101011010000110100110011001
011110110111000011100001001111001110111111000111111100011111
001101111001110001101011110010100111101010000010011000101110
111001100001010000101001100001011011000100111111101110011101
111110101110001101111011101100111000110101011000010011100110
011111010011000100011100111100100011000111000100110111111011
111111110100101110001111011110011111001101111110001000011110
001010001000100110011000110100001111101111111011110011001101
111001011011000101101110111000000101101000001000010010010010
110110110100001101100001010110000100100100000100010110010011
001011001010111110110111000001011110111001110111000001111010
010011100010001110111110100011001110011011100001101111111000
000001011111011110101000010010010100001000001010011101111100
100011010110001100000101000101110110101110010110010101011010
101001000010011110100101101111100000010001001011101101010001
101011100111011011000101100011010101101110110010011001001111
111111011000111101000100001011010011010101100010110010011110
001010111001110011000110110100111010011001001010100100011000
010110101000010111101001100000100111100100001000001101110010
110101001000111110101110101101110110000111000000001011111110
011001011110011101110100111001000101001110110000111000100011
100000011101010111101000011010011011110110100000001110010011
100111100000110000011011000011010011101101011011000011111001
011110101001000100110010101010101111001001101111001100000001
010110011000101101111000011001010001000101011111100011100100
010001100101010001100000001110110001110101100001110111101110
101001011111011100101010111000111111111101100011010101000010
