010101111010001111011001000111101011010110101100011110011111
111110001101101100100110000010110010011011000111111011111011
100100110110010011010111000011111001000111100010101011011100
011100100111010011011110110101101111011000010001000111000110
000000000010001110111010011001000010000001010001001010100111
011001001000000000111011101000000001000111001001110011011001
101010000110101110000000000000111001001011100101000111111011
001011101111110010001011101000111001011010010101000101000111
010111010011000100001101001111001101001100010110100110110111
111111110111101100101110101001110101001000101100101110110110
000010010100100011110000100110001011110001101010111100001010
001111101011000000010100101001110001011100011100111010010110
000001110010000110001100001001100101110000000000001111001101
011100111001001001001100001010101100000101011010011100011001
001100010100000111101101000110011111101101100111110010000101
001110000011100011111110110100101101000010110011111100001111
001001010111110000111010100101110110001111101100110110010100
110010110111110100001100000001011110110000000101101000100011
110011110010001010010101100001110011001011001101110100111111
101101010011100011000001001101111111000001101111011110111001
110010011100000010011010110111001001010110111000110010111000
001001110011011000100101011100001001101010110110100101100000
101011101011010011111010101110010000101100100101101110111110
101010011100010001011100000100001001001000000100100000110110
010101100110010110000000100111000000100110100111011100110111
111010010001000000000010010010001111100000001100010000001111
000000010010010101001110001110100101111100111000100001010011
100111011001111010101100000110111100000001011101111001010111
010011010111000000111010110100011110001110011111110100000000
111000101101010000110010010110010110100010110110101111110110
101010011001100101000100100100100101100001110010010110111100
000111000100110001101000101000100101101111100010001101110001
101111100011001011001011100001111001100010110110010101011010
000100010111110011010010010011101101100110101111010101101101
110011110100000111001110001011011110011101100011000000011111
010001100100110011111000010101000001001011011101000001110010
100100010001000011101110100001100011011001001011110100011110
110011111000011001110100001000011110101000001010111101010001
111100101010001011100111111010110101001100110110111000100000
110011110001011011011001111110011000001001101000001101000010
