100100001001011010011110001010100111000111100001101011001110
001000011110100101010100011011100000010010101011000100000010
111000010100100110100001101100011010111100110000110000111010
110111100011000010101111111001001111110111110011000011100110
001101100110001101101011010110110010011100110001011111010111
101100011101101111111001000110001111100101111001001111011010
010010010010111011101001000011110001010011111101111110000001
111110010001111000111010011101101110100010011100001010100000
011011010001100110000111101001110110111001000110100110001110
000111110100111000110011011001100101010100110100110101011101
100001111010100000000001110000001001101000111000111010011100
011011111101111101110011100111100011001100111110111010010101
111010111010011011101111001011111011110111101010100100110101
111011100111011011111110100010010001000000110011100010010110
010110110010001010100111100001101000110110100101000110101010
000000101100000010111010001110011110000000011100111110100001
001001001111110100101000101110101011111111001001010001010000
100011011011000001100011001100000001010110011010011010111010
101010110001010101000011011111011010001111101001000101100000
000101001110010110101101101011101001011101101110011010110001
010111001100101010001100101100100111010100111111011011010100
001110000010001100010010101100000000001001010111001010010100
001101010111110011010001011111110010011001000000111111110110
110101000011011001000001110101011010000010111000001101101100
110010100010011111011010100110011100101110111000000101001110
011111001100111101010011011101001111101000111110001011011011
100000100111110100000110011000011100011100100010111000010011
101011100101110101101110101111111111100011100000110011101101
001110101000000011001110110101011000111110110011111111011001
100100001000001101001011010000111110101101110000000000000011
001101010011110010001100011000010111100100100111001100000010
010001001001011110100001011101011110110101110001011101001000
001000111001000011111011101110100110101011011110110011110011
111000001000110111000000110010111000011011110100011010100010
010110111011010010111011011011100010100001011000001110110101
001110101101000001100111010001111010011101000100001100010100
001001101111111100100000000101001100110100011011011111101100
101010111010011101111011101001011011001110100111011000001001
110000100011101010000101110101001111111110010001101110000100
111000101111110010110010000111101100001010110100001001000010
