011000100011011101010000011101111110110000110101010011011111
011101110000000000001110010011100001101111100101010100101110
010000010011110011001100110010101100001010010111101001010011
000111010011101110010011111100111111110100001011011010101001
101011111101110111010011000101011001111100011110100110110010
111011100111000011110000001010110000011011011111001101100010
100110110011101100000100001011001110111101001101100110001000
000111101100110100101001010110111111111001000101010100100010
001100111110011110101101100100101000110111110100000010111001
111010111011100010001000101101101000101110010111010000011101
001001101110010110001000001101010011011100110101111011000010
011000000110101100001111010010110101001100010101111111010011
000011110101011011101100011001110011010011110111001101110110
010001001011101110011000010101000101110001101011001100011111
011100111110011011011000100010111101000110001110100111001100
011001101110001101111111010100110000011110101001000111100110
011010000110011010101100101001110001111100111111010100010100
110111010111000001111011110011111000101100001110001101110111
010100100000100111000101101110101001010100001110110000100011
101100101010011100011010000010011000001001000011111000101110
101110000001111010101001001111110000101010011110100000001001
010100101100010101100000101101010000001001110100110110111010
110111100100111110010000011011001011111011110101101101101111
101011100011111001100110110010000100010011000011001010001110
011011000100101100110011100111110011000110100001110000100000
111110001100110100001011000000011100010010100111111100100000
110110001100000010001001110110011110000110110110000010000011
100001001100111100010000010110111100110100101111101010111000
100000110010001110010100011001001011110011011100011111011010
101000010010110011101111010010111010000001101100011001101000
100110001001101100101110100110100111111110101111110000100111
101000101100001111011011001111010100011011110110101000011110
000111100011110001011000110000110011000001001110011101010101
101110010010100011000000101000111111110110001110010001011100
001011001111011001110001010010111111101101001011011101010011
111101100000110101011011110010010111100101010111000010101111
011010011000000011010011000100000101001110101100110110111100
011010011100001011110001001110111001100000111111111011000011
100010010110111010101000100011100010000000001000100011001011
000010011011110001001001111001001111000011110001010000101001
