010110000110011000001001111111110011000101111101011001101110
001110110011001001110100000100100111111010111110010001000101
001101011111111011000101011001001001111100011100001110101101
100110010010010111011110010111111011001001011000001101011011
001010100011111001000000111100010111001111000101010011111000
001110101101100000110011101100001100111001011110011101110001
010011111100110101011000011001101101110000100101000111101110
010111000010100110010111011101000110011010110001001010110101
001001101110110111100101101101110001101001000100101100110100
011010000011101101010101111100000111001100001111001110110100
101010011001011110001110111101111010011011001100101010101101
000100110010010001100110111000001100011001011011001100001100
111111010100001101101001000110001110111000010000110001111100
011001110101011110001010001111011000110100001001001100010001
100111000001010100011111010100001111100010100111001101110010
011111011101111110001001001100111101010111100111011011100011
110001101001001000011010001100011000101111101111001010011110
110010111000011001110001110110001010110000101100000101000101
000110000101010001000100110101010101100001000001101000001010
011010101000000111000100001110111110110101100110101000111100
100000000111000111101010001100000111100000110000010010000001
011101111001000110101001010100110011001110111101100101110010
111011000110001001010001100110110000011100010000010100111111
111001000110001000100100010111011000100011111011010111011100
100000111000100001110111110001011010101011110101010011000111
001110001011101111001000001101100010110111101010010011110000
000001000011010101101110111011000010101100000110011111011101
111000111011001101101011111101111000010000010111011110110110
010001011011011010111011111001111101111100000101001111011101
111110001010010100111111101011100001101011101110111101111110
011111011001011000011010000111011101110001111111101001011110
010000111101111010110110011000110101111000010110101010001110
101101110010000100000000101001000000000011101110101010111100
100010011001111000000000101010110000010000111011101011001011
001111101101010100100110111101011101111000100110000011111110
111000101011111001110000110101111100100001001100100100110000
011010011101001001110110010000010001010100010010011000011111
100101000010011001011111000010110100101110110110100000001011
110011001000110101001101101011010001000011010100000001010010
101001101000000100110101000100011001110000100001011000110110
