100000001101001110010111011010011011100011001001001010000100
000111010000111101010100011001001001010111011101101001100000
000001110011011101011011010000011010110001110000111111010011
000100010100000000010111010110111111100100010011111110111101
000100001110111101010000000111110111000010110011111001100001
000000001000101011101010011110011110000001101100101101011000
001011111000010110100011010100101001000001001111011100100011
111110100100101110010000011001101011000101001101001000111110
001010010110011110100011000111100001010010101010010000011111
111010010010011100011101110101001001100001010001010101010011
100001000010000001101101111010000101101101100000010000011101
011001001110000010100010010100001111001101101000011100111101
100011010001100011011001010111111111000110011100100111000010
110100011010100111010110000101110101110111111001001000100010
000100110011101011000100101111000111010101100101011001001010
100010111110101001111011011010101101000100100001001100111011
011110000001011110111111101001010000111001110010001101000000
110111011000011010111101000011101000011110100000010001011011
100111111000111010010100101010011101000101111000100010011010
110000000111111001100101111001100011100100001000011101010101
011101101011101000010000011010101000000010111011101001110011
000001011001010111101100100000101101100001011011010010100100
111110111100101010110111010011111111110110101101111000101000
101111101101001010111101101110010111111001101110000100000000
101101001101000101011010011110001111100010000110001000111011
001111100011001100011101011100110010010010101000111100010011
010110101101011001000101011000100000001101101111111101000011
110010010100111110101000110101101000010001101011100001101010
010100000100111010111101000000011101010110011001111111100100
101100010010010000000000111111100100110001000010110110100000
100001000000001100101011000011000110001101101001011001100100
001000001110001111100011001100101000010100100111101001001000
011001111001110101000010000110000001100000011000101111101111
101110001110111111110000100011011100001001001001000011100010
110010010111111101101011000010101101110101000101001010001000
000010111100010001001101111011100100001011010111010111101101
111110000010101000110111011010011001110111100001010110111110
100011111110110011111100010111101011111001110111110011101110
110001010011101101000111110101101100010001010010110100101001
010000010010011111101110011001111011110011010110000110100010
