000111100111101110101001110100011101110110000111110000011110
011001101111100100110000011001101001010111001000001000100101
010011010010101011111011110111001010011011010001100001101110
000111011011001101110110010010011110001011101001010001111100
101101111011010100100111011101001001111001000110110000000010
010011001101011101000100110110001101011101111001111000100000
101011000100010011110000000100010110111110000110001000011110
010000010000111111011001000100010011011100110101110101100111
111000011110011101111100000010100111110011001110101001001101
011011011000110001111100011110110001101100001010100111100100
110110010101101000111110111101100011100010010101010101100111
101000101001110011101011101001111111011111010011100010111100
100011001011001100110000000111001001011100101100000001101100
111111110011001110010010010111101100111101110001000010010111
110001101001000000110110001011111110001011111111100110000101
000101110101100111000101010001001001100111101010100111011011
101010000010011101001000101110111101011101010001010110100010
101110110111110110000010001011101010010110111000011100010011
110001010101000110101000011101011101010111111000000101101111
110011001111110110101111010110011000111101001110001011010011
000000100011010110000111101001110001001001101000111100111100
100100010010011010101100111011011110110010010100011010110100
110101010110010111000111110100101011010000000000010110101010
011100111011010001010011101100010001101111001011011101010010
100000101001010001101111001110111011010001011011001110110111
101100000000100101101010101000000000000110010101000010010111
101010110010011010000010100101101100000110100000111101101001
111111011011101101100110101010111000110000001110000010001000
001010010111111100010001000111011001011010110011010110101010
001100110000111100101010111101100010010000110101110101110000
100000111001011000000101100111011110111110111000001011011110
101001100110111100101000011001111101101100110110000011110111
100011111111100001100000100001000010011111100000001010110000
101111010100111100111011110110100111011100011111000101101100
101001010111101000011100110001101101000000111100110110100101
111010110011101001101100100110001011001110010000011000011100
010111000010010101101000101001011111111110011000010101110110
011110011110101000010100001001011010001100010110100111011010
001011000101010101101011111111100111110110100000011111011110
100111101101010111101111001110101000011001101000101100000010
