001001101111101001101011101011100010000110001110100001100001
111010011101000110001100010010101011111100111110100110101100
000111001011000101100011011110111101010110111001101110111011
101000011011101000010110101001000000010010010100110111001011
000110111011000011010100100111100011000101111101110110001101
111001011010010001100110010000010101111101101010110101011000
111101111011101011101001111111110011110011100001100111001010
101100011001011001111000111000001101111101001000001110011101
110111100010010000000110000011111000101100000111110111011111
111000011001101111101011000000100101010011001100101000001001
010111001001101101011010110011101101100101010011100110011110
111100100110001111101001001111000011111110001100111001110010
001100000111110100010100101001010011110101101110100100100001
010000011000100010110111110011111000100110101111011011001111
011110001110001100101101011000110100110010110011000010100000
001110000101001110001011001111000110010010110010111001000011
000011010010110100000100001110000101010000111011001110110000
110000010000111101101110111110000101110110111101011100110000
111001100000101101111111001101000100010111010111011100111000
110010111110000101111100101100001010001000111100101010011101
000110100000110111000110100000110011101010000111111001010110
010010001001110011011000110010110001010101010110101000010111
110001101010101001011011001110000110101011000110001101111010
000111110010110111011010000010010111110100111010001010110111
010011101111100010110100001111000010010100101000010011100110
100111110110011010111010101111010011000000001100001011111011
010110111000000011011000110010101100110111101010101011001010
010110111101111100010011100001100010110001000011100001100101
010000010011110011110101011000011000111011100100000011010100
010010011010101101101100110100010110001100001100110000100101
111101001000011000110011101110001110100010101010001110101010
001101011000111000111100101101110001111011111100101001011101
001110001101010010110000110101101111111011011101100000111111
010111110100100100110001110001100011010001111101101110000011
110110101101111011111100000000111110111110011110000101000010
001101111101101110001011010011110100101010011000011001000000
100001000010011101111010100011000101001010111001110110000111
001010000101001111010010011011111011101010110000100011101011
110111110001001100101000100001010100100101100101010101111001
110110101010101101010011001010110110100100101000100100111100
