010111111111110000010100011011011101000110101100111111000110
001001010111011000110010110001101000111101100000000110011000
010010111010101100101100001011100101110101001011110100001010
101001011111111001101010111100111100100111101001011111110111
111100110010101110011100011010010001010100010011010111110111
000101110110101000011011110100111101100001011110011010000011
100011110100101010000011011101110101000010010101110011111011
101001110000000110101010000111111111011101000101101001110101
001111010110011110001101111101010010110001110011110000001001
100111010000110001000110111000100100111011010110000011010101
011011000000101010011011011101011000010011101111001011100101
101000011010101101010010010101000111010011011011010110100001
010111011100100011101011111001011101101001111101110001011000
011001011010100010011100000010110100011100011010100100000111
111100011001111111010011011110001011110011011110000110010101
101101111100001110011100011101011000111111000111110010010111
000100111011011110100111101100001011010000000100000111111100
000000111101011100111110010011000100100000100111010011011101
000011100011101011011001011001110110100000101010100110100111
110101101100101001110110100100011100010100011010010110001010
111100010011101101111100100000000101101110111001000101010101
011111101110011010011011001110011010100111101100101100110111
101111010110110110101110100110000111010010011100001101111000
100011011010111001101001110100111011000110010011100110001010
111110100110101011101100010001110000011011100011100001111000
111001111101101010001100001001001000100100100110010010001011
100000000010110101100101000011000010110100111111110110001011
011100010110100011001110100100000001111011011111001000000010
011111100101101010110111100011101001001111001101101111010110
101101000010011110011101001011110101100000110111011000000111
100111101001111011110100110100111111110000110011001100111001
010101111100000101100100101011111000000111010101101100011101
001011101000011100101101111001101011100011101110000010010010
001100111000111100000110101000000101010100011101001000101101
001011001011011000111000000011000111001101011000101010010010
111000011000000000110011011000101001011101011011000101101000
010100111001011001001000011110110100111110000000111001011111
000111010010111100000001110001001111001110110011011001111010
001100011110010101111011100000111011111110111011101010000110
010011110100110011110110110100000000001101101111000011100000
