0111100101110101100101001011111001101110001001011100111000010000110001001110101101100010100101100000
0001111011001110011100110110110110110000101110101110011001011011011011011111110000110000001000110000
1001100111110100011111001111111100101001111111101101111101001001000001101001110101000101111011011111
1011010100111111011001111101011010100001001101101001010111010100000011110110001011001110100001000111
1101110010010111000001011110101110001011011111101010010000101100011100000000111011101001011001011101
0110011001001001111101110011110001011111111001000000111011010010011111001100101100000110010011001111
0000000011000101000111111110001111111101110111001011001100101111111010101101011000001010011000111001
1101010111010100010000110101010101101101101000010101000100111111001101011000100001001101011000100001
1010100110000110110011111011101110001011100000110110111110000100101000101101110110011110101011101110
0111010000100001010110000000011110100101110000110100110011100110001101110111001100001110100001110001
0011100011000100011101111010001100011000011100000011001100001100000010101111011111011100101101111000
0101101100010100010110111000101010010011011101110100110000000010110100001100000010010000111000001010
0010101101000010011101001001011011110111000101100101101100111111100010011010101011100011111000000110
1000000101110000110000110100001110010001100110010010110100001111100110000111010001100000001010011000
0010010001010110010010100001101011100011000000110001101001001001110010011011111000100100010101110101
0100101111001100110011110111111110010111111101011000011111101100000110111010110011000001110100010111
0101110010000010101100100010011011001010001110011000001011100001100000010101001001110111101000100000
1100001111101100010110010010101010111010000000111001110010011111111000100001000001101110011100000111
1100101010001011011110000110011001010010001111011110110101000111101110000001111111100100111001011001
1101101010001100000110111001001000000101001100011000001011100001101101110110110101010011101100010100
1100101011110001110100100001000010000000001001100101111000100010101111010110111011111110111110011001
1010011100100100111100110111110010111010110111111100011111000010000010110111010010011111001111111001
1011111100110011011000100000101110110111100000101111000010000001010010111100100111111111100110001110
1101010111110000101101110010001000000000010110011100010001010011110101011111101111000011000110011100
1000110100101110010101000010110101000110010111101001000011000100000111011000101001100010011010000000
0011000100011000110110010100011100001010001010111111111011000010010001011100100001100100110101110111
1011110110101001010111010011011011000110101101111100101111100111011100011010010000000110100111011111
1100101110111011110011011110000010110000000111000110010000000000101000010111000100100001111010100101
0000101001101100101100101011011110101001011001111011111011011001100111000001011110100110111110010000
1000111111100000110110101111110100001011001101011000011010111011001101111100101010011010101101100010
1011010111111100100100011011011100100101000111110011000011011000101010010101100000010000110101011000
0101110100111111111110001101110000010110001001101110010001100011010001101010100010111000010111110110
0000011001000001100110000111101010100010110001011111111010101101010110101000010001110111010110101111
0010101111000001110010100101001000000000101100110010111010011101100001100110011011000101000001101111
0001101001011110101001110111101001001111101100011101101110111111010110000110111110010000111101100001
1000010000110110000001001110101001101101011110110001110101001000111001000110001111100100110100001000
0110101010111111100111001101001011000110111000111101001111110011110100110100100010101000001000001101
0010110000010011010011101101111001100001111101010011101011000000011110000011010000000010110010101101
1010000110001000100010110111011011001100000010100000000101001010110000010010000111000010001010001111
0111100011101100000000001101001101010100100011000011000100011000111111000001100111111010000011101011
1100000101100011000010010000110101110000011110100010011110110101010111010100011100111010011000101111
1100110101101110010001100110000001110100000100110010011010001110101001011111100111101010111010101011
0110011011010100001010011000000101111100010110001011001011001001010101110111010010011111000011010101
0100001011100100111101000110000101010110100011011001111110101101101101100000111000000100000110001101
0000100001000111000111111000000100110110000000010111101110010110100010100111010000001110000110101110
0100001100101011101110010110110110011011111110100001010101010011011011000100111110100001001001011100
1001110001100000010011000101111011001110111111101001100100000111110001100100110010100110110100011111
1111011010001101010111100111100110011000110111010111101010010000101100011100101111111101010010011010
0000110010000111011111010101110101101100101001101111010110000001001111010100110011000110101100000000
1010101111000001010100111010000001100010000101111011101010011101100010100001111010111110010100110110
