100111011100100111111011111101111011101110101110001111111011
101100111110111010000010001000110111101110000111000111001101
110010111101010110000100000101111100011100111000110010011101
001010101111111011001001101010110001001000101011101110100010
011000110010001010001000010101110001100110111111101010111001
111110101011011100110110000010010001011000111100000111001100
101111010001000111110010100001011010110100100001100100000000
011011001111011001011011011010100110010010010100001100100000
010010101111001001000101110110111110011100000011100010011100
101001011111100101100111100000110111011011011111011011111110
111111110010010000000001000111010100100000011100011110111000
011100000011100100100101011110110101100110101111000011111100
000011110011111100011001011111100001110010000010001001100111
000010110011100000110111100111011111100000011101011100000111
101010000111111100000000011111010000010111011100101101101110
011011111110011100101001001010001101110111101000110110110001
011000000101011011001101110110011010110010010010100110100110
110101111101110100100001010010111001101010110110101010110001
100110001101111100110010111000000011111110101111101101011100
101000111110000101010011000100000010111010011100100010101110
011010110001110011000011110101110000001111010011000011000001
110110000011101101101001100110010111100000011000000101100010
001100010011011111000111100111010011101101101010010000110110
011010000111010001011001011110100011100010110011011101010111
011011110111101011000001000010011110100101110101101011101010
000111111011000000001110011011100100111011101111010111110111
110111110011110110001000000010000011101000001110101011100100
000100110000101011110000001110001101011110100101100111011010
111001011101101101100011011100110100011110011000111111010010
011101001011111101111010101111011010010111000110111111110001
111011011001110001111001111110101001111100010000110011010011
111010011111111010100011100101010111011100110111001001100000
000101011011001010111101000101100100100011110101010011100110
000110100011101111000110110100100110101010001110101010100110
101111111110101001101110001011110010100010010011011010001011
001110010100110110011001011001111110001100111100010010000010
101010001001110111011001111110101101111010111100100111110001
001010001111101010101010101001001010001100111000000010011000
001011111000100100100101101110010110100000011111000001100001
000000000000000000101010001010101000010011001011011001101000
