010110111100101001110001011110001001001001101111111100110110
000101101001110100111101111111110000000010111110100011011001
011101110110110010010000110010101100000001001101011010001100
001010001010000110111010010000011100110110010010100100001010
110011011100100100111101011011011100101000011001010100111011
001000001100111110110010010011101110010101100010100101100001
000100101000111011001101111000111101111111000110000010111111
111011011101000011011101011110101101110011011101011010001110
111000111010001000011111111010000100110101101101101101010011
011001110001110001111100010001101000111111101101001010110101
001101100110100110010011010011001001101001011111001101010111
011001101111110111000110010000100000111111000000001100010111
100110010111101101101010101001001000100001111010111111000001
111100101000000111000001101000001101100100010011010111001111
101000110100000101100011100011100010010111010100011111000001
001010011000110111111010111001100000000001011011110101100100
010011010001000010111011010111110010110111011110100100001100
101011101001111000100011000101110000111010010101000011111101
001110011100001101100000011010011100100100111011100111110111
011011011101100000000010111001110110011111110111111101111100
011110101011110000001110001011100011100111010011000111000000
111011110101011000010011111011011000010100000101100110010001
000011110100110110101101011101111000100000010110111111110001
000011000101000101010011011011011111001110001111101001010101
001010000011100010111000111010110110110011101101101000100011
111010001101001101111100010100111001100010011001010110111110
111100011011011111001110101011011010010110111101100011101100
111101010111111111100110011111010011100000111100111101000000
110110111110000001111101000101011100111000010000110101101000
100100000011011111011001001100011101110111001101111111101101
111011011100001111101001000010000011010010111010111000101101
001010000011110100000111001010101011100111110011010110011100
100010100010000000010110111100110001110000001111101010111101
000101000111010000111111111111101111001000001000000100111111
111000011110111100011000011111111010000011100001111100001011
000011011101010111011000101100110101010001101111010010101001
000010101010101111000100101011001101100111100000101010001101
010101100000100110011000011111000000000011111100010010010000
000111100100110000110111001001110010100010101000010000011101
110000011011111010110101110011111000110101101111100110010110
