001100100000010100011111101111100101101100001011011001110111
011110001101101101111100110010101000110011110011101011001010
111001000100010100111001101001100100101101010010100100010100
010011010100010101100001100101011001000101001111001011110000
110110101101100000001101001001111001110010111010000100101011
010111101111111000101011100110011110011010011100111000111000
010110101101110100000101001001100101001000001101101001001101
111001010100100010011011101011100101100100010000001100100011
111010010010001000000100100000110100010100101000101011100000
111001101101010100000100101001100000000111011010000010000011
111011000110110100100101111100010011110011000101001111100011
110000101001011111101111000101110110111001111010111100110000
100011000011110001010001101100001110001001010100110001111100
011000100000001010100001011011000001011110001111101101101101
000000100011011010000101000001001100010110101100010111000010
111001100011100111111001100011100001011010100011011000011001
000100000011111010111010011100110011111001101011001100010111
011000111000011001010000001111011111010110100001001111000110
110000001010110001000110000010100010000010100000010111100001
110101010001011110010100000111001101111010011110110100101011
110010011110010000111011111000011110000100011100101100101001
110100110110110001000110000100101110101110011010000110111110
000011110100001000100011010100011010101111011111111101010111
111100000101110101100100101101001100001101010010101101001100
011100010000000101010111101010111111100111010000111000001010
100000011011110101010110111011000100010000100100111110110000
011011111100001110100100101101101001110100001001101110010011
110100011000000001011011100000101101010001100110010001000100
111111001110111010110111110011011000001001100011011110010000
110100110111101110001110101101011100111011001101101100100010
010101111001010111110000011001111100001101100000001111111111
001110111001100111101011001100011010000000101111110000110001
011111000000010011111101010111011100100100000100110100001001
101000110110111001010111101100001011100100111001110010100000
110101110111011000011001011110001110110010100101011010010001
001011000100001001001100100110110101110011101110001000101110
010001010010101001001000100111010010100101011011100011000110
010101100101011010001110000011000110001110101111111001110000
100010111011001100101110001000100110101001001101001111000000
001001010100010011101011001100001000101000011001101000100000
