111001101111011100001011011111000010001111011001011100110101
101001010011011110000000110001110011101010110011111010100000
111111111110111011111000101011001010001011111100001011011110
000001010000111110001010000000011101011000111101101010010110
110011101100000011101100100111010100101011101000111001110000
010100011110010011010101100111100001000001000100111110111011
101110011111010010000010111110010100010111011000010001000000
001010010001111001001101000000000101011001110010010101010110
111100111001000100101010001101011010100011110110010010100001
011100010100111001111110011111000010111100111011001010011001
010111000100011111100110001110111010111011100100110011101000
010011010101110111110001101101110111000000011011011100010100
001110110000001010010010101010101101111110101001011011100011
000010011110011110000101010101100011111001000001010100001101
011010010011010011101100111000110110100100010011010100000010
011010101111111110100111001111101100111101001011101101100100
110001000000011010111101011001110111100010001001111101000110
100110110000011100110010101111010011100111101111100110111010
001100010111110110000100111000010100001000110111111101100110
011110001100101101010100100111100011010000110101010100010000
101111010110010000100101010100001001111010101000111101011011
000100100011100100100001100101000000000010100110111100001110
001100010001111100110010011010110001000111111010100011100100
101000110000100001110111101110101100010000100110010001111001
001011111111001010100011100101100010010010101111110001111110
000110100010100111100101101000110110111110000111000101011100
001001000010011111011110000000010010010000110110001001011000
100101110100101000001110000100001101100101001011100000011000
101010000100110001001101111001001111001011100100001011110000
111101110101011111011101010010011101000011010000100010101000
101001110100011110010110001101111000001000100100000000111101
111101101001001101110000010110101110100100001101011110101101
011010110010001011011111001010001010010011000100010000100000
111010001111010000000111010000111101000001000110101001011011
011110011011000100101101010011001110011111011001111100010000
100111101110101000110000001010110000111010001011001100110011
000100010010111101111100100000110011011000000000010100001011
110000011110100100011000000110000001010101011111101110011001
000101000110111001000010110101110010100111100011011111010110
110010111011100010011000110100001110111100001001100110110101
