000001111110100101001100011001001000111111011111101100111101
001010111111100101000001011101001011101011001001111010101000
111010110101010101101111000100001010001001000000111011111110
101011110000101001000110100001111110010011010010111001101100
111111111100011000100000000000110110111111001001011101101011
111100010110101101101111101011111101010110111111011110011000
000101110011101101111110011110111001101100011001100101010101
111100111101010101011011000001100011100111010010010010001101
101010011001000101000101000011100101001101111110011100001110
111110111101111001101110101000010101000110111011001011000001
110011101100111100100001111101110000101101110111000100101111
111001011101001110111000111101110100000010111111100110100101
010100101101101111100010000001111101100100001110001000101011
110110100110000100100100100110001100111010011111000010010011
111100001110011111000110010101110100111101001010000110000001
111011011001011100000010100111001011000100101010111100100111
110011110100100001110110111000111100100111001110100011100111
001110100101111101110101110000010000111001110101111100101011
111010001101111110110100010110001001101101001011110111100001
111101111100001010110011001010111000010111001101100000010100
101010110011111010010110101110000010000101001111000001110010
110000011100111001000101101111110110110110001111100011011010
001100010100000111001111101001110111110010110110100011011011
011010110110101101011111000000101010010011010000111110001001
011110111111011111101100000001110000110000001101101010010101
100110001010010011111110110101011011100010110100010110111111
101010011101011100111110011010011110110100000111011011100001
110110001011001010100111011010001001111010101001111011111101
010001101110101010001001001001100001010001011011101110101100
010101101100101111111110001100000111100001101111011000101101
110100000111010001010010010000011101010100111110011111011111
111100001111000010000111101111101110110011100100110011010010
010100101001100101100000000100101010100000001010000101101000
111001011111111011101000101001101100010111100110101010011100
111010011100100100000011110111011010110100010011111100110001
100101100111101100010011011000110001000000100000110010000001
100011011110010010101100111100011111111000111100011000011010
110011100111110100011001010000001000000010111100001101011000
000111101001110011010101010001100000101010011000101110001000
100110101000110110001110100011111000100111100010000011011101
