100011101111111111101100011110111110010110000010101110110000
110100010110101111111100111001010100001010101000010110011000
011111001101010010101000110101001001000111100111010110001111
000001000100000010101101101001101011110110011100001100010000
110110000010000001100011110000111100001100011101110001001001
100111011111001111010000001101010101111101000110101000010000
110011001000011110110111010010101000010001111110010100110111
111001000000111110010001110101011101110000000010000001100011
111101101100100111101011101101100001100101110100001010010000
110010010000100010111101101011101111101100000000011011001000
100100000001011101101110010110101101101111001100101110011001
001011010111011000101000111100110010110010011010111011011110
101111100011110110100110011111101110011000101000111101111000
101011010100110101100011101100101001010010111100001001111001
101001010011111101100101000001011101111001011011111101111000
000100101011110011100111010011000010011111110001111110010100
011110010011100100011101101111010101010010001101101111010110
111101111100011110010000101110101101010111000110111011110100
100101000001001111001100110011011111000101110000101111100000
101011110010110010000000110011101100011111110111011110011001
010000011010101000000101000101011001010101101110011011101001
000000101010100100110101101100101101001011110001101100010000
111001101011111101101101011001011110110010000101010010111111
100010111001001100110001101010000110010010100010001000111001
000111100000001110010000100110101110101010110101101010110101
100110100001110000000111111110011101000110111001001110001100
000100011010101010010001101001010011100100000000110101010111
111011001100011010011001101010111010000000110111111000001000
011100110010101110010111001100000101011100111000010100110111
011000110001110110111111011111010000111000110001000110001101
001111011001000110100001000101001000111100000001111011010111
011110001101001011110110110101100000110101111001000010101001
001100001000111011010011000011011001001000000110001010010111
001110011100001010000110000101101011110101010100110011110111
001000011000101010111100010011110100001101001011101000000101
010001011000100001001001001100011010011011010001111000010010
010001100111010001001001111110001100111011001100110111011011
010101111001100110111001000000111001010000000111000100000000
001110101100001010011101101101000100101000011011100000011100
111010000010001101010011001011000100101110010000010000100100
