110110100101101110010111101100000001010110101110010010000110
100111011001100100001100001000100011100001010101110011110011
001000100011100011011010111100101111011110000101110010001100
100110011101010000001010001111010011110011010111110111000100
101000010111110101000000011000000111011110110110111011101000
110011101001011110110110011101111000101001010011101011101101
111001001100010110101100000111001001011000100001101111011011
011010101110010000001100101001100110010010110010010110000001
001101101011011011010100101111111101000111011101001001011110
011000000000000010101001011110110011111010011111011100001000
011110100110011001101100011000110010110000000001000001011001
001011100001011000101011011100100010110100001010100101101010
100101000000101110010111101010010100010011101110100001000000
011010101111010000001001101110011111110111010101110110111001
011110100111101110010000010110001000001011100000011001110011
000110110010011000111101000010111011100000111010111110110111
010010110101000010010110000100100000111101011101101111010101
110001000110001001000100010000000010111110010000000000010100
010101001100011011011100101110011110011101111001010001100010
111101000100010101010001000000111101001111100010111001101000
100011101000101011011111001111100001001000101110111001111001
100110110111100100010000101100110100100011110101111100001001
110011100110100010000100100011001001010111011110100001000001
010111110100101010100100001001011000110001001011101101001010
000101001000010010110011010111011011100010111011111111010000
111110100011101100111001011011001100111000101011101101111001
000101011001000100111000111001001010111001100011111001100010
100010010110101010000110011100110001100101100001111000010100
001111010000100000010010100111111101010010110011100000001001
100010010010000101011101111110100100100000110100111001001001
101101110101101101000101010011000101111111001101000000111010
111011101110001101011010111110110100000111001001100010011011
100001001001010100110110100100110000111001010110100101010001
100011001010010010101110100001110110011111001010010001110101
010010111100111000001111001111001111100111101111101110110110
000010010001110110101000000011000001110000101010111101101101
010100101001000001100100000111001100001011111111110101011011
110001100001110010101101011001001110111111000011111001101011
110101001110000000001011000110110101111011011010100110000011
110001001100000111001001110100101010100101001001101111111001
