100011000000001000110110011111010011011000010111000100100000
111100100110000110010001111000001000000010101000000000010000
010000001001000111110111001101111000110111101100001000101010
110101110111011010101011100101100001100100110011011011000100
101011000110001011101101000000110010100101011111110001111001
001100000101111111000101011101000111000000110001110000001010
010100011010110101101000100011010101010001000101110001011001
011110100010110110101001011100001001011100001100000100100011
001001100111101101011000110010000101110010101001110111111110
000111100111001101111101101110001101000000000001000011101011
101001010100100001110100100010011100011001101001110000000100
010111010111001010110011101000000000000011010011110101100000
101110001100001111000000011111010001011110100101110001100011
010001101110000101010000001111001011010000111001011110001010
001000110100110011011010110001011111010010110010110110010100
010110010011000010000111111100111000111010111011001010000100
100000001101111111001000100100101011010001110110101100111001
001010100110001010000011110010110000000111000011100101011110
011101110111011111111001001110000110010010100001000000011011
001111011010101110010111010111100100000101011010000000001111
010000101110100100011011111010010000010101101001101010011100
110110010111100111001000010110111110101100111101010010101011
111110001011110011101101011001001001010111100000001010010110
010100111111000001111111011000100111110000111010101101011010
101010010010111011100100110111110100001110000110110000001111
001000010001011001001101001000100000001000010100011101101100
001111010000110010110010111111011100001110011011100010100000
100011001011100011001101110101111011011111110001000010100100
111001010000011111010100101111110101001110100000101011001011
110100101000010111001110100111111101011101001000010110101101
110100011100010010111000101011111100100101011011010001001110
001011001000001110100010011100000100100100000101111010111000
101000010110101010100101101101000100000101011110100011010010
111000111111000000100110001101011110010001100011010000001011
001111001011010111001000000010111100100001000100101110011011
001011010101011111001110001000001110001000010000111110100010
110000001101100011101110000110011101000100110111110111001101
001111001111000111000000111010110101100010100110000001111010
010101010011000010110010100110101000101110100000110111010010
011100000101100100011101000101001111000101111010111110101000
