101001111000101101011001010010110000100111111000010110000011
011111010001011101110001010001100011100110010101110111011000
010100101011011001101100010110000101111110111001100100111101
100000001110100010100110101111010011110101111000000110111110
101001101000011011110000111000011100001011111001100010110010
110000001100011101001101001111011101011111010001010100111110
011111010100001001111000000001100111010111010111100110110100
111110001001001111001000101001110010110100001110111100000000
110100010111111101001000001111110101100110001100101100110010
001000101001011000011010011010110101111011011110001110111101
000001101111010101111001100100101010010110001000111111010011
111001011011111000000011001000000111101100011111011011111010
100110011110110001001110001011000110110111001111010110100101
111111000011101100000000001101001101110100100001110101111000
111111100110011010111011010111111000010001010100111011011011
000010111001000010110110100111010110100100001001010101100010
110100000010001000001100010011000000111000000010001010000100
001111000001000111100011000011110111000100001100000010110011
100000010010011011110101110010010110000010010010010101010100
111011110001101100100110010011000100100000001000000001100010
101110011001101110000000010101000000101101010110011101101001
000101101101101010111011000111010001101001111010110101011110
010011101110010100111010111110010001000000110010010110101100
000001100011000000010010111101100101101010110000111110100110
101011100110011111101111010010110100100101100111111101100110
010011110011110000010010001100110101111001010010001110101001
000111101111000110011101000010011101001000101110011010111011
000000000011101111100000010010101110000000100000111001100000
011010100000011100111110101000001100111000110010001100010111
011111011110011011000100010011011110010101111000001100101110
000000011101011010010001111011010101111011010111011101110001
000111001100111101111110000100111101000001000001100010111100
110111101111000011111111010010110110011010111110000111011001
101011000111101011000000100011111110010100111100011110000110
100000010011001001010111000100101101010110101000100010011010
101111110001010111001011000100011011001001000111001110101000
110100010110001011100100101010100111101010101011011011111010
110010110101000001011111000000011001000000000111000101000111
000100000111011001011011110010111110001001001001100100010110
100100110110110001101001001111001100011001111100010110110110
