101110011000100110110111110100010001010101010101001100110100
001101011111101111111010111010111001011111010101000001111100
110001000010111110001010100000011000100101001101111110111111
000111100100111010001011000100111000011000111010100000010001
100110010000001101000101111100011011100110011011001101100100
100010010011100111001111111100001101000100000010001110101110
110011110010010001010010011111001000100101101001111010011101
101100110101111110001000010000001010001101001101100001011001
111011110100110011011011110011000101010001111001011010010000
111001001011000110110010010011000000101001101001100000011111
000101011000110101101010011001010001011011000110111101011010
111111011100101001000001110110111111001011110111111100000110
110011011100010001111000101101101000011111111111001100111111
010010001100101011000000010110010100001100110000010011011100
110000000011100110001000100101010101001011100101110100011000
001111011000011000111111101000101100011000010010001010101000
111111001101000101001001010010001111100111100111001110000101
110111110000111100010000101001001101101000001000100110010011
110111111011110011011000000000111111110001010010000010010001
001010010011000101001111101010111001111001000010001110010001
110000010111110011101110111100100011101011011111111001010101
111000100010101111101100011111011111001010001101101110001010
000011001000011110001010011111011001001111001010101001011011
100010010101010111101110110110100111101111110101100110100010
101000110110000000001111111010111011111100111010110101011101
111001110100011100000110111000110000010101111101110101110001
010111010110000111010101001000101101111101010010100101111100
100111100111001010101101000010101010101001100100110111100001
001111000010110010101110000000100011011100110100001100001100
110000110100110011010100010110001110110100100111010000011000
110110101101101101101101001001100111111001100100000001110111
101011111001011010010100010011010011010111110000111111010110
010011111100010101111100101001010101011011010111100100001101
011100011101111010111101011101101110000011110101011001111100
011001101010100000100000000111011111010101010100101101100101
000001010100001001100101010001111000100100000110010111110001
011011110110111101100011110010011001101010001001111111010111
010110010111101011111101000000011010010000010010110000100110
001000010100000101101011100100001010010100011010111101101001
000100100110110101010001001010001010000000110010001101000101
