101101000011011110110110011101101001110101000000001011100001
011010110111100100000000110001010001000111011000100011011110
011010011000000101110011101110011111100111101110011011100110
000000011100101000001111110000101100000000011011000000110110
111100000100001001100110001001111101101011001010110010010110
001101110001001111001000110001010111110110011010111100100011
011100000010011111001111000010011001101001010111111100001010
001100001101011101111101100011001000010001111111000011110000
100000001000101011011101110010100000111011000100100101110001
001101001111101101100011001110101010101010000010011001100010
000011111100100011101111010011001100001010010101000101111100
000110010100110010110101001101101101100100001011001011000110
011110100000000011110101101100110010001111000010011101001010
000111001100001100000101000101101000010001101100011001101100
001100110001110110110101000011100111011010110100100000100001
000110111010001101001111101010111001000100011110110100111000
111110010001001110101110000101000001110001111111011110101010
001111100000100111100001011001110001001101001110111111000110
011110011111010010101111111111010010110010011111101110101001
110100110101010001101000000010011001101111010100101001100110
111011100110001011100100011101011011001100101100000010101000
000100110100011010010111011100101001000001111100110100010010
100101010110010011010010001000011101111111100100101000100011
011001001111111010100010100101010110101101101100100111111001
111100100000001111100101010101101111011110101001101001011100
110100010100001110100001101011010000001010100001000000011010
010101010110000111100010001111010110111001000101001111100111
001111100001110101110011000111100011111011101000100010000101
110001110111110100000011000011000000111000000000011100001011
101111010011110001010100111010111110010111000110111111000100
101100001001100111000000101101101001010100111111101110100010
111000001010010110100001111100111000000111000100011001010011
001101001001011100101110100010101101000101101011111000001010
110011001101100100100000101101011100010101011101000001111100
111011001011110001111000111101111011111000000010111101001010
111110111101000101101011001010111110011010101000000110110010
000010010000110110100111100000010011101000110110111101100011
000100110001010001011110101010001011010110000001100000110010
111101100110110110111101101000010001100110101000101011000111
010110100001100001100110100000001101001001111111000101101001
