100001101000001011001100111010011101111011111111010011101001
101110000011011110011001111010011010100101011101001000101011
010000111110010111001110011011001110101101010100001001010101
010010100100110101101010001111100001001000010101011100100011
111110110001100011111100100010001001010100010111011011011010
101100100111110101111110101001101111111110000100000000000101
100100101000001000000110000100101000011000100001000111111010
100110001101010101011001111001101000000010111100000100001101
101111000100100011111010010111100100011011001111101101010110
101011000101010001000101011001000000110000111111111001011010
001010101000101101110111000111101111110100010111011101001010
101111101110101011101100010100000100010110100010011010101100
100101010100111111100010000001000101001100100110100101100000
110001111100111101011111001100111100010101101101101110000100
100001100011111100010000001110001000100010001100011111110101
111011111010110001010000011010011011100101100111100010010001
100011100111011110111110101000001101001010101000000101011010
110000101110011101110010101011000100010111111001101001101110
100011010001001111110010111001100000101100011001101111101001
110100000000100110000010101110011111111011000100101001101000
010010011101111001110100110011110010110011111011001011010011
011001010111111111100110101011010011001110001111011110110000
001010011111100011010010001000100010110001001001001100010011
001010110011111110101001010111100000110101011001100011111000
001010011001100110101111000000000111011001100011010010100110
100010011100010011110100010000011101001111011001010011001110
011000000101100001111000111110100000000010000010010001010001
100001110111110111010111010001110000001000110101010101100001
110000110010010110111010000110101011010011100001100111000000
111100010000110010011011101001111010110010101011010100110001
011000000010001000111100011000011111101100001110000100111001
110111101000010000011010010010010100011001100110111000110111
001110111011110000000111001100000011011001101111111111111101
010101011001110110001001100100101101100100101001001001000001
001000000101000010100101111000001100010110011101010001000111
101111110111001011010101111011010001000011011110110011011001
100010111100100101110011000110011101110010000001110110001101
111000010100111011010011010010001111110000011000000100101000
111010100100010010001111101111011110010101110101001110011000
100100100010001000010111100110011111110011011011111111011001
