011111001001011011101001000000110001010111011110111001001001
110001100110000001100101001100110100000110111111000000101101
001010001100100010010111101111000101010001010111010111111000
101110001010100101001110100110100000111100000110010010011101
101011100111000011000101010000010111100010101111111110001011
000100101100100110000101010111000001001101100001100011100001
001000010101001010100000001101100010011110000011101001100100
000010011110001111100001000101011010110010100011110010001100
011100010011010100001110111001101000100110100011110011011011
010000001010011010111001101010000001000011010000001011110011
010110010100001001101011110100011101110101000010111101010001
111011101001110000100000011011000110001111001100111000101001
011010000001100110011011111010010101110001000110111001110011
010010011100111110111001000100101100111011110101101010101011
111001101011010001111110101101100010111101110000100011101110
010110000101000111001111011111000010001001010111001100100100
001110000101100000110111110110001111100110010111011010011001
101001110011110111111101101101100100010100110000100101100111
110111011011001110110011110110100000001100000000110001001000
011011011101111011100011111111011111110000010001110110010110
101000110000111010010100000011110001111000110101100100100001
101111001110100000001010011110101111011100110010010010100000
001101100101101110100111001110100011111000000111110111101000
111110111100010100100011000101001001100100100111011101110101
101101100001010111011101011000001001101011100111100110111110
000010001101000011111101001011100111111110011010110011101101
101001100011110000010110001011110000101111100001010101101010
000000011101100010100011010100001011111000000110100100011111
000010101001110101000101011111010110100111000100100111101000
110101011011111100000010100001100100110010101000111010111000
010001100010110111000111111111001010011001110001100000011110
000001100000001010001011101100101101000000100000111111001111
010111011000011001101001011110110010111010110010100110011101
010011000110010110100001110000010100011010011001010100111100
101110011101101101110011110111011110000100110000000111001100
000110110110100000110101111110011010010010000011111010101000
010111100000011010010111101001111111000100010111110111011111
101001010001111100000110110110010010101111101111010100110111
010001100011001100011100011111010111001010110000100100111000
111111100011100000000000110010011110001001101100100100011001
