101110001001000100100011010001011001000000100100011110001010
010110011011010101011011000101101010011000000001100010100000
001100100110110011110001101000101110011101111110011000101100
101101110010101101110110110011010000111000011000011011010000
101000001001000010000111000111001111001100011010100011001011
000111110011100110000110111100101010000000110100111001011111
010100011010110000110111000010000110001100100111000100001011
100101110011000100100010011000001011001110111000000010001000
100101001001111111001101100001000000111000001001000010000110
010010110011001111010011111100010111000000111000000111110010
111010001001111101011101101110011000000000110010011101110001
010111100011111000100111001010001110101010100010010011111011
011101110011010100001110011011000000111001111001010000101010
011010101001111000001111110011000100110010001111111001101100
000001111000011110111010001011001000111101010100011000100000
111010000100101001101010011101010010111000000110100000101011
111000110100000000100110001010001011000011110110011101111110
101000110100100011010000001001110000100000111010110000110110
011011101101010111010100100100000010111100011101000100000110
011000001001001101001111110011010100101110100000110101010000
010101100111010001101001110101111011010111011011110010011010
001010010101001100000010100101010000011111101000011111010111
000100000000110111110010010011010111111010011100000101000000
101110101100011110100100000001000010000000111101001000100001
011101001101011101111010000000010001000101110110111110000010
101100101011100100111101100111011111111101101000100110001001
000001111100011111010100010101011100000000010111100010000001
000000111001000000101110010010001010110011010010110010100000
001111010000101011011111111101001001000001101010000101010000
001101110110101001000001001010110111011101101111111101010011
110011001011010001100101110101000010100111111000001110010111
011000110100100011100011110010011010101000110000000000101110
010100010000001101000110111010110110100101010000110001110011
000111000000111101010100001110100100001000011101011111100001
111101110010100000110011011011011001110110010011011010011101
110001101001001000100000000101000000011110000100101100011000
001111010100101111001110000100101101010101011010101000011011
100000011011010001000100100001010010111001100010000001101101
100011110100110100011111000110000001111110111000000000110010
110011000000100101110010000111100000011101001011001110100111
