010101001001011001010001001100111110110100011001011100011101
011010010110010000101000100100000100110011001011000100000101
110100010001011101110110001100001100101011111101000010000011
111011001100010001001111010101001000111101000100010111111000
110100100110100101001000000101111111000001001011100111101101
110011000111101111110011010100110101111101000101111000101101
011101100011000111110110111100001111100001011000101110000000
011110011111011100110101110011011101111110110011100111111110
011011011111110010001001101100101101000110110111100101000100
010101111010101010110100110100111101110111100110100100001101
011100001101111011011111101000100000111100111110000001001101
100001011010110110100001011101110000111101111111101011110001
011000110100111000000000101101100010010010101001100111001111
010011111111110001111111011110010011101101001000011101011100
001100101011111000011101100010001010000000101010010011100001
000110101110111100001100100111111110011110011110110000111010
100111010001001101010010100100000010100100111111001101011111
001011001110111010110001011110010001000100000011101111111000
101110011110010011001001001001111010111001011000110110010011
001001110111101101011000010100110000101110001001111010011111
110011100111100010011011010010110101000101101001101000000100
010110011000111011010110101010011000111111010011001010111000
111100000001011101011100100100100010111010111000000110001101
011011111011011010110011101110010011001000000110000001111001
001000011011100001001000011011100110100110000110101111010000
111000100000000010011111101110010010000010011110100100001000
000111000010101100100100000100000100100110000100101000010111
010100011111111110101110010100101110111100111010101110001100
010010001110001001001101101001001011100110010111100100011000
101010101110010100010011110110000001101110101000101010101111
000100111000000000000111010001010111100110100110101000010111
111010111111010111101101111010101000111011110011111011101011
100011101111000110111100000110000000010000010100001010101000
001101101011111000011111001111010100111011011111100010100000
001110010101111011111011000001110110100101100011011011011010
011110010010101000010010101010110110000011011010101010111010
001111100001000101100100001110011011011101011110100101101000
101011011110010000111000000110110110000010110100101001101111
100110100111010000110011111111101111000010100001010001110100
010110101011011011010100100111011000101100011100010011001011
