001000111100101000101110011010010110001001110011010111100110
000111001011001111010110000101110010111111110000101111110100
011110100111000010101011111100011001001010111011011111110000
101011000100100110100110001000110110001111101001101110010111
000000110010110001111001010001010111111101100001000001111111
000000010010110110011101011110111000101101010110100000010000
111111111111010110111110010111110110011001111101010010000010
100110111101010100010010101110001111000010001010110110000101
111111101100111101011111011110100001010110000010100010001110
111011000010000001011000001011011001011110000001100100010011
001001101010001011110101100000000101111101110111000001111011
010010011100011011110111000001101001000101101001101110101001
010111011110110110001101001010000001100110110110111101101011
000101000101000110110101001010110011001101101000001111010110
101000010010010101000100111111110100001101111001110000111000
010100000000110101100000111000001101101011001011111000001011
101110110101001110110110101110010011010101000011000100111001
001100110000111001000000001101110000011101001010001110111101
010010100001100000011010010001011000011000101011010100001111
101101101101000111100000110010100100101010101011000100111001
000111010100000011110111111010001001011000100100001001111001
000100001100001000011101000110110100101110111101001011100100
001011011010110001100000000110110100010000011100010110011001
011100010101001101010111001000011011110000110010010000111101
001010010110100110101011000100100000000101010000011110101010
111110011100011101101000011101101110001000111100011111110000
000010110011100011111000110010000111000001110001101111011100
100110001001111101101111001001110111101101100111001001111011
010110011010000100011001110111011101001000101010000111100010
101011101100010100001111111000010011110001000110011111011101
010101100000101000101111101010101011001100101100000100110100
001011110001001110101001111001011011100111101010010101100111
010011000111001011010101010011110000001011000010011110011000
001010000111100110001011001000000000110110011100011000111000
100101000100011110000001111111100000000100010110001001100011
111101110101111010010110111110111001110111010110001101110111
100111010010110011110001110111000011110101101000011111011000
100001000010011001111100000110111100111110010100101010111101
010111001000011000011000110011111111001100000010101111000011
110001001011111110000111110000101101000011100000010011111001
