111110011101111001010011001101011110011111110100111111001110
110011011110010111001010100001011100100010100110101111000011
001001010011000100011000000000000100001001001010100100001110
000111000100010101011001111101101000000100001010010110011000
011000000000110000101101011011111101111010001111101111000010
010100001100111100111000111111001110110111000100110001010000
011001000101011101110101011010000010000000011100111110101110
001111011010000010010111011001010101010000010100000011111110
011010000110111111100100011110111101110111111000011001101110
011110001111000010101111110100110111001010010011001010100001
101100111101100011111100000000010000111001110110101001101110
101110010000000100010011011000111111000101111100000111010010
110110010010010010101100100100000000111010010001100101000100
100011101010011001101110100011101011001110001010111110010110
110110010010101000101001111101110001010110101010101111010011
111001000110111000111011110111001100000100010001010010010010
000100110110011110110010101000100001100111000000001010000101
000101001011111001100001001001110000100111010001001000010000
011100001011000010000011101001010001100001101111111110010100
011011011101000001010100110110010110101000111111100111000001
111101011100010000100101011000000111101010110110010011011000
000000001011101100100010000111111000001001000010000000111011
101100000000100011110011101000001111000001011001111011100110
101001010011000010001111110010010111101111010011111000101010
001000110111100111111001000010011100010111011101010101110001
101101000000011000010101111101010110001000001111010111010101
000101110010100111110101010000001000001000100010100100111010
010011011000001010101110000011000100100001001010000100100001
111101110100100101001000000000111111011010001110111000100011
100111001100011010010001100010111110001110110010110101001100
000010110111101110100101101100111000011011001101000110010110
001011010010110111010111001000011000111011010011010100001011
010011101000101111010111111010000001001000011111000000101101
101001100111011111001010011000010100101011011111110001101111
110110000001101011001101000000010011010011110100111110010000
001010010001100011000011100001001111101011100101010001100100
011011100011011111111101000110110011010010101100110100111001
010111111010101110111010111010000011100001111000010000010100
000000000011101011001110011101000101010110111011101110001000
111011000011000111110100011110010011001101100111001010111000
