001101100101100101101010111110010101001101111110001000000010
101000101001101001100010011111001000010000111000110101011000
010000101001111101001001000010001101101001100101011000110100
101010011100011111000001100010110111010100111010001001000011
101101100100000111011010001011011011110111000001001011000111
101001000101001001110000010110011110111101000001101101111111
010011011011011010101110010011011011010111101101011111001111
111100010001110011001110100100110011000011101101011010110010
001101010110011000101011000101000011010010001010100111100100
110001100101100110110000111010111100010111000101100110011110
000100111100101100001101000110000101110000101000010001000011
000101011101010011110111011101011110110110011111001111010101
101101011011110111101001101100001011101111101011001111001011
101101001010010101010001010101010110001000110010101000011011
000101000110001010101110010101011001101000001101001111101100
100010011111000100000110101110111100100100111111100111010101
000111010111111101001001111000101001111011000111111111000010
000010101000101011001001100111010000000010111110110011100000
010010101100101101110001001101000101010001000010011000100111
000010011001001001000101000101111101111110101000001011010110
011110100010000000110101010010100010011111110001011000111111
100010010100000010100100110111000001100101000111011110101010
101001111111101010010011111111111110010100100101100110110101
100000110110001110100110101011100111010111101001101111000010
011000101000000100111111111000101101111000101100111110110110
000010010011011010001100101111000001001001101110000110101100
001110111100101011101001010001110011001100011111110111100011
110101110010100010000100001010110100000100101101101001001111
101111010011010010011111010001100010001110011100011001010110
110001101000011010101011001011011111001110010100110001111011
101100010100000111001111111000011001001000000001101100100001
000010101110110010010110000000001111010001011001100110001001
101010000101100010111000110011101100011000110101000111101101
100011001010010111101101010001001010000111010010100010100110
011110001101111110011101110111100101001011110010110111111010
110000100000010000111001001111010110101101010101011000001011
010000110110110111101011101000010111100110010100000100001111
100010011110111011111110011000010101101011101111111001110101
100111011111010101011011111011000000110111011011000001010000
001011111110110001111101010110110111010011010100111001100111
