101000101001101000010100100001010001100010010100111011000110
100111100011011001010111100011010100100000001111011011000110
110101011111100101000000000010000011011001101010111111110111
011111100010101001010110010000100100100101110000001100111010
100110100011000101111110110100001001001110011011011010110000
100011011111001100101001110101011100001110111100101101011100
101001100100111011110111000110111100101000011000001101101111
111111011111010101000111110100011011011110110011100111011001
000011011101011011110010001111010100101101010000000011011001
100110111011001001010100010010011100001100110010010000011011
101100100110011110111100101100001110011111010000111000111111
010001111100101000101101001011001001101001110110100110110110
100001100011010100011010110000101011100010111010111111000111
111000001011001011101010110110001001011000101110100100110110
001011111100110111110001011111001000100011101100011100000110
011010000011011100110101111001010001100001001000001000011011
000110100110111100000000111010110000011000110000111010010011
111010100111001001010000100101100010011010100000111111010010
011111110001101011111000010011000000011100000001111101101101
010010110001000011011100011100010011111111101101111101010010
011010001110001101000100001100110010011111010110000100010001
011111011100001111000000001110110111010010111111001110000011
111111001100110000101000010100100000111111010101110111111100
111000110011001101011111010101111101101110010100011110101101
001010101001010101000010010110110101101011100111011010011000
111011110010101001101011100101011101110101101111000101101000
111010011101000111000110001000000110110110001110101000111000
101010010101001001000010010001101111100000011100110011100110
001110111001111100010001001101100111011011101001111010001101
001000000111011101000111111101110000000010000011101010100110
010110110011110011010000000101010100010001101111101011101001
100010100101001100000001011111000100100000111011101111001111
000000111001000011000111011011001100000001101101101011101110
001101111010111110111010001110010100110101010000110000011101
010000100010001010101001101101111110110011101000110010101101
000001100001011101010110111001100111010010100000011110001010
011101110010001111101001110000001110101110101011001100011111
101100110010110011000000111001111100111010100001101000001100
101101010111101100111100110101001110010100000110110110100011
111101110110111011111101001101100010011100001110000111110110
