111101010000000001110011101101110110001111000100101010101110
110011011000000101111110001100101110111001010001011001011010
110101111100001100101101011100100010111010101000010100000011
001011010010011111101000010011100100110100000001011010010011
001111001110011000000001110110100101011011101110100101011000
101101001101110010100110000101001011010101110010010111010101
110000110000010111001011001101000011010101010101001010101010
111011000101010110110000011110010101000000001111011001111111
010011010101010101001010111100010011110111000101110110000110
011010001010010000101110001010000010110101110111100001111010
000001000011000101011011011110110001111100101101110010100111
000011010101110011100110111011001100110110100011101101001011
011110001111001001111110101110010011010111111110111010011100
110001001011111110101101011110101111110001001110001001101001
101111000011101000011011000100001111111000110010000101101100
111100000110111010110010010111001101001010111110101011111010
101110101000001000011111110001010010111100110101100100010100
010001110000000001111010000000010010110101010110010111111111
001110101001111101001100100000010100001011101111100100111101
011011100111011110110111001100000111100100111100111011010001
011101111010110010001001011110101011000010100010100011100000
100101111110111001111011110111010100011111100110101100011101
101100111111110010010011010110011011111101101000101000001111
001011101100001010000111001110110010011111001110010011100001
100110110101010001001000010110101101001011100001010100111011
001101011011111011100001001010111110101100101001100110000001
010001011111001110100001001001011100010101111001101101010011
011100110110000111111100101001110000011001100011000000000011
110001111001010111001110101101110101001101110100000011101000
011101100101000011110010110001000001111110101110011100010111
101101101110010101011110001101110111001100000110110011100001
011100110000101110110100100000110001100011010100101111100000
110010001111001011110000100110101101000100010100001110000011
110110001100010011011011000000010100110100001010110000010000
001000011110100110011010000111000100100011110000011011100010
001011110100011011100111111010000111001010101010101011000001
000101010010000011000001110001001001011000100111101011100001
111110101001110011100101101000100100011010101100101000001010
110001000001010101001001010101101001001000101111101101001011
001011111011011011000100111111101110001111100100101011011111
