110011010100110011011101011000011110111001000000011110100000
000110110000001100010111010100101100011001011000110011100000
110101000001101111010010000010001111101010100011001101001111
000011111110010100101000011011010011100100101010111101100111
110101100101111100100100000110100011110111100110110011100001
111110010100010010110010001011111001111001011101101000011111
000111010110010010111111111110100101100010110101100100001010
111010000101101101101100100010011010111101101101110110000011
111100111100101111110111100101010111011011100101000110101111
010000000001011010110010101101110000000111111000001000101011
110101110100000101001001101000111010110001100101000111011110
001111001010101111110000011110000011101001001101110001110010
000010010101101110000101111111011111010000001001000000010110
010000100001101101010101101011101101001100110100111011001100
001010111100011111001110101100110100000100000000011111111011
000001110100001111000011000101011011110110111001011101010101
110001011001001011101000001010111010101010010000101001111010
110101110111111100001001101100001100110101110001000100100011
111100100000011010011111011100010100011100110101001110111010
111000101110101111000101100010011101000000111001111011111101
001110000101001111001001001001111010000110110011001110010100
100111110100001000000001001101110011111001011101100011010011
011101000110111110100011001001011100000101111011101010111010
010000001111101010101101001110000010101111111000011000000111
000011111101111100111001010100100010010110010011110110000100
110000000110111011001001000011111001111011000011110010000001
110011101000010001000100100110000001100100100101111111011010
011101000001001100110010010001011011101101000110010010110011
100011010011000011011110110001101011110000111100101000001000
111010110111001100110000000010011100110001110110010100010100
010011001100000100011010001100011010010100001101101100010110
100101101100010101100011101001110011110101101010111010111010
011010111000000001010101100001110101011100110100001001110111
011101010100010101101110110011101011001000100001000101111010
110101101110000000001000011100101010111010100110101101001110
100110010001110001011011000110100101101111010000000101100000
110001000101000111000010100110001111110111101110000010100111
111101010000011111100111111001110101001001111110010011101000
011110111001000011001001011010110010001011000111001001100111
001101110111100000111100001001010111010011011100111101111101
