010001001000100100011100010011000100110010100100001000001000
010000011011010111001000111000000111101110111000100010110100
110010010011110000101100011010010001000000010111111110001101
000110110001100001110010011000010100011101010011110011001101
010000110101100000110011101110000011101010011011010000110101
010001010011100011110010100101111010011101110000010101100101
100110001010110101101010101110001000000001100101010111010111
010111110001010001111001100110101111000100001101010100010100
001000011101101110000010101000101010011001010011110010110111
111111111101100011011010011110011111010011111110010100111011
011011110110101101010000101111101011101001000100100010110110
110001101101011011110001100111000011110110100000000011101100
001111010111011101001110010101011010001011010000110111000100
110100111110110111111010001011101010111000101000001110001011
000111101011000011010111111111001100000010111100001010110100
110111000000000010111011011110111000110111000110001100010111
100001111000010000100001010110001010010100111111100010010111
101110110011011011100111111000010000111011110010100001000110
111001001101101110010110110100011011110001110110110000110000
110011010100111101101010001010110010111011100110110000111010
110010111000110110100000110011110001011000100100110101111100
011000100000111100010111010010111101000101001000011100111010
110011100110011011001111011111000111001010111000010101011100
111011100001001111100100100101101011100011101010101011100000
001100010010101111111000110011011011010100011000111101100111
111000110100111011010101110010000111100001010101101001011010
101010110011010110101100101100100011111010011000110000111101
110110101100101011011010101010100001001011010001110100011110
101011001100110111001000000100000000111000010010000011011100
001111010111001011111110001111100110011001001101110110101010
110110010011011110011111001010011110100000011011100100010110
111001101101000110001011100110001010011001111000010000011100
000101111100111011011011111110010100100101101000010000111000
010001011000010100110101011100100100100010110110111111110000
111010011110010010010001100001001010101010100101111011001101
100110011000011100100000000001100100001001001111111011010110
111111010010110100001010010001001000010100011110010010000100
000110001110000010110101010001110101110110001001011000011110
111000101110101101100001101100011101010010110110000100011000
011101110011111111101111111011111001100001100110010010010100
