010110010101101001001111101001100010101110111111101100111100111000110010000110100101110011000010001111000101110011110010111010001101110100101001001110111101010100100111110111001101
100010101100101111111001100011011100010001110000001000011001001111011000110010101100000111010011111101011010000111101011100101001101111101101101110100100110010010110001100111001111
010110011100110000010111111001111001010000001000011110111110100111110001010010011011001100001000111011100010001010001010111111110001011000010111100110000010010100010011101000011011
110110101000000001111010011111100000100111110011101010100111110101100010101010111011110100110000011110001010100011000010001110010101100000101011001001010111110110110110000100011100
001010111010001000000010110001011001011101011010000011101110111001111101100001111100110001101011111010101001011111010011011000001010000101011010101100111101000111111001110010110101
011001011001101010000100001011011110001010000011011001100010010100011111101101010101110000111000011110010000011111101100111001110101011101001101100110011111110111010000110111110001
001010001010001011110110110011101011001110101111101101000000000110110000011011011010110101110000001001001011010101101000001001001011110110111000000110111100110000011110010011111100
101100101111111001111110011100100001001010011001001010111100100110111001101000010000000000100001111111100111001111000000101110111110000110010010111100001101011111000110011011111101
000001110110100111011010111000111000010001001110110010001000110011111001010000000101110011000001010101110001001000110101110100000000111000110100011110010110010000001000101000001101
100101000000100001001100110000000100000010011011101000101101011000001011111100010011111101100001110110110000111100100011110110100110111011110010111111100101001110001010001000011101
111000011011010110111110100001000111110110001011011011100111010111011101110110110100000110000001000010000000011000110011111001101101101001100011101001000010101011011000100100110011
011101111011111111001111101100111110000111110101101000100011110011000111111001110111011011001010010100111010001010100101000110111110000001111010000111011001011001001100110011111110
100110110010100100000010100100100000111011010101001000101010110101001100001100110111100000100101100111001111110011001111001101110110000110011010110000010000110100100101110100011011
100010101100010000010100110001010110110101111111011101101100000111100100010111110111000101111000111110010100110100100011111000011110010101011001000101110000000001100001111110010000
100111111011110100101010110001000010111110110010110101110101001110000101001011111101101011111011101010000010000000001101110000110001000010111011011001000110101101111111110010000101
001011101101111111110111000010111010011110101110011011110001010111100011001011101011010111101001010110010001110110001111101100101111000110110000101101011100111001110000000011011110
010001101010010111111011000011111010000001110110101010110100010111110110011101001100001110011000011000000001101011111111100010100111111010000000110110000010010001110000110100011011
101011010101100110011000111101100001001001000000101011001111001111111110001111111111001000001101000110010000001001111001111111100110010111011101100011110000110101010011011011010011
010101000001101000100111011000100101100010000111111110111111010101101111001101000011001110011111111001011110110110111000110011100000101111000000010011110001100010110001011110111100
000011100111000101101000000111100010111110011100110011000000001010101111101111001001010001010010001010100110110000101111111011000010001100111011111100100000000001100110001110101011
011010010110001011111110110000000010110011101000100001101100011010100011000001010010010011111001110100100110011100110111101011110100010001011101011110100110110101110101000010000011
100100110001011100010110011001110100010001000011100101110111111001110011110101000000010000000111011011010001110100010000110011011010111111110000001110000011100000000111011011111110
010101011010101011011101111100010000101111011111001011011000010110001100100001000000111100101001110100111101011011110110001000101101101100101010101010110001001011110110110000010010
101010111110011000100110010100111001000111111000101010001010000001100110001111000110010011110001010001101101001000000101000010100000011111000101101100010010101100101111000000110000
000001101011100101001100000110101001110011101001110111001001111111111001101110100101001011000100100011110001000100101111110110010001100000000010100011011000110111111101111111110011
101010101100001100111000110110100011011011110100101111111000100111010011010111011110010100001010111111001001010000000101111010001100000101101000111010100100110001110110011011101011
010101001010000110101001111110000001111111101011011010010001010100111100100001110010000000110000001110100011001111111011001001011111011100100110011011111110011011110001011100001000
001110001110110000100000011101101101101001110111101101000100100101110110111111011011001000011100000101110000110001110101101111110111000011000010111110100010000110011100011111011101
001101100101010010010001011110000010111110111101010110011010100101010100111111001000011010000000110011101100010110001011100011100101000010011000000000100001100111101000110000011011
011100010001001001100111001011111011101010000001010110001100111110010000100111000110011000111010111110111110110110110000101100101011101101111110111101100010101111111010000110101010
100000011001111111001000011010010100011111111011111011001001000001100011100001000100110010000001010000010101110111011001101001000101011010001110011001010111000101111001001010100011
110111110001001110010100010001010100110010000101001011101000110001100000010111011001110110001110001110111100001010111101100010010001101010100100100000111101111100111101100100001000
110100111010100101100011011100110010111010010011000111011011000011111110110001101001011001000010000011011111001011110100001110100110010011011000011010000111100111001111100011111111
001111001010100100111010101100101110100110001110111010010101000000101110100010010011011111100001001010010011011111011110110100011100100011100110111110001010000010100111000000010010
110000000011000001101010010111010101000011001100110110110011011101110000110101110000000010011110110010011001110111000100110011110011111110001001110011010101010111110001011000001111
000011100110000010100110100100000111101110110100110000001101110100011111100001001001000011011011011011001100100110100001110101000011011101011111011110110100011111100100001111001011
111010000100000010111100111101010111010101110101001001100100011011110101010010011011110101011010110000001000001001101010100100011101010001001000110100100011100000001101111000100011
001011001100011000100101101110100000111101001011001010000110101010100111110110010100011111111111111000001010001111011101111110000000000100000111101011110101001111101010011100000010
000011110100011100111111101000110100111111000111110101001110110100011111101010011000000001000111101011101100110000001111101101001010101111101011101011111001110001110100010000000001
000010100001111001110001111100001100101100111101100001011101011010110010001001001101010001001000000011010100110001111111011011011101010101100110101011110101010001111100101101010000
110010000001101000001000100011011011101010001110100110010110001000101111011100101000010110111110110101100011100100001000110001011000101000000101000110011110100101111011001001001010
100010100001111101100010100010110100000000001110010100011011001010101110011110111111111111101010110110111010010101101100011101011101011001111001001001110010000110010111001100111001
010100110010010100001111101000010011101100010111000110001011100110111100110000010001001110101010011111001100110110110010011110011000110111101001000001101100010110110111100010001111
100101001111100010110111001011101010101000000010101100010000010110011110110111001011001011110000110001000101101101000111001110110111101000010110100010001001011101100001000110000110
001011111000111110010010111111111101001100001101010001010111111010101011000100011000010010111101000010000010011010001011010111011100000011111100101000111111110010111000100100000101
110010001110000000010001111010101111111000110111001001001010011111111010010001000010110011010000101100111010010100111010010100101100000110100011100010101000001100110110011111111111
010010001001111010000110010011011001111110110111001000101010110100110000011110000010101100100111011111101100011100011101101101000111100110110100101011000001010101110001011111111011
001011101110010001111110110101110000011011000111110010001000001011110110111001100011101100001101110110111010001001011111010101001110101100110000101011011110000100000001010110010001
100010111000010111000100011111110000101101000010010111111010000101001010001101111011010111010001100101001100101000101101001111101101110100110101111111111010000010010010110011010101
011111010011010111001001010100110011111101010010100011000100101110001101011101101101101111101111001110101101011110000100011111101111111111010010101001110110011100111100010011100010
001001001101110100110111000111010001011011000110010011001111010110011001011100110001111111011001100001010000110101101101010101001100000011010011100010111100110110000000101011111100
010111001000111111111000001001111001001000101111100110001111011011110100011111101001110001100010111101011111110111101100000001001010111000111001101110000000010111111010111100101111
011011110100100011010011001110001000000010100101100111101010111101010011010110000100000011111111010100000000111000101100010000011111010111101010100000110001100100010110000001001000
101100011101011001000010010010111101111111000011101100011010011110100101010101000001001111100111110000011001011101101100111111101010100011100000010001001011110010001010110111100110
110100011010001110011101001100001010011000110010110011110110110011000111010010110110000011011010000010011001001101101101011011110110011001101101010101010010100111110001101001000000
001000011001000010100100011101001101100100100011110011101000100000101010101101011101011101101000000010000100000100010100100001111000000000010111011011111000000111000111111011001111
011000101100001111000001000010010101010001111001111010100010010000100000011100111111011000110000110011111000100101011010010100111001010110011101010111000010111000110111000011010100
011000000110101110101000100101001100010111000111110111011100010111100010010101111100101000010100110001101011011000000111010101101101100110001001010101101000101001010111111101010000
010110010000100001110100000000111100100110001111011100100010101000110010011110010010111000100111110000010011111011001110011000001100100010010110011100101011101110011010010000100001
011110001011100110111011100001101100011001110001111110011010010101100101110110010100111011100011011010010011100101010111100111001001101011010110000100110010001100000111001000111011
100001110000111101111110001000001100101010101000001011101010110000001110111001011111011001000010010010110001110011100111000111011001011110010011011000101010111001010000010111101111
011101100001100111010100011101101101101100010011001011011010100110010001111001010011101011011000001001100000101100000000100110110000000111000001011101000100011101011101010111110011
111001001111010100000001000111010101111100101000000111001011001110000011011000111111101101001110000000110100100000001110101100101110111010010110111010101011010111100101101100101111
011001000001110011111101101001111001100101100100011000011101010101000101110001110000001110101010000111010100100111100010101101100100101101010000110100111001010101111001000101010011
100011001110101000101110011101100111011100001111001000101101100111101110100100100101101101101101011101110101011111101001111101100101010110010000000010111000000001101110011101100010
110110100001100110100101000001111110111011110110100100000011010001100001100101110010001100000110111100000000010011000010001001100000111100100101111000101101100011110011110001000010
011100000001110100111100111110100000010111001110110110010011010011111011010010101000111111000110010101110110010111010011011010000101111010001101010100011011110000011110110000101000
111111001100010110001010100000001111010100111010110001010000001001000011000011010000010010011110000101101000011111000101000111110110100010100001000110101111011100010100101010010111
100111110100111100111011111110111011111001111001010110101101010111100101100010100011010101010101011010101111101000010110111010110110111111100010110010000001010011101100110001100001
111000111100101101101000000111101000000001101000111001110101001101010010001010011111011010111111000110110000100011001000100010000011001111001100000100101000010110100111011000101011
000101001100111100100101100100111001011010101011000011011101111100110100010100110010000100011111001110011101000000011110100111010101011010111010110110101000101111010100100001011111
101010010001100010101100000111001000010011000110100010111011111011100001111111100010001100111101101110101011111011000011011000111000110110010000001110000100110111110100110000101011
000001000010001110111010101001010101000110101110110101010100000000101001111000100011100111100001011000110101111111011010000011110100101001100101001001010011011000100001001100101100
010001011111000010000011100001110011101000110111011001101101011010011011011001110110111000100001101001110001011101001011000101010101101110100001110010001011100100110001110010100000
101110110010111101111000001000100010001001101111010101100000111011100011010000011111000010111010000111010001101011010010101000111000000010001111110001111011001100010100110001110100
001101110101101010101110000111001011100000110110110001001101000111011000111011100011111000110000101010001111000100100010001110010101000001100011000110001001000011001110010101001001
101111010010101001010000010011010100010000111101001110011101111000011010111000100000011000001100000101010000010010110000100001000110001010001000001100111011110110111011100111000010
001011000000111111101110111110000101011111000011001100001111101110110001011111100111101110111001111001000100101011111100100001110101001110011110101100100000101010010010100001111111
010110011100101110111001111100111011100101010000110101101010000100000110110110010010010111000010011010001111110001101011000011100101100011001111001111100111111001101100001111100011
001011111110011101001011011001000000001100010001110110000010010011100111101011101101011101110111111011101111001111011111010000110110001110110100101000010101010010110111101110000000
101001110010000101110001100000001010100011001110001110111100001011010110111000110001001010111101111001010111011001000101101011110000101011000100101110010110110000110101101010110000
001101110100001011100111001111111001010101111111100000111110010011111001110001101011100001010010001001100100110100111100000110111111001110101101110011100111110001001001010000100111
000001000111110110011110110111101111000111010100100010110001010000101000110001100101110001111001100100010010011001000100110100001010100100100110101001011010000100100101110110000100
001111001001001011110101100010001111100011000000000000111011101011010100111011111111110000010101001101001000011011010001001111100101010110110011010010011100101001111000111100110000
001010110110111000000011101010000110000000100001011000011101100010111100100001011110101100000000011001001111110010110001011011011110001110101001100001010001001010001011111000101110
000001000111000111011010010000111001101111011001010111000000001001011011010011010000110001110000110011110001000100101001110111111100000001001010101010001110100000111010110100100111
010001001110001010101101110100001111111111101110111100100110110000011010110011011010111000101111001100001010101001001000111000100110001100011011010001101010010110010111000111000110
000011011011010111001100100000110010101001001110110001111110010110001100101111111011101111101010001110100010100110111011101010011110101110100100001100000000011100101111011011100111
010111011000111111110001010110101000010110000011110110101110010110011110001011000001111111010110111010011110000101110001000000111100001011001010101111111100100101011100000110111100
101000100110111010000110101100101010011100100001100100010110001011011000111111011101010000100000001011001110000011111010101111110000110100101101110001011010011111110001100100100110
001001101111010101111111000000011110100001110100101101110110011010100100100110100001010100110111100000101001111010000010100000000010101110101111110110011010111010001011011000101010
110111001100010110100000000010001001101100000000110110101001100011101101101010101010011000100011010110011000011111110101001011000110111010001011101010101101101100001110110111011100
011011100101011001010010101101010011010101010011111101101010000111111110110111010000011010111010101110111011000011011100111110000011111001010101000000011101000000000011101010101001
101111110111110001101100001010101010110000110001000111100010010111110000010111011100001100011000100101100001010111110110110011101110101110101110011100100001011100110111111000011001
111011111111000100001001001110010110100100011111000100010110101100110110011010010001100111000111111001110110000111110110011111001010110110101011011010100011011011111100101111111011
001001011111111111001111111111110010111111000001101101010110001100001001011000010111101110101000100101001110101001110101100111100111000011000001011011101011101111101111101001111010
111111100011110000110010101111111110001101001101001110010010101100101100101010001101011011011111010001100100000111010110011100011101001101100010101101100101101000000010001111110111
110110000111110010000110010011110001000000011111100010111111101101010101101100010010110000101111001000111101110011010111001111101000111011010101101111001110110111010001011101101000
100100000101000111100000110010000000000110110001111011000101111111101111111111100011111011010101101001100001110111110011100001111100101101111110000110110011000010010100000111101001
001011000001100000011100111111001110100001111010011100100001111101010000000000101100100101100110110010010110100100111011111100010010000100001001010111100110011000001110110111101010
