110100111101001101100101101000010100101111010100111000100110
010110100110001000010011101010000111001001101110001100111000
000101010001001000100001010110011110100010001111110011001000
010010110110010011110010110110111001010011111001000010000100
110110001000110001011011101011101011111100001010001010010110
011101110110100011101100001011001010101001001010000100101000
001111101011101000111011100000011011010011001111101001000010
101101111110001011101111100010111010011100101111101011111000
110101000011111100010101111010001101000111011010100111111111
001011000110101111000001000001011001010000001011001100001011
010011110010101101011011010011101111111011110111100000110100
101110001001010111001101000101010011011100100000110010111101
011110000101000110110011110010001001000111010001111100111011
100001011011010110100100011111111001111001001100011101001111
100001100000111110111001001010001000111110011001111111110000
001000011101101111101110111000010110011110100100001000011100
010100000101101000000100000011000100111110000111100101011000
001000100000000000011001101100000101101010010100000000011101
000110110010001111110100110101010111101101111110000110111011
011011000010101100001000011100101111101000000100010100011101
000100011110000110111001010110111011011111000000110101101101
110111011111001101011101001010110000000010111110111011110000
001011110010101010110001010011001010111110011100111010100001
000110011000111111101111101100110101101100111000000011001010
111101110000011110010000111111101110010110000101111100101111
010111100110010111010101001001101000110001001001010000101111
001011101100000110000001101111000000100011010101010110000011
011011010110010010101000010110111001101111101111001001011001
011010101101000111110111010001001101001001010010100101101111
110100011101110110000111001010100010110000100010010111000110
000011101010100010011001101101101101110011011011001110111011
100001110100100001100001110001010100011011111100001011010000
010000100010010001111011111101010001000011000000011000101111
111100010101100000000011101110000011110111111011101101001111
100100011001110010001001100011101010111100001011010001011101
111000000001100101101011110110000001000100001111010010011110
101010010010100000010100011111101000001100000010000010100000
100000110010000011110100101011000100111111000110110010101000
010100010100101101000001100100100100100111101010011001000001
101101111101001101110101110000001001010001101110111000000001
