000111101001101101110101000110011110000000110010100011100001
111001011110010000111110111001001111000111100010010000101101
010001111110011011001001010010100101001101101111110000100010
001111100101110110110011010101101011000100111111111000001000
111000001010001111010110110001101101101100011011110110001101
001101110000001100011011001111111111110110000001000101010001
111110011011111101110001010011001111101110001100001111001100
111101101011000011101001111001101000100101000100101010001100
010011000111101110101001111011111001110011001100111010101111
000101100000111110110010110011010010011110111111000010011100
100001111010111000000110011000110101111001111010010010001010
101011110101010001111011001100110011011111010010110111111000
111011010001001010001001111000011101000000011011010100001001
110110111000100111101100000100100100110100100011100101011011
100010001001011010011010001110000001101000101101011000000110
001000111100001000000000010001011101011110101111111010100101
001000000001101001110011000111001100101101010001101010000000
011110011000110011010101010011111100000001110110000010000111
010001100100110110111101111010100110000000111011011011101010
110011011100101100110010000001101010001101111001111100110010
111100100000101000010001000001101110111100000110010101000010
001000100000011010011110110101110110101010101010001111000001
010000010101111111011000100101110000111000001111111100100011
001101101010110001101001000011001000110100011010111110110101
010110110110111101100101100010100111011011100111000110001001
100000000010111000010111011011010000111000110011011000110110
100110111010111011101010011110100011011011110001010101000100
111000011000111010101000001000010111000110010001101001111101
000110110111100000011111111010001010000110011111100001110001
000100011101111111111100011011010010010100010000000100110100
001000000110001111010100110111000100001110111000000010111111
100010011101111101101100100110011000000110101111101011110011
010001110111000111100010111101000100100110010000110010111101
011011001001111011001110111101000111001101111010111100111111
111111010110101111000001011011000101001011101010011011101110
010101101101010110010111011010000111011110111011000100001000
011011100001100011000100010111100001101101011000111100110010
100110100111000000001000111110100110111110101101110010101110
101101110011011100000101100010010000011011100010100000111101
101001000000101010010001110010111001111010001100010000101000
