000001010101010101010011101000010001011000010100101111011000
100000000011001110111100000000101110001101101111110000011110
100101100000011001001001101010000101111101000100011100010101
011010001010010100111001001011000101111011101010001101100111
110010111101110001100100010010101010001101000101111001001010
001111111001010111010101111011001100101100100001010001011110
110000010101000110111101100011010010100100011001100001100001
101100001010111011000101000110001000011111111010101101101111
110010000110101011011010110010100011010000010011110110100110
110110000100100000110010011000000100110010001100011010101101
010000011110000111011101110101011011010001000011011000011010
100010001010010101111010111010010001101010000001011001100101
011110011110010111100001101100011001011001000011111100110110
111110110110101010000001011000000011111010100010011010001100
001011111000100001011000100001001111111101011001111000100111
101110111101101010011000101001001111100111100000001100111110
111010101100110001011110111100101101110111001001101100111001
101101000011010110010000010001010110100100000110100101111110
101010010010001101001110100000111110000011011011001000101011
000100011100010010000000010111101100100111000011101010100100
010111101001001010100000111100111001110110011111110011110110
000001100110001011011001111010010111100111010101100110000111
001000100000001001011011101100111101101001100101000010100011
010001000110111101000101011100101001011010100100101111000011
110000000010000010111010100111011101100000000100010111011101
110001001011001010110000110000110110110010101010100000011101
010010101111100110101001101010100010010110111011010111000011
101001010001010011000001101111000000110111101000010111101000
110011001100000100111101110111111101010010111011111111111101
110010011101011100110101000110001100100111100001011100000010
001110111000011011011101001101000110001001110111101000010110
110011101011111010000110100100011001010010100010001101111001
010000101001110000111110010000100110001111010010110010011111
001000010000100010010001101100000111110010110110000001000111
001010001110111011000100011000000000000101100000110000111101
010111111100000110001100001000011011110011110010101001001010
010000011101111011001011100001000101110010111010100011001111
101000110011100010111101011110011101100011000111100001111001
111110110000010000100011100110010011100011100000011010000010
101111110110101110100001110010011111110001001111001010111111
