000000111100111010110110100111010001111010111010101100100001
000001000010100100100110001010100011000111010101010110001010
001000101001010110011011100010101011101111001001000110111100
100100100101011110011100111011100010001101101000001001001000
101000000011101011001110001010011001011111111101101010111100
010001011011101100111111100011001001001110010101000000000101
010010111110101010101110010101011110001101110110101000111001
011011111000111110100101101101111000000010011111101010110011
011100000000111100100000000111111010000010010110000001001101
111011001110011111010001010100110011110101111010110110011011
111010101101111011001011001001010110010100011111000010011101
100100001110111001000001110111010101000011000010000000011101
010111001110100001111010100011100011101110000100010000000010
100111001000010110001010101100101111001001100011101011010010
011010100011011100111101001000100101111000100111101101101010
110110100111010010100110010111111101000101100111011100110000
011101100010100101011111000001000000110100001010010100011110
001101110111000111001000110101110101011011010101001011011110
010110111000001011111000100000001111100011110100111111010010
010100010110110110110111011100000110011010111000111110111001
100000110000111001011011110110000010101000011111011111111111
110110110100110011101100110110001111001101101010110110011011
100001010100001011100011110000010001100001110010000010001011
111111001001110000011101110011000010011101010011111011100101
100101100101010001100111011111100101010110111010000100100100
001100100100010111101001000110001110110101111111010111000001
100000100111000011100101111101001110001001011110011000000000
000000000001110010000011101111001101010000110000001110100000
101100101100110101001000010000001010100111011010111111101010
000111110111111110111011101110010001101011101110100110000011
101010001010000001000111010010110100001010100100110010001011
111010111111000100101110101001011001101010101011111100111110
001111111101111111011111111111010001101111011011100011010011
100011010011100100011000001011010100101010100110010100100000
101000010011110100001100100001111001100110010001011101100110
001101001110110000110011101100110011001110000111111100011100
110100100010111101110110101010111000000101111101010111111010
110001111001110000000100111001100111000011101101100001111010
111011111101011000001101111010000011101111111011000001110001
001111011011000001000110111011001111001100110101100011000101
