100001110010000110001000011100100100001110001110001010111000
011001000100110011010110111011010100011101010001010000011101
111111101001001001111110111010100001100111011110111110000101
100111101010100111111001100000001110100101001001110011110000
101010010111101111100010100000100111000010000110001101010111
001100100000001011010001000101110010111101110100101011111000
000011010010000010101011111100111001101010001001000101001110
100011101000010010111001100010010000000111100011011110101101
011001010010110000111101101010010010010110100000010111111000
011011101010010010110010010111111100000001000101010110010110
000111010100111111101000001000000110110111100101101000100111
011110110101011100101010110110001011011100111111100100001000
000010011000111011100111101011000011001110010110101110000010
100000101000010001101001000001101111101001011000110010010101
010110111000001010001010000111000111011001011100100000111100
011001101111100110101100111011000011011001011001110001110000
111011010001110101100000001000000111000110111010111101011000
101111101000010000011100101100000001010010111110100011100000
110010010101101111001010001101011110111000111010011011000000
111100010000100011011100011000000011000000110010011001010010
110000111111101101110101000110010101111110110011000110011011
101010100111101000111001011100001010110100000110111001010000
101010110101110000010110110111111000010010001101111011110111
111101111000010100100001100110101001011011111010101010000100
000011111100111111010000110111010000000010010101101000011011
100001100010011001001100111000100100111111111110000110111110
100111100000101001101010000100010101111010110101110110010110
101011011010101000110011111110000011010001110000001101110100
111000001000011100100100000110010111000101001001001111000001
001011101110000001010000110111100110011000000011001011100111
000011101110001100000111101100000001100110010011011111011001
010010001001110011110100100000000010001010111011101111001100
001001101000010001001100000000100010000000000111000110011101
011001100011000000010001100010110001010010110000001000001011
010011111110001101010001010110111010001111010011011101100111
101010011111111101011000111000011000100100010010001011100000
100011101000100101010001111000101110001010000111110001110101
010001011100011101000101010010001100001111000010010001111100
101010000110000101010011010100011100010111101011111110110011
011100010101101000011000101000010100100101001000011010010111
