010100010010010010010110001001000100101111011110110010011011
011101010101111011001110110111100000100000110100000011001001
011011011101000010111010100000111001001111001000001111001001
000101101110010111101101111000010000000111111101101110110101
000010010010101101100011001010010011000001000011000101001001
111010010111100111100100011010011100111001101011111010001100
111110011110000101110010010010010011011001100100101101110111
110100100001000010111010111110101001001011110111011111110100
111000111000010101010111110101000110011100101001011010011101
101111110100100100011100101001100100000001101100110000000001
000001101100000111011011011011000011101101111101011001011000
100101100001010110000101000000000100100100110111110010001110
000101000111100000110001000101011101111111001101101110010011
010010011001111001010001100100101001110110011111000100100111
011011010110010100111011101000100000111101000000101111110101
100010010001111000101101100100011111010010001010100100110111
101110010000111011111001111001001010011101111001101101111000
110100010001000010110101011000010001110100010110111000111101
110101111100111011111101000100110010111011010100111011111001
111110011011101101001101110101011001001111010010110100011011
000100111100110100101010011000000110100101011010001011000110
111011101010000101101010001001001001011011000010110101010001
000011000001100001001011001011100011110111001100101111110100
011110110000000111101100110001110111001011111100111000010101
011110101111111111000001000000011001011111010110100100101011
100101000100011010111001000100010001010101111110111001010000
011110011010000100001100110010101110000101000111011010100001
011011100010011010001000000000100011010000010010110011001011
111100000010010110110111010010011111000110110010101010010101
010010001010110110011111011000001111000101110000010100001111
001100001000100100111100101011100111111000110000000111111101
010010101001001111101110110011110110010101000101001011111011
001100101111000101110010010100111100111000001011011000011010
010101000011101110111110101101000010011110110001000000011111
001001110110001110100110100001011101100100010110110001011010
010001100101011111001000100000001010100100110011101001001011
001000100001001010001100101110101000110111110001111111011101
111010101000010111011010111101000111100101001001001000100111
010101110110001001101011111000110001111001101111010101111011
110101001100100101110011101010101111101100101011001100111111
