111010110111011011110001100101001010010001100100010000011001
101101110001011110000010011001010110111011100001101101101000
101111101001011110100110011011110101010001000110110101011101
101011101110011110111110111010001001011011011101000110110110
110111111100111100100111001111111111111001101110001001110101
011110011101001000010010011011001111011110110110100000110110
110001001110011000011111000001000101001011011010110000000101
100100000100101101000111110011001101100000011011000111111010
101110110001000010110011110111000000110101001001100000100000
111100101011000001000111101001001010010000011010011100010011
111110000101010100111111111010001111010101101010100100010001
011111101000100001101001101110100111101001011001001001101000
100100010010001110001110010010101110101100111111010010110110
101011011100111011001111011010010101000110110010111111011111
111111110000000000111010101011000101011000001010001001010000
111001011001001110110001101001110110111001000011010001101110
010010011001110100100000010001110111001011101010011111011100
000011100100100111100111100101000001000010000101000011100110
101010111101000001011101111001001000000001000111101111001011
010100111011011101000101101010000001011111101010000001100100
101101001011100100001001110000001000101011001110001011001110
010100010111010011101100010100010101011111010111011011011000
101010000101011001110111011111011011010000010011101111000101
000111011011101110011110001110110000001001011111100001101010
101000000011000101101011111100110001101000001010110101100001
000111110001000011001101101011000011100101001010100010010100
111100000101010001101110100011101101001101000110111111001000
111010101101010000001010100011000011011111010111010000000000
001110111100101101010110000001111101101100111100011110001101
101101111100001110100110111101110111111001111101001001111100
010010011110101110010011000111000010100110001110101110111111
011001011110001001001100000100111011110110001000111000100011
100011011111110111111000101110011011110001111101100111101011
001000100111011110001110001011010001101001101011111001010001
000010001111000010001011010110101100000010010100010010011010
010001110110101000001000010110101111100100000111001100101001
111010000101101000001110100101000111000110100010011111100111
000000001011010010000111000100011001101011001000110011101111
100011111101100100010100110110110111111110111000100101000111
001100011010100011001101000111110100011101000000100001011111
