010111110011000101111111110001101010100110110100011110111101
100110010101100000000010101111000100110011111100011001011000
111101010110000101001001100101110101010111110000100110001110
100111011100110110011010001100110111111100100000010101001110
100110001010110101010101101001100010100101111011000100001001
000101001111111011011001000011111100011011001110110000100010
100000000010000001011000111011111111110011011101110100000101
010100100111011110001111111100101110000001000110010010110100
000000000100000010100011000101110101010100101011100100100100
110101101110011000001001110111101010111001001111011010110011
110011001101110010010110001110111011111110110100111100001101
111100110010100111100010110011010011101110001011001110100011
110110011111100001010010101111010001010000000011111100001110
100000000110011011011100111101100100000101000011110000000101
110010000001001011010100100101110110010011000001101111001010
111101000100001010010001001100101111110010010100100101000101
110011011001001110100011101011001100001001101011110110110101
001100111001001001100010111010101110101100101011100001100011
011110000100110010110001100101001110111100111001001101001110
111110101001010011010001101100001001111011000111001000000010
011000011111010011101011000000111001010110111111011001111111
101010000000001110001110010011100010101010100100111111001010
110011111110001010010010100101110100011100011101000100000111
001111010100011000110110011000010011111100101000110000001001
111110100001100000001101011111110001110111010000001000000000
110010101000001001001010101001011111010111110110101011100011
110111010101011101100001011010110000111010100110010110110000
110111011100000100011111011001110011110110101011000010001101
100011101110000010010100011101000001001101011111010001100111
110001011110001101110001001101001010000011000100000100011100
100100111101011111110101110011011111101011111010101000111110
010101110100001100010111111011111000100000111001100001001100
110110101010111101010101000010110101110001001100011001110000
100000001011110011111110010101000110000000110111101100110000
101111001111110011111100100001010100000100101011001111110110
110000101101111001011000101110010101101111001011100000100100
001100000100100010010111100111000010110101100010010111010010
110111011111100000010010001011100001001001000000011001101001
011011010001001010110101000101100000101100001111101000111110
001001101101110010011101111001111010001110000101110111011100
