100100011011000110010110110110100000011101111110011110111000
111001111100111010000001111111110001001101110110011110011001
111001110010000110000001101111101110000000110110111011011111
001110110101110001000001101001100010110011010000010011011011
010110010011110000110101010011100100111001101111100011011111
001000110010110011101110101001111111001010100011110110111111
111100011000111001110001000110111010100110010110110011011110
010111001000011100110000110001110111001011010000110110110001
001101101011101000110011000000110101100110110000001110011001
011001000010111010001011010001111001111101101110011010011110
111101011111000110111110011001001101100100110110100100000101
111101101100110111100100100101010101110000010000001100111110
011010011011100100100001101100101100101111011011010011101111
010110000110010100110100000001101000101100000010100100110100
111111100010111101101011011111110001001111000110100011110111
011100111110110101100000010001110000111011101100010101110110
111100011011011110001000000001011110100001000011000001001011
111010100001011010000100010111110001001010101100110110010001
101000110110011001110001000000010101011100110000010010010100
010010100110000111000001010010011000011010000001000011011010
100100101011011001110010100001101110010110100101100001011010
011011001100100000100010100011111111011101011100001100011101
111100010001000110100010001101001110011001010110111000000001
110101010101100100100100011100011100011000110000111110010111
110000010011100001111001011100111111100011100100100101101111
101001011011000110001000010110000101010110000011101110001110
001101110110101000000001110110001011100000001000100000011110
000111111100011001010100010001100010000011100100111101001000
011000000000110000110100111011000111101110000001010100001111
001101111011100011100110010000001010000000010100110001111110
111100010100000011110110111111101101011000001101101011110110
110110100000011010101100011110110010001000100001010001110010
101011100110001000000011101111110011000011011011111111010110
001011011110100011001011111100100110001100110110011101001111
010110110000101100111000110000101001000111000100101001001011
100011001001001110101000101011011001000111010011111101000000
110100011110101111101011011110101001000101010010101000101010
111010110111101100010111110011100000100101100011011100011101
101100100000111010111100101010010010011000011000000000101111
011011111100111001110011111110000110001010001110000110011111
