1000110101010000101010011011001011001101001010010001100110100011111010011000001100111100000000001000
0110110100111011111110000001000101111001100111000000100011011011111111110100011011011000000000110000
1101111101001111100001111111000101000001110010001110000000101110000000111101001000010101011101111100
1001010100101100101000110111000001000111101110111010100111111001000001000110101010000101110000000100
0010101000100111101111011011000011110101100010101010110110110001110100111101001000001101101000010001
0010001000111011011000100110001110001010001111110100111000101001111111011000100000101111011001100100
0001100101111100011001111001001011001111110010010011111001111110010110100101000100010100100011100100
1101011101000011100011111111001001101111000110111010111001101110101110101101011101011010110101001101
0101110010001010011101100101010101011011000010000100011010001001101100100011111110101011000111100000
1000011101001000111000100010001101010110110110100010110101111101001011100000110001000011110000001011
0101101010011111111010101100000110010110110001001110011111100111101100101100101011100011000000111101
1001110101011111101001111100011011101111100010101110010101000000011001110011010001010101001111110110
1100110000010001001010011111110000011110010001010101110101100011001110100001101000001100100110010111
1011101010010011011100100010011011111101001101010111001010001001010000100000111001001001100110101011
1011101010011110110001000000011010101010111101001110010011111101101011110100100010111000010001001100
1101001110000010000110010111010001100100111101011100001101111101111000000110111001011101001101100101
0010000110010100110000011001001001001110010111111011000110100000001011101000100011110010100000000001
1001111010000101100011110101000100000100110101000111110011010100000001000111001010010011011111011110
0011110010010111111011110111001101010111001100001010101110001010100011110001110010011111010111011101
0000110110000010010111110010010001100110110110110100010001010110000110111101111100110110001111010100
0000110011001100001101101011101001001111111101001000000110111001100101001011011000110011001010111111
1001011110000000010110011101000001010110011000001010111000011101110111111100111100011001010110100101
0011111101011101101011011110111110011100000110000000000111100011100001011011110011110101010000000001
1100100110011011110010101110111101010010111001110001001111000001010001100110010110000000101110010100
0000001111111000000110101001010010110011000010011100111101000011010100100101100001010110011100100100
0111110111011011110011000011100101010101001101010001111101110110101010001010001001111011101011001101
1010011100001010100001000010011011100001010100100111100101101011010010000011110011010110000111100101
0001111011111101101000101111001011011100001100011100111110110001110101110100101110011000011110010101
0000011011000100111110000010010001111111111110100111110110011110001111111001101010000000111101101010
0011100001011000010010010010000110110101001000110110011000010001011001001111111100010101011100100000
0000110101010111101110111110101010100001001110110011111111001100101111100010011110111101001101001111
1100000111001100001111001110010100100111111101010010111100100010100010111001011101110000010000100110
0001001011000110000010101011110111000010111000101101111011010110010010110011111011110101111000001100
0001001011010101010011010001010100111010011101100001010000011001010111100000011010100010010000001111
0011001111010011011101110001000000111111011101101110101010101000111010101111101110011001001101100100
1001011001111101011110010110110100100011011100010001001000101010111011110010111011101001010010111111
0011110011111010001111000010011101110010011001000101101010000100100000111000001001000100010001110000
1010011000100001001010110011000000011010000000100000111001001100100111111000011010000011100101011001
0111110110000110000101001001011010111100100110011011011000101010101111111100011001100110010011100100
0100010100100010011100010011000111001111011000010000101001000111110001010100000010100010111101001000
1110100101010111001001001001100111101110001010111010110100011101000100110011110010000010001001111000
0011110001110011110100100000110100100000100001010001001101111100101000011100100101010010111110010001
1111010011111010011010011100001110100000100011000110001001111101011010011010011110010000111110100010
1110111011100101011011010011110011110111010000110100111000101100110000001011001001110110110100110111
0000011000100111110011010111101110111010101001101001010001111011001011100101100010111011010010010100
1000000000010101101001000111010011010000100101101110111010100010111010110110010010010001010001101011
0011101000110010011010100011111000000101110011100000000101110100111110011100111110101010010001100001
0010101100111001010111111110001101001100011010101110101110110111001010000111011101001011000100000001
1110001110101010110001011010010011000010100101010000100110111010000001011010011111111111100100101011
0100011110001111110000101100101000100001100000100100010011101110000011101000111110111110101101010100
