100010011101010101110110010110011101001101100101101100111001
100010101111010010101100111111100110110011100000100000111111
111101010000110110010110010100101001111100111110000111011101
110110111011110000000010010010010110111000011000111011010001
011011010010111101111101101100110101101110011110110110011110
001101111000011111010100000001111000101011010000000100110000
011011000111111000100000011000110111111101100100001100001110
101100101111101100100000101101111000000001100110110111000101
101110101101001001010011011101111011111100010001001100100100
110000000001100011011100000100011110010011111010110011010010
001010010001111000100000100001011100000001011111010001000011
001100111111000110011100101011101111101001111000000101010010
001000000010001001001011111110101100100001001000000111111101
011100110111001001001111110011111100000101001001011000011001
010010001011110111100100100111010110101100000000011001011100
010111000001111001111111010100001011001110110001011111011000
101000110101101001111010100111101000111000101001100100011010
000000001110111001010110101001101010110010101010010110100100
101110100101010100001011111011011100110011101101110010110101
001110101111111101011001000100111110001001001010111010000001
100110010000100001001110010000001100000010000000111010100011
010100000001100011011011110001010010110001100100000011100001
001101000011010111101100100101011110111111011101110011110110
001110110010011110011110101011011011011110101110101110101001
111010110001101000000010100100100110011100011101011010011111
110001111100000110111101110010000000000010010101110110010101
101010110110100000001111100000100101111110100001101101001101
001101010001000010000011111001010010101000100100000111101111
101110101011110010010101101100011001101101010110100010011010
110010101011001100000011101110101010001011011101001001011111
110011011101100100011000101100011111101001011100010011101010
001001001111010110110110110111111111001001110101000010100010
110100000011110101100011000110101101010010100001011011011011
101100101001111101000100000100101101011011101111111101100011
101100110101100000101100010111111000101001001111110011001011
001000010101100110000011111101101110110110010010000001010001
110010111011110101000100111011100111110100100010111001000001
111001000101010001011111010000001101101000111100011000011100
010101110010100111101110001000001011011101101000001101100000
101110110000111110001000011111011100011101101111101000010001
