011110001011100111000101110001110101011111110101111100101001
001010010001010011101011101101111111010010100010111000011110
100011111100010000111011011111110000001100011111110101101000
010011000111010101100110001110011111110000010010001101010001
100100100111001001001001111001000011000000111000011101001010
010101010110010100110111101000010101010100110000100111001100
010100011000110110110100100011100111000110111001001000001100
111001100110110111001101101100111111101101110001011101110010
101111110100111010110111011001011001111001111001100000101101
001011001100001111100111111110101110010100010011011010111011
100101001000000011101011100111110101100001000110010100010111
111000110010001101000111110011100001100101101100010010011000
101110011001011101000011010101011100111100100110010010111101
011100011010111000010100001010010111100001010110001011111010
100111011011100010011110111101000011101011010100000010011100
001110100100010101100011000000100011010111111011000001101111
111011111101001111111111010000001110010010010101010010011000
110001000011101110101100101000000011101011110110110011011101
001110000000000101101110111100001100011010110101010000110111
111011101101011101110001100010111110010100111101100100011111
001100100000001111011011101001100001001100010000111010001100
001011010001001110110001110111001100000111101110010110111101
010111000010111110000011010101101010111010101010001001111101
000100111101101110011100110011111011011110101011001010011010
000111110000011000100000110001111100111111111000010011000001
100110000101011101100110011101010010111111111000100000010000
010101010010110001010011111111101001110110001111000011101110
011100111101000000011010010001011100110001010011011101111011
100000100110110010010011001100100001001011101001110101111111
000110101001110000100111000001011000010101111111111110101111
101010000000111011011111010011011000101011000001100001001000
111010100100011011001010111001000001110101100000111010111001
000100011001010011100011110001010001101010010011100001101111
110101101100000100010000001011001100101011110011001100110010
111001101101011001110000000110100011100111010010110101111111
000011101001101010001001001001100101110001010100111010011011
011010001101110000101101001100110010100011010110001100011011
110010001101011101111010111110110110010100010100010011011110
001000100010110000011010110101000110110001101010011100111010
111000100100101111001100110101100000111001111010000110001011
