1111100100010111010000010001111111101111011100101011101011111000011110010101101011011101000101100000
0100011101000110001010100011100101101111111111101011101001111011111011100110111011111111110111110001
0111011011111110011001110001111111110111101001110000011000100000100001111011101101010011100001111100
1001000110011110100111000100001001100110011010000000100110011011100000111101101111101111101011100011
1001001010101111100001010101111111100100111011001101000100000001100000111011010011011111100010010010
0001101000010111101110101110111101001101001000010000000110110001101111000111010111000001100101101101
1010111100111011111011110111011000000110110011100001011111010010111010110010101111011011010100101000
0011110000010100000010100111011111100111011101011001001111000011010100111010010010100000001100010110
0101010010010101001011110100011001100000000100100100110101011010001111000111110100001001011100010011
1101011100010110010110110001111011110101011001101101001000000000111101111100111101101110000110111001
1101111000001001111010001111000011110111101111011110010011001100111010101001110111101110000001100110
1111110001010010011000001100110000110010101000110011000111110110000000000111011011001000100101001001
1101110010100001111110100110111010101010111001001001001001011011110001100101010111010110000101010001
1010010100011101100111101000000101101111110001010011101101101111111111011100011011000000110100001100
0001101101100000110111000001110110011111001001101000001001011001111000101011011111110101001100011010
1100000111011011110000111100001001111110111111110101100010010000101010001111010110010000101010001101
0010001010000011100000111011111001000101000001111001001001110000011000010011100100101110000110011110
1000001101101100110010011110000111000011101100100110111010010010011110011100001010111001100001111111
0001101001110011001110010000001000111000010111110100110001011010010000101001110110110101010101101100
0011111111001001111110110010101101111011011011111110100001010000001011100100101000001100110111010010
1011010010011100111111110101100110010011000111111011010011000111010001111010110110110101101101100010
1101100001001110000100100000111100001000100111110001001001000011000010000011110001101010000111101010
0101000010100011010001110100000000101111100101100100101000001101010101110100111000001001011010111011
0110011110100100101011010010010011101010100100101011010111110010011110111011011001001100001100000000
1010011000110011011100011110111011010010101100001011000101001001011001011110100000101111101000011110
1110110101011101100100100111101010011111001010101001001001011011111101101101000110011110110100000111
1011011000110001000001011111110010011001111110100111111101010011110111110101110101101010011110111111
1100111111111011000010111000111010110011111101011110100011001110001001001001111101000011011000001100
1111001101100011001010001100111110000100100011011100101111110100110111001100000100001010111111000001
1010011011001011011010111101011100010100100011111110100110111000110110111111010011111111111000110111
1101110011100111011001101000000101101011100011000001000110001000000001100011110001100110101101011011
0100111011101010110011110111000101110000100011110101101100010011111010111100111111110011100111100011
0101111111001110101111001100110000110010001100011111010000010110001100000001000001100010101101001011
0011100011000010011001011000001111001111001011001110100101011100111001101000101111000100101001011100
0000000011110011011001110101101000001110111101000100101001010110011011000101101010000000111000111101
0010110011100000010011010000100011001101001001000110011101010011111001110100100111101001010011110001
1001000000111100001010000011010100101110000101100001100001011111001011011010100110110111011100110101
1010000001000101101010111011110011000111100010000001011000101011011111100101000011100110001010001010
0010010100011110000100100001111100100001010011010011100001110111101000000110101001100101111111011100
0111001010010110001111001101100010010110011010000010111100111010000011111101101111000001000001111000
1011000001101110110111001011011111011110111101100111010101011000101010011100110111011011001100101100
0011000101011111000100101001111110100111110110110100001100110000100110110101011011110000010101000101
1110010010010110010111010001100000000100010001101110111110100010000101100110001011100010001011111000
1000101101000010010110011100101000010000101011000110000000101101001001110110110111011000000101101010
1011101001001000110000000000111011110000110010001101111110110000011110100010011001110111000101101010
0000011101011010011010100100000100001001110101110000011110111010010011010011011101001011100010101011
1000111000011110101001111010001010000000000101101000010010000101110010110000000110101000000010110111
0010000010011010000110100111000011111010111010010100101111101100000100010000100000000000110000000011
1001110010000101010011001001010110101110101100001101010001100000011111110110010000110110100111010001
1110010001110100110000110000111011010011001111110101110000010110010010101101111110111001011001110010
