110001010111110100000100011010000011101100110000010111001110
111101010100001101000001000111010000111101110110000001011100
111001010001011010000100111010110011000101000010001010101010
110011110101111000010000010001000111001100110100110100011110
010101001011011111111100011000101100110000010110001100111110
100010111111011011000001000010110001000010110101010011011101
110011111101100111111111111111100111100111000000010101011100
000000110101011110110000101000000001001101001110010000010111
010100011111110000010101110110110010100001111010001101001010
000110111010011101011101111111100101111100110000111011110011
101100110101011110000111000000011101111111011010010100011011
001101000001001010000010001001111000101010001100000100001100
000110001000101110001100111001101100110000110100101110111000
110111001011000111001101110101011100111111000110111010000011
001100011100000001100111001110010111000111010110010111011010
101000101110010110000001010110110111000110100100000011001010
010001010101011110110100011101011011000001101000011101111100
101111110111001010001011000011011100011111101000111100000001
100001010001110010011110111100110110100110110101000111010000
000111111101101000000101110000101111010000001111111011000001
101010111011100111100110001011110010101110101100010100010111
000010100010100001010110111010001100000111110001101010110010
101010010111100101001100000010010001001001000100000100100110
011100010010010001001111101110000011011010110111110010111010
111111111011101111111000110011010011111001110110101101000011
000101001100111001101011010000000000111000111010000000111111
011000101110100111110100110101100101000001001001110001000000
000001100101000011000100010101001011101011001101001101001001
010101110111001110100100010100100101000100110000010001011010
110001001101111111000011001000101011110001111110010001110101
101101010110111010111100110101000000011110101011111111110010
010011110000100010110010011000100001011011011100100110011011
111010001001011010011010101000101110111110011101110011010011
001001000110011011000101100111000001110110011110000100111010
001011010010010100011000100111001100000001000001101011100101
001100100101011110101001110001101010011100100000101101010101
100100001110011010100010110101001100001100100100010001000111
111110110110100110010110010001111101111100011101011101000101
100000110110000110111111110000011110010100100101101001111110
111110001000010111101110100001111001110101111001001101101011
