001111011110110011000101010000101101000101001101011101100101
000011101001111111011000111000110000101100001111011011010000
011010011000011000001111001010011110100011101010111011111010
111011001001001100101010111100001110101010110100101100010010
010101011010000100001011110100010100010100100100000101111000
111101000101110110001101111110010011001000111110011110100011
111111010101101110111011110101010101110111000110100011111011
100101010011101000010001010011111001011111000000001010001001
111100000101011011011010110111100111001101001100100110101010
001111101011100011010111001110010100011110000101111000011001
000001101110110101100011100000001101001011000101101111100001
100011010111011000101101100001011111110100110001011110100011
111010110111001000000110000101110101011011010101101000000110
101110101111100101110100110110110101000100011101011011111011
110111000000110000011110010111101100100000110000011100101110
000000101101000110001001111101101101110110101100101010100001
000000101010110010101011100000010000101100111110110111100011
101001110111010111101011000110010010011111111011100101010000
010010101011000000001111111110010000000101110110011100000110
001010100010000101001010000000100011100111111000001011011010
101111011000101011101101010111010101100101001101010010100010
011100101000010010100001110001010111010001101000110010011011
011100011100110010011111110011101110001101111111111011010000
101111011001010100111001010000111111100100000100111001111010
100101001110001101100111000110011110010000111100101111010011
100111100000010001110110010111000110010000000001010110010001
000110001110010111011111001110110001010011000011000111000011
101111011110100001000100010101000001010010111000110011101100
011001101110011000101100111001110101010000010111100101111110
000000100001010101100111010111000101001111100101010010110101
110000110100111110011000101000100010111100011110010100011011
000100011100001000111101101010101100100011111101001111100011
011100010000010111110010100011011011111111101000111001100111
110110111000110000001111110111111010110010000100111000010100
001111111101110100100100011001011011111001000010000010010100
100111101001101111001001001110010000111111000110101100111011
010010000111100010110100001010000000100000010001110010010000
011110111110011100110000100010011100100100011111100011011001
010011110111011111110111010110001010110110000000011100000101
011010001101110110111101000000001111000010001100001011110101
