101000001001011001111111011000010111101101001010010011110111
111100001000001010101001010011000101011111001111101100111101
000000001111101100111111000110111010100101011000100010111111
000001001101011111111001011000101011010101101100000010101011
110011011101001101000110111010101011011001001101100010010000
111001111001011111010001111111010010110100110110011101101001
011001011011001011111101001100001110100001011111001101110111
000010001011111110000010101101100000101001000101001100110010
101110011011100000101010010111111101010001000100000001111111
001110000000010110000111001100000100101010111101001110111000
100010011100110100110101011011010010111001111000100000110100
111001100110011101111111011001110111101111010101001000001100
011001110001110010011100101110010010010100000111010111101101
000010101111010011000001011011100010001010111000011111001110
011101001010101110100011001000101100001011011011111110010011
011111101000110110011000010010101100000100001001000101100101
011010010111110011111011010101011010011111011011101111011110
001000000110101111001001110010001100110001001010011000001110
010011011111111101001110001011100011000111110110011001110111
101110111010011110100000110110001010101010010101000000001000
010111011011001111100100011001101000101101010101110010110011
010111111001100101101100001011011110100000100011000010000101
111111111111100110010110101011111011110111100101100011100110
101110110110100101000100011111110000001000001000001011111011
111110000011111111110000011111010101110100110111000110111110
011110010000010100011010110000001100101011101001101101111010
100001110000101011010011100001011000111011001010000000011010
011110101000000011011010010110001010111110010100110001111000
010000011011111100000110110100110100011100110100100010010111
111111100101100101110110100100001110010100110000110101100010
001001001110111101111001110001000000001101110011101001011001
001111000100010010010100110100111110000011111100111010100110
111000100011011000110001000111010000010001111000010101001101
001000010010111101110001100000111011101110001110111110101110
101101001101101110000110011001000010101010010110101001111101
010010100101111010101001100001110011110111110111011110000000
011101010011111011101101000000011111111011100101111011011100
101000011010001100100101011010001001001001000000101011101110
100010100101000000010101111110100101110000111010100101010100
100011110100011010110110000111110001010100010110000111000011
