101111110011101000011101000100010011010000011110111000010001
000100010110001001001010110100111110010010110111101001100011
000001101011100011110010000111000000011000000100000101111010
011110010011111011010100001000100111011110101110010011011010
111111010111101011011101000001110000011000111100100110101101
101010001010011110001010111001111001101111100011110111001011
110010010011000001000101100100101100000000000010010101111110
001100001100000011110111001001000000111100010111011011011100
100011110011100111011110110111000110010111010101000101000010
000001001100110101101110000011001011000000011000110001010111
000101010101110110001000111000000011111100101100000110000000
110000110111110011100001001000101100110000001010101101101111
001100101110101110111000011001111111010110001101110010010011
110100001110001001000000100101010011100000001101000100101110
001101110101010011001101011000000111000101111111001011100111
110010100100010010110110000101111101011101010011000101011001
111011001100100010011001101010111011000001011011101110011101
000110110001101111100111101110111001101100011000100011100010
101000110011010101000110110100001001000000011000110110000001
011110101100001001110000101101011110101001000110010110111010
101100010011001101111110000110101010000010010011110100001100
111000011000000011011110100101111110100001111011101100010001
111111000101001000011100110111110000110100011101110011100011
100000000000100110100101111100011110010001111000111100110011
110100001110001111001100001101101010100010111000100001010011
010100111000010101001101010111001001101000011010100011011100
001101000011011111110100000110001111110101011001110100000101
101101010101110100110100001011011011011011110110101111101101
101011101111001111010000011010010100001001011110100011000001
011011111011110100001010111101111000101110010111110101101001
001000011010001110010001100001000111001101001100110010110000
100011001011110111111010111001000101100001000111010111001101
000110101111001010010010010001100100010001000101101111000011
110011000101010110001110100101111110100100010010110111100110
001010011111010101111100001011001010110101010001110011000000
100010010000111010101111110110110010010010010111111111100001
001101110101011100011011110000000011110100001001111100100010
001110001000101001010011110100101111011101101000111101110100
110001110011110110000011100010011110111111110101000011010000
001001000001101100010101110000011010000010110100111111110001
