010100000010010101101101000011001111000000101011011111000100
001000110110110011010010001101111101011111000101000000010111
100110111010111101010100011111111000111101101000110011000001
000100111111111100111000000100000011101100100000100010000010
111100111101111101010010110111100000001110101111100010010011
001011000010101101100110010011000100101001100010010110011111
001100110000100110111001001100111101011111000100011011011011
110110110011001111000101010001101011111101000100001000011001
011110000010111110110011100001011100000110010010111111000101
010100100101110101000000101001101001011000111100111001100010
110101011110011111000110101111111101011000010100000011111000
010000010110101111001011010100100101100101000001111010001111
011000010010110001110010001001010001001011110000000111000100
100101110000001100000000111111011001001011001000101010011011
100110001011111101011000100110010010110101101001010111110110
111100010010010010000100110100001100011100010111000011100011
000010000101100000110001001110100010110100010111001111000110
001100001101101100111101001011100011011101111000000101101010
011001101101101100101111111111000100100010100111001011111111
010010110110101100110001011110000101010111001001111000000000
101101010011101100000011010100000111011111101111000011111010
111011100010010100110001110000110001110000110001001011001001
010111011001110111100111010000101000001001011110101010100110
101101010110011011111110100010100001001101010110010110011001
011110111011000100000111111010101010001000100011111101011000
101010111101011000100010010001011000000001110101111110100011
101101011101100100000101111100101001001111000001001011111110
010111101010011111111101111111101000000100000011001110101001
000101101111010010010111110111011111001110100010001011101101
010111101101111111010000110111100011110100100010001110011111
011000011010011101110000010111101111001001000001011100110001
110001110001101101001001000100101101110111110001100000010010
011110100001110010111111001001000011011101110000100110110101
111111100110111010100010111000110100111000010101011001010001
101110101100010111101111010010010110110010110110001000101011
001011000100110000100011010111111100111100010000010000111011
000101110110111010110101010110000000100000000010011100010110
001011000000010000100010111101111111100000000010001011010100
001011111001110010011111010001111001111101100000111100100110
011001001010101111111110100011101110011001100001011010010001
