1001000111001011110101011100000000111110011001110101011001000010110110010000011011011000100011110010
0001001101010101010000011101100000100101111100100111000010111100010111001011001101010100010110010010
0110010000111001111101011000010000011000011011010010001010100001100111101100011101110011000001011110
1110100110010111000011000101001010101110010111010001101001111011010011100111101011100111100101110000
0110100010010100001001010110110111010011000010101101010100001111110001000111001101110001110111111100
0101010000010111001000000000111010110001111001111111001101101101001010011001101011000101110011010111
1000001010011101000010100010010101001011101110101000100100100100001010100101110111100000111111001110
1001001110110011110101010001101011101010000000101101111010110001101110101011010100010010010110100010
0010101101000111001011100000111110010001000100111000111010111011010001101110111111001100000000011000
1111001000001010001001110001100110011110000101110111111101110111111001011011011111001001010101001001
1000011010001100101010100011110001010001000100011101000111001101100010101110001110001101011011011011
1011100001101001111001111011000000001010001011001010010111011011111110110110000110100101101001100100
1001011101000000111101010011101110110000001101011111001100110111000010101100010011111100010111001101
0110001110001101001000100111000111110010111011111100100000000001011110010101011001001111011001101110
1000001011100001011111001110010100011010110010100010101010001101000000101000000000000001110110000011
1110011111010010101100110111000110000001011111101101101110101001011010000010111010011010011110111010
1011101110000110100111110110101001100110110110001010101111010000111010101001011110100001010000010000
1011100100110000011110101101001011110010111010110101000011100110001010100000111000010011000010000011
1000101000010001010110010011101111110101011111101111001101001110111001111101000010011101101111111011
0111001110101101010110110001001000110100100100010100101111100001101001001111110110101101110111100110
1011101001010011011000001101111101110110101010011000100000010001011111100000001101011011011111000010
0111110011100101000111010100101101100000000010111001011000111110011001100010111001010101011101100110
1001000011011110101110100001101101101110001010001001000011010011100001100011111101001111011110001001
1111101100111000010110111000011011100001010110010011100001001000100011011111100001100011111100110111
0111001010101111011100001001110100011100010001100110000100011010010001001010010100001111111111101101
1011000011100100001111100011111011010100110101000101000110100000011010010001001101110001011100000101
1111010010101000110001000010011010111100011000001001010111001001011100010001111111000010101010110011
1101111001101010110100001100010110101111010111100110111001110111110010011110010001110100000010100101
1001000001011100011001011001010111110101100111010011101111111010110111100000011111110100101010011101
1001111000110011110010011011011010010111101001000111010010000111110011110001111010000110010001001100
0111001110100111110111011101110101100101010001110110111111111011100000100101011000001100101111101010
1000010111111001011010001001101110100010101001100110101110010111111010101110000011001110101100111110
1001110100000000000001101001101010111101001001010111100001010010011011011100001101110100110001000000
0011110110100010001010100100101010100101100011111001111011011001100000001011001000110100010001001110
1111110111111111010001010111101110011001111000111011111110110010000111110010110001010110000111110100
1001110001111101110101011110101101110001000100111001010010001001000001100101010110110000000010000010
1111110010101111010011010100010001101111011001111011111110110010101010010000011000011101110101110110
1010011101100111001001100100010000101111011110001011010010100011100111010111111101000101010110000001
0000101000010100011100111010110111001010101110110001011010111000110110100010000111101100111101111010
1111011100110000011100000001001011000011101010011001001011111000010011000101101111011100101101010001
1101001110010111111001010111110000000000001101101101000001011010111110010101010100101010110000010111
0000011010111001101111101100000100001101111111100011100011011100111100011100110010110011001101110010
1010001100100010100110001110101011101110110110100001000000101111001010110000001010000001111000101010
0100010110100011101101110010110010000100110001000101111000100110100011011000101110100000010010011011
1110011000000110001010101101000110101011100100001101100011101100011000011110010010011101010110000101
0101101110111110111010101110111100001000010010101101100000100111011010111111110000100111011101010010
0110101110011011001010001000001101001001111100001010000111010000010111010011111110011010001110101000
0110110101100110100100100101101010001101111111111000011010100011110111011111100011011101111010011011
1011100100111010110100110011111011011010000011110101100010011001010001111111001000101011010001001100
1010100011001101011011110101110101111111101011110000110000100011100011010010100101111111010110111001
