0110110011110010011100001000111110111101010000110000110000100101011000001111110111101101110100110011
1001100001101100100000001010111011000000110110110110000101111100100100011001110011000100001100001101
1101111011011011011010101111001011100001111111101101100110110011111001000000000111001110101000011100
0011110001100100101110111100111100100001100110011000100010111001000001010010000010111010101110100100
0001000110111100001011010100000011100110010000000011111110000000110011110011011010111101001111111000
1101110010011110101001010101101111000001001100000100001010010101111111101000000101100001000101001111
0110111110111011000000011000100000100001010011001111001111001011111000111101010111110011010110011011
0000110100001101111000001011110100000010011101011111101000101000001011110110001000101011000011111111
0001100101001110101100001111001011010110111001110100111010010101001110011101110011100101001100110011
1000000001110000110000001100100101011110001011001100001001001100011000000101000100000101000001001101
1011110010000000100010101010010011001011001001100010101000001100110001011011101000110000001010010011
1101111111111010000000000100000101100111100101110111010000010000010000000111011111000101010010110011
1101101000000011111000011101101000001010010110001010111100100011000000111110011100001110110101110001
0110000100011011110001010101011101010011001010111100111101101011000100111101011101010111110111111101
1111111110110010011010100011001100000011011010101111010001100001110010101101101111111101010001010110
0111000110010011110100111011111101010110000100111011001000000110101110100100011000110010101000111111
0100101100001000001110010101010011111100001100011010101001011101101011111011000011010010011101100010
1000100100101001011011100101011000011000111000001010110010101110001000000000010100100000010011101011
1000010110000100101001110011111011011111010010000110100001000000001111110101110000001001000011100001
0111101010010010010010010110110100100110111100100100011010100110001101111111010101001011101001101001
1111111010011011101011010101110110101000000100110101001010111001010010111010001001101001100000110011
1010111001010011100110100001010000011110001010000001110100000111101000111110000011111001110100010100
0010011000111100111011001101011000011010101100001110010110100010111101111100010001100100111101001010
0010000001100100010110001100111101011100010000110010000100101011000011011101001000001100110100001000
0000010111000011100110110010010001001110000001000101101111011010111000001111001110001111100010101000
1110111111001100110001010100010101000101111010111110000011111100110100101000101111001001101100111110
1001000001111010010011000101010010111100011001001000110110011000010011010100000011011001100111010100
1101100111110100010010101110000111001001010111011111001111110110001011010110010110101001011110110010
1001110111101111100011101001101101100000110111010000000010010110111100001001101110100011110101100010
1001101101111000001111111010011000010010110101001100111100101100000010001101110010010101100010111110
0001000000011110000100011011111010111001010001001111100100000110110011001111011100100000100100000001
1011001001101001010011111000001001111110000101011111110011001000001001100111101001000101011101000111
0010101101100011111001001000000011010111100001001111100000110010010110001010110011100000010000111110
0001010111111111110100111011110100000001100110101110110110011101000011011111011011100000111111101011
0100000101001010111101100010110110011100100000110111111101110010010000111001011010011000000110101100
0010101001010101010110001000110011101101100010000100001100001011101101000101110000000010110111111011
1101100101000110101010101111111111111000010011011100101101011100001001011111001110110011010000111110
1010000001001000110100111100101101011011010100001011010001011000100111110101011001011111010111101011
1110111000001110011101000001111011110010101010100011010001100011111011110011011110101001101101100101
0111111010111101001110101100000100100100011000001001110100010101010001100111011111110000101010110001
1000100111111111111001010001111101110010001000101010110101010000010111000011010100011000001100001111
1100111010000010100101101111110001010111110000111111111000010101110100100001100111001110011110101001
1011110001001010111111000000011011011010010000101110110110011101111100110110101100010101100001110010
1010100110110100001000001110110010100100010001100111010100000000111011100111011000000001101010011011
1110001001000000110111110010101010010100000011100011001010000001111100110000111011000100111100010111
1000101001010100100011010010000111010000110111010001111101101100110111010111110101100101101111100100
0110101110111110100101010100100100010001010011110110111011000010101110110111100010100010100011001011
1111100000101001110111001010010010101000011001000110100000110101101110110100010101100001111010001111
1110011010111010001001011110100011111100010011111101000011101110000110001010011110110101100011110000
0101110011001001100010101101100010100001110000111101010001101011110111011010011000010011000011010110
