111110110010011100110101010001111110100000110010001111011001
101001101011011001011011001001001110000010001010000010011111
011100011011111101101111100111010001101111101101000011101010
100111110110110001011011001100100100010101110000011001110100
011101001001101001100110000010000010101010011010101001011101
100010110101100101110101000011001010101110100010001000011110
001100011001111101101110001100111101111001110100000000000001
110011000010001000011000001101011001111010111111011001110101
000110001101100111101000011000110010101000100010011111001001
100111010010000111011001001100111110110101111000110000010000
000100000011110101001110100011110011100011010110000001111100
101010100111111011110001101011110010010101111010101111110100
111110000000010000111000001110100100011110100001110010100010
011100111010011011110010101100001000101100001001000010000010
000100000100000010010011111000110011100000110100100100000010
000100011111011100001000000111101011101000101011100110101010
011100000110110100100010000011011111000000000101001011101010
001010110001101000111110101101101110001100001000011101100110
000001100101110110110110010100111111011100100000110000110111
100001000001000010101100010101110110100111000011011011011010
111100001110100010111000111010001111101011001110110100101011
111100000111000101001001101011010101000000010010010011011011
011011000111010000000100100110010010111001111001011110010111
010010001110001000011110100010111000100011011111111001110101
101011000011010011011010111011111010110100111100101111010000
110101110101110110011001111101101010111111001010110010110000
100110001001000010001000101010000001101111110000001110000100
001000100001101010010101001001100011000110011100111010000111
010110011010011011000110011110100100111101001011101001111011
011100011000110101111110010010100001010100111100100100011110
111110101110010000010100111010000010110011110111000000010101
010010010011111100100100100101110010110001001110100010000010
001011111000000011110100010111000101111000101101111001110000
010010011011000010101101001100010010110110001001110011100001
001101010011111010101001110110000100101010001010111101000111
001011100101110011100101100100010101100101000110111110110111
011110010000111001100100110110111000110101101111111010000111
000100001100100001011001100011001011011110000010000111100100
100101110110110011000101011101100000000111100011001101010111
111001010000001011001010100000010011101011111110011111110100
