001100000011101100011111101100100010111100100110010000101010
010100010000011001000000010000010011011110100010111101110001
101001101111110101111000000101001111110110111000000001111010
110110001111101001110110011011111101110010001100111110100011
111001000010101100101010010010010100000101101101111010001101
110111101000000011001000001110000101101011110110000111000110
110011000011111111110011111000001101010101100101100111111001
110011011101010001011111100101110011111000110001011000011101
110110010110010011010110101000010011100110110101011100111000
000101001010110100001111110101100100101000101011101010010100
011111111001100101000101000101001101110101001101101101100110
101001010100110010000000000011101101000010001101001001011010
010111101101000111111111001111000011010110101100100010111110
101110100010110010010101011101010010010001001001011100000111
001110101011010111001101000100100010010110101011011101001110
001000101101110111100100101110000001010001000100010001000101
011101100001000110111111101101001010001000111011110000010100
011001100000001011001110110100110111000111000101010010110011
010101100111001001100010011000010101001111010101000111101001
100111001100101000000011111111101100010001100100000110110111
000011001000110000001110111110101111001000100010010011101100
100100111101001000010001101010100010001001011010100100110101
010110000110101000001000101001011000110100010100111111001011
000101011010010100000111010101000001110111001001110001010001
010001110101011011110111000000001111100100011010010000111011
111011100100001100011101001010111001101011101000110101111001
010100110100000100000000101111011111011011011101111010010101
011000110010100100010011100011101011100100000101100000110001
011101000100000001110000100000010100111110101110010000011011
101001011110010111110110101010010010100101111011011111010110
010010101111010001011010110010010101011011101011100100110011
100100010111001111100111101111110011100011010010101010101110
111011100001010010000001000111100010111111001011000111101011
110011001001111010010111001101011111001000111110101100011000
111011001001010101100101001011000000101001011001011111011101
111111010010100100010011100000100001110010110110001101101001
010001111110010000110111011010000001110111000100110111010011
010001010001101101010101000001011000011101110011101100111111
001000011111010111011100100101110010011111101011101010001100
101000000111100110001101110010000100010011111101000000100011
