010010111111011001111010001001100010101001000101110101110110
101011110011000010111010110110100110111010110001000111110011
101101110111000101010100010111110101101010101000110000110001
100001111110100010011011000100101110111001111100100011100111
100001010010011010001001011101001011011111001011111011011010
000011101000010000100011101111000000100001001000110111010111
100000100110101101000000010111110010110001010000001110111011
100010000111111001010110110110010001001110110110001010001101
100100110010111100011001001001010000101011010010101000010000
001110110011100000001011101101101011100111000011000010000010
110000100001110100101110100010010011100110110000001110100110
010110110010100101111100110100000110100100111001101101101110
111001001001001000100001011011010011011100000001110011111110
000001101011000110101100010110110101101110011110101111100110
010001100000100101011101101000110001001010110000111111100110
010010111000001000011111101101010100100111101011001010100001
101010001111000101111100101111111001101001100100110000111111
111100100011100001101111000110010100101111000011000101001111
000110001010101110010011110011111101011100101110000101100110
010010101001011001101001101100010001011001010111111110111011
011001010110100000101010110100111101010011111000110110100111
000100001000100010011101001100001011101111110001000110001000
100001100110100100001111011011010011011010101111010111010000
000101110001001101101000100111011110010010001111100011111110
100111011101001001000011111101010100010010110100110001000000
111000011111011000111100010000101111010010001000000001111110
000110110100011101110101000111010001001110010100101111111101
001100010111011101010011000101111110110001110100110000101110
111011011101101100100100100011110010011110100100010010101000
010011001011111110000101010000010101001111010010111011101011
010010110000100000011001000011001001010101000110011011100000
101100001001110010000001100100011101010000000011010000010101
001000011010001011110100110110000111001110010100011100100001
100011011110111111110100101101000101101001000101001000000011
010100111100000010010010111010100000011000111111010010110101
001100110101001110100101101001001010001011111001001010000010
011001001111100000001100110001000001111000011100010000101010
010000010010000101010101100011001011011011110111001010010001
100110110010010101101001000101111110100001110110111000001100
001100011110011010001110001000111110011010101011110001011010
