101011010110100011011010010001011001110010010100011101111111
010011101001111010100011101101001111000101011000100000011111
000110111111001110111100100000111100101111000110101110100001
110000001010100100010000101010001000001010101110001110111110
111101011101000000110001011100100101010001100100111000100111
000000010000010000111110110101001010100111000010010101010011
110010011110110111010011001000000000000111101100110011011100
000000011100010011000001111111011100111011110101001001100100
010111101000011010010111111001011110110011101110111010000000
110111111010101011101011001011111111101001010110101001010100
000101111001101000011111001101011110010100101111001111011000
000010110111101011000000111001100100101011111101000011100010
010100101111001101001011111000101001111101011000000000111011
000010111110101100101011010000010000100010000100111010001101
011000110010010110001001010100011100110001011000100110000110
101110110100100001110101000001010011001011111010111011111100
011010110110001100011110010101101101111000001100110001010001
101101000110101110011100011001010000100110110110010110111100
101101011010010111110110111000111101001001110110010100001100
000011100001001111101000110100101001101001110010111101011000
101101010010011110101101001101011101000100000111101001001101
001011000000100011110111110011111111101100011010110010101010
110110010001100111000111110001011001100010110101100011101001
111010100010011111111111100000010111111101100110111111110111
000011111001100000101001101100110101110010011010010010110001
100110001100001111100001001101110101001000010001011000100101
111110000101010010111111010011101111000011101101111111001001
000111001010001111101100011010100110000010010110100010011111
100100100010010100001110110010010110001100110001000011101101
011111000101111000111101110000111100011100010100001110110100
110010011001011110101001000010010110001010111111001001000001
010101011011000001110101001001111011101010010010100010111100
001010011011111110100011000001011000100001100101100110101000
100011010001001010001100110100110011100100011011100001110010
000111001101111010011010010001100000001011111001011001111110
111010001001010110010110110000111001100001101010011001000010
001010100011001000011000011111100000000111011000100101001100
000010101101001000100001111001010001101010001000111000001100
001111101011111101101111100111001111111001010000000011110011
100011101011000101100101100010100011100111100010110111000010
