110110100100000110111100100001000110110010110000111011000100
111101100000011110011001000001111000011111110100111000011010
011001110000111011100001010001010101100000011110110011101001
111011111011011011101110110011101101001000100110100100011101
001010101100100100111011111000010010110010111000101011010110
011101110001011111000011000001010001100101111001101001011111
111000110110010111000100001101100111011111110110010010100111
110110101001110101000010101001001101010110100110110011100011
001010010110011000010100101011001010010011100011110111001010
111001000010001110010010101011111000101000101011001100101100
010001000100001010100110010111101111001000000110011100101100
000110111011011011011000101100101010001100111110000011101110
101101101111100001010110010111000001111010000010111011001110
011000100011011111000011101001011001000000010010001011001011
000001101000110000110011100000011010011010100010001110111011
011010011010110001110000110010001010001110110000000100000110
110000111000010000001010111000000001010100010000000010100100
011110011110111100110101101101100101100101101010000001101101
101010001111001011111001000101011101011010111100111110011011
001001001011010111000101001100001010110000101101010001000101
100110101110011101111100101011010100100100110110001101000110
010101001000001010010111110110110100110101110111110000101000
000100111111001110101001010010110011011111000100011100110010
000011100010101010001110100001001001011010001111111111101011
110001001100000100011010011010111010010101101110011011101110
010110010011100001111100110010111111111111101111101001111100
011000101101000001110011110011111001101110011111100101010000
010110100000011001100001100110001000101010100101100101001111
100101110110010110000110000000110011011010100110110011010111
000111001011011110100001000110111110011100111011110101001110
100001001011100010010110001111011001010111110010011101010110
010110001111101001011011001011001010011101010100010111100101
101101001000001110000001011000100000101011100100100001010111
011110100101010101010101010111000011111100101011101001101010
001101100001010110010000101101110111110110111011001101101010
101010100001000101000101110110111111010011110001011111111110
001110000100010100111000011010000001010000101000010100100011
000000011001100110100001011000111111100011100011010110110101
111001000011001111111111100010111110100011010011001110011111
110000001000010001101100101001101101100100111001111110111100
