110100001110110000101001111000111001110001100110001001100011
011010111001110000001010000010111111100100010111001110011100
010101001000100000100100101111010011100001000010010011010001
111011011100110110000111000100100011010001001100000010111111
010011011010101001111010101010100100111111110000110110110011
100101100110111010000101110000100110000001100010001001101010
010101010001011100011001000001000100001111110010010111001001
110011010001011101100111110110011110001111100011110111011011
111100111000111010000001000000101110000010110110011111101001
010110010011110000000101000010100111010100011000011101111110
010011001001111111101011010011101110001010001111011101011010
101011111001111111100001000010010111101100110100001010000010
001000111101010011110111011100000111110001011010111101100110
000011101110011000100010010000110011100100011011000010001010
000011110010001100110100110111101001110000001001000101011010
001001111011100011101110110010110000010010101111110000101110
001101001011101100110111100100011100001011110000100111111000
000010100110000111011001100111010101111110011000110010000010
011100110111101110110011100101010111001111000110101101100000
101000010101001111100111110101110000101001010000000101101101
110001100101011010110010111110110011110110100001110111000101
011100011010010101000001100011111000010000101101101011010100
011101010000011110010011110110000101000010101010111011000001
001000001100111111100111111101001010010100001000101101000111
000100110111101100001011010010101001100100110100010111011100
100000001001000110011011010100101101101110000011110111101100
010011001010000011100010011101011010011111010001111000001000
110010111100001111000101000011000111001110011010000001011011
001001100100010101011001010001101101011101011001011100101100
100111011100011101001010111010110101101011000000100110101101
100111010001100010111011010011100001001011101100000100101011
110000001001010001001100100101010101101000101011000000110011
100000100100010110101111000011001100010001101011111101010100
110001000001000101001101110101100011101111111000000101010110
111100010100101100101100100000000110111110011001110001111101
101110100100110111011111101100001010100000000001100001100101
100000001101011000000100001111010100010111010001100001010110
110101010110101000001110100111010000101000011110010011101111
101111001101010101001100001100110111001111110101011000000110
110111010111101011001100100011100110001001001010001011111010
