100001010100000100000010001100011001000000000000111011110011
001111011111001001111110100001010100110000101100001001101010
110001000111100101000100101001011001000100001011000011011001
100011110101100111101110010000110010101000000111111100010110
001011110111101111000011010111110101111000111110001100110010
100001001110101110001110011011101001010111001001000100101010
000000110100101100111101010010101011001010001000101110010101
000011101000001001000111000010101101001001001101001100001000
110100111100110001111111111111100011001000000110011100010000
000010110000010010001001100111001011111011110011110101001010
011101000001101001111011110010001111101000001011110010011001
000111010111001110111101000010010010001011000000111001110000
111000011010110010000101101110101001000011001100001000001111
000000110110000010101001110010100100110100011101011101100100
100100001011111010110110101011000010101000010001101110101010
001010000000011111011100001000010101010100000111111101011000
000110000110100001000101011100110111101011111010111100110100
111011000110111010110110101000000110001001100000101001101100
011011010000010000010001110010110111110100011001001010111101
000010101001110110001101110101010111101011001000100011111011
101111100111111110110101000011100011001011100001010010101011
011011101101010101001111011101100111101110111000001011000000
100011111010000001011111111001110100110001101111010001000101
000100111010100011110011101100010111100111000000011001101100
101001101100110111000111000010000101001011000011100010010110
001101010011000100011000111010111111101101001110010010111101
011001000010110101111001100011000010101101100010011011011101
011111011010111100001000100000101001111111011001111010000011
101000011111001100011101110100100101000011110010001010001111
100111111100010110111000001101000111010110111001101000000101
111101110010100001011110100011000000001111001110101000011111
101011101110101101111010001100001001000100011001010100000110
000011111011010100111101000011011111101100011000110111000011
000000001010000001000000010010100111110001101000001101111010
000111001101010010110101110010000100001100101011011001000011
010111100110101001100111000001100111010110100000011001111110
001010101011110001000010001010111011000100111101111010110111
011000011011011000110010000100101011010101110011101101110010
010000111101010011100100010110010100100110000010101010001011
100111100110100011010100101000010011010011101010111011110001
