101100100000000111001001111000100011111111011100011101000010
001101011010100000000011111101011111001000101111000001110011
011011010111011000001011111110000000000011111110100110100110
001110001110101101010101011110111010111010101100101000110101
100101100100000110010000111100100110011001100000101111001011
011111001001001110010001010010001001111101010011101110000100
011001110100010010100001001011100100001000011100001001100101
110111101001010110011011000011101101110110100000011001001110
010100110101011000110011110101010101101010101010110100111101
101110001100011111111011001011110011010100010101101011001000
001001110011010011001101101101000000100100111010001101101110
011001011101011110110101100111100100100101000111011101011100
110110010010001110111000100100010011100110001111000101010101
100110111110101000011100010111000101011010010011101101001011
100100101010111001110010110110010101111011101000111010110100
010000101101001000010000001100111011011010001000110101001101
001111010001100010101110011110110110110111000110101110011010
110100010000010100110001101100111010001100010000010100101111
001101110111001000001110111100101001000101100100100011111111
100100110000001100000111100110111011010001100010000101011110
000111110001111010011111011001110101001110111111010010111010
001111100001010111111100010010100010000111100000101010100111
100110001001100001110101111101001101000110001100001100111011
000010100001100100011111011010000010101001011001110011010001
111110000111011000111110011110000011000000110110111001101010
011000010000101011110001110000111110100101101010001010010000
011001110100111100010001101110111110000010110001000101011010
110110010000100001110101010100101000111001000110111011100000
111111100101001100000111011000010101011110001101110000100010
100001000000100011100011000011100011101101110100000001000001
001110001010010000000100111100001010000110011011111010010101
001011101000110110000110000110001110001101001010110011110010
010000111111000011010110110010110100011000001110111110110010
000111011011011110101111110110010111000111111011100001010110
010100001010101001011100001111101111010010101111101001100100
110000001001101101100101010000011100110000101000100000110110
101001110111011111010000001100110110010011010000011011000110
100000010110111010000111101101111100010011010011011000101011
100110000101010010001100000100111101011010011000010111101010
000100111011101101011100011011010001101110010101101100010001
