001111011000001101000010101001000000100010000111110010110011
010111100100111011001011111111010100001001000100001001001101
100001100011000111010001101111001001100100001011100111111001
011110001110110001100100100101100111101110111101110111011110
110010100000100101000110111010000111001110011000100001011110
011000111100101011110100000100010010110010000100110011010010
111100001101010011100000001001100010010100001110101010001000
110000000101011111010101110000011101111001011111110001000101
001110001001011011110000111111011101011010111010001010110001
011000010011111100111000011000110010111101011011111001110100
110110001011110011011101000011000011101110010010100111000100
101101001110011011100110011100010000001101100001111110111101
001011101111010011100100000010110110010001111001011101010110
100100110000101100101011010110000001000010111100000010010011
011000101000101110000000001010011101101100001000000001011111
101000001100100010011011011111010000011111010111000110110000
100011111100000101011001001111011010111101110111101100100001
111110011101001100111100100101100010000101001100101101110110
110100111100010111001011100011000010001011110111001010000110
100000011011011101001010001101100111110110101101100000000011
100100111000101110100101111101101011010100110110000111101100
000110000100101010110010110101111000000110100011100011100110
010100011110101000011111001011101110100100101010011100101001
111100100000101010101101010011000011101101111001111010110000
110111111101001111101101111111111111100001001111110101010000
010110100111010110100000011100010001111010011111111111011011
000010111000100000110101011000010011001101010100010011101110
100100110010011000100001111010011111110011000001110010011000
010100100001101111110110100101011100000011000011111000001001
011010011011101011011110011001001001011011110001111001101010
101000110101101111000011110010100010001111001111001100000001
110100010010110110001010010001100000111111110111001010111000
100000100010011011110101111011100110111000010111110110001011
010111001100011111011110010110101100000100101001000101000111
010011111101111111001101101001111001001010000011011100101010
110000010010110010101101101111100111110011011011000010001111
010110001111011111010000000111001111011001100011110001100110
001011101111010101001110001001110100011100100010100110010011
010000101101011110111011100101001101000101010101101010010011
010110011100011000011010001011111011011010000101000011110001
