110000010100101001000110010010100000100000000011101110110110
001010010001001100010111100110010011011100000001001001000110
110000001111011010000111100000110111100100110100101101110111
110110100111000010100011100001010110110000011001000100110101
010001011111110110111000010001101111100010101011100111011101
111001000010110101100111010100100110101110110000010000010110
010001001000110100000110110110101011001010110111010000011001
110111111010101000101111100010100100000111111110010111110101
111101110000100010010110000101010001101111001001110010100011
010010010110000010111111001100111100011110100101010001001101
001110011010100100111000110101100001000001100011010000000011
100110000010001011001001000100101100100101100100110101111001
110001011001110001111001101001010101111010111101000010010111
110010111110110000001000011110100011011101001011001001001000
010000001110110100100110011010100000110001010101101100010000
001010001101111000010100101010001110001001110111000001101111
110100111011111110100111111010001101010001100111011011110111
110001000000111010000110001100110011110011100111001011101111
111110111010100111110101011100011011011110100010110010010101
001110000011000011001010011000000010100111001101100000011000
010110100110000010010001111010010011001111010000111110001110
010101101011011110011100011101111100010110000000111100000100
101101111010000000011010011010001001000111101100001100011110
001010001111011110100111011111001001001110010001111100010111
001011001110010100101111000000001111000011111000011000000110
000000101101011011011000111100000011011100000101100110101111
010001001110100111001100011000100100001110001100010110010100
001100101110011111010111010110001010110011111101011100111100
110001100100110000010100100101010000000110010111011010110110
001000010100110101111100001110110100110011010111110100001111
111110110110001011100000000000110110010010111110100000001010
000000110110011111110010001110101101110101100011000100111101
010111000010000110111010111010001111001101100010000011110011
001001101111101110011101101001100010011000101011000000111111
111110111000011010110111101110100111011100110010111110010010
001101001100100000011111101001100010010101010001110110010110
100111000111001100110011110101001001111001011111011100100000
101100111101111000000010001011100011000100111010011110100001
110110110001001100001100111011111001011100111100000111001110
010001000110010101110011010000000101001101010011101011000110
