001100001110001101011111110111010110011101000011100011011010
110101001110100010101110100101100111101010000010000101011001
101001000110111010000101111011001110111110101000010111010011
010100000011000100100111010110001101000110100001010001011010
110111000101111100011111001101110010110011101010100001110001
001011011000110010101101000010011110100010100100111101101001
101001001101110010110101101110000110110010110001011110101100
010011000000010111110010001011101100000000101101111000101111
100100010011100011001111001001000011110110010000110111110101
101011111111001011010110110100001010000010000101000110011001
000101000011101111100011111111010101001100011101111000111011
110100010010110110111100000010011110101011111111000000110101
111011000010110110010010110010000101011001001100110011011100
011011010100100111100010010010101100111110111110100110001001
010011100001010011111111110010010010110011001111011110110000
011110111010100000000001101011010000100000110000101100010000
101101111010011100000000111001101110010001101100110011011110
001111000010101111010101100011010101110110101010001001001100
110010010011011100111001101110000101010110101010011000011000
010100000011000011001100011100100111001101010010000011101001
111010110000001110101110100001001001011101101100111000111111
100010101100111100101100101000010110110011101111110101000001
010010010111000111010110101001101000100100110001100010101101
110001100110110010111010001001001011000101011001111001010001
011100101101001101111100111111010001011010100010001101110111
110010111000000010000001100100111001101001010000101010110000
010110100111110010010001011011101100001100101100100011011010
010011110001010100110000101001111110101101011000001010111010
011011111110001100110111101111100000000000101000111000111001
000011011111111000001000111010001001100111101110010000000001
010101110000111101011010100000000011111101000000111101000011
100000110000100101101001001111010111001111111010011111110101
010100111110110110011100100001110111001001001011000010101100
101011110101110011001111010011010010000110010011100001011100
001011111110110000100111100010101100010011011011000100000110
010000011011000111010101101100001101011111000011000100101010
001010010101111010110110111110001110101000100010001101101001
100100101101010110000100010101110010111010001011010010000110
011000111111100101111001101101100011100110001010101111001010
011001111111010011010110001001000110000100100111001100100100
