1011000101101010001001011110011111101111101010001100100110111110011111110000010101110001111000110100
0000111100110001101101010010110111001100010010110110011011100111110110100000100101001110011011111011
1010000100011000110101010101010001110010101001000010000010111011011011101100100000001010001010110000
1011000010000110111000110001000001100110010111111010100001000111011000111001011101100011000100101111
0001010000000001101111100011000111100110000010111010110110011110110011001001000111011010110010011111
1011111010111000111000001100000100111111011010111000010101000101010100011110001100000010000100001110
1010001100111111100100001111000000110001000110111011011001000011010000110011101100000101011010010000
1111110011001101111111001001111101111100101001001010110110100100001001001000010001000111111110001110
0011000001100111011010011110011010110001000001101001000101000010011000010111111111001101111001010011
1000010111001101101011011110011101110010110100010110100100100000111111101111110010001110010100111101
1111110101001011000101101110110100010010001110000010000101110001111101010110111001001010100101110100
1000011010110010011011101100010011001001001000110101000010111110110001100001011111001001010101111110
1010101011010010001100100001001101111100000101011010000101011101111111100111010011101101111001100010
1101110101100000000111001000100010110000101011010111010111111111001110110111100010100111110110011111
0011101001101101000001000011001010110001000001110001000101011000000111100110111001100100100010001101
1011111111010011110000001010100000010101111111100011111110110101110011011101101000000001111010101010
1000000110010001011010000001110001011010011010111000101101101001001001111101111111111100011001001111
0101011011001011100101100110000101000011001000011010001110101101011111110100000111001110100100110101
1110010111011110110000101000100000011010010000101001010011010011110111111110011001000111001001011010
1101111111001001111101000001110111100100010101000111101011000011011010111001010100110101101101001111
1001011110011101100110010000000010111001010101000001001011110000110000010111100110010100100101111110
1011011001000011010111011100111111011110110000001100000100011101111001001101000001101100110000000101
1100110100010011010110001101011111010000110001100100111101000111110001011101010100001000000001100100
0100110000001001001110011100011001011101000010001001100010011011000001011111101100000100011010011101
0111000010011100010111011110111101010001101000000101111000101000111111010111010001111100110010101111
0000111000110000010001101101100000010000001011111001100010010100101011001100010100100100010010010010
1011100000000110001101001011111010011101011101001100110111110011000000010100111101110110111111110101
1100110000110010001011101111101010111100100101011011101100011111001101100110010111010000110011011001
1010001010001110101011001001100101100111101110101001000001100001110111000010110000111000100010110110
1011100000010000101111001100001011101000101110111110111111010010101100100111010100100110111001110110
1000000110010110110011101010100011010111110010101110110000011000111011111000001011110001110001101111
1111101100000110111111100010100111100101101011110110011011011011000111110001111110101010011000101010
0000010101100111000101111010101001000101000101110011011000100011000010011010010000001011000100110000
0010110100101101101011101010100100010100110000001010000001101110001100000111101000101101001100011110
1100010111101010000011000101111111010100010011010001000011101010110111010001100000010111111111010000
1001101100001011000000001100011110001110011011000001111011010010001110110101011110010000010100111100
1101001011111000101000111010000011101011011100101101100100110011000001011001000000101000111011111011
1011000110011001110000110110001010011100011100011100111100111011010001001010101101011000111010111011
1111100010111110110111111011110101000111001010011100001101011011101011101111000111100100000010000111
1100100000110000110001011000000000011101011001101101101111110100011110111110011001110111110100101001
0100110010010001000110001111001010100101010011001001000111110000011011110011110110010110111011010001
0001100110100110101000000001001111011100010010110010110101110001111100101110110101001110000011111000
1111100001101110001101000010110101000010000110000001111111010111011111101011100001011110110010010001
1011001011100110000101000011101000101110110010101110011101011010110001101000111010110100011001111110
0011011010100110000010110101011110100010100000011110010011101101000011000000001011010100111010010001
0100000000010010000011110010111000100010110001100011100100101110010100101111011001000011100111110111
1010101101101101110011100010011000110111001101111111000101011100110110011010011101000010001100001000
1110000111000110010000011101111000101111101001001110111100100001010000101111100110010100011111011110
0100101010010100001000100101011101101100000000000001000010011111011110011010010011100001110000001000
1101110001111110101000101001111001101011011010011000100000001011111111101111000000000011101000000001
