100100111001100111000001100111011011100011111111011010001010
001001111100101011010000011010101010100001110000110001010011
010001101011001010100010001011001111010000000000101000011000
111110110001001100010111110000110000101100010100001010101011
001100010111100101111111111100001001111001010110010101100100
000010001111010111101111111010000000110111011010011110010111
101011000111101101011111100100111101001101010010010101011101
011101101000111011000101011110000100001010101110010010110100
111100010101001110101000011000000001101111110111101110110100
010101101010100000100001001010001001100100011001000101100011
000001111101111000000111001100010100010001000101110011101000
000010100110111111000011010010101101111010101101101101011010
110100101001001101101100100000001010100000011001111011000001
101011001011101111111001011010100001100100011100110001010011
011001001110000110101111001010011101011000111000100100101110
001001001001111001010001101011000011110111110111010000111000
010000001010110001111000110101100110010111111111010110000000
111110100100100111010111001011111011110100100000101011100110
011000110101001010111001001111001110111100010101111101101110
110011100001000101010100011001010101001100010011001101000100
010110001000000101010001111100111010010000111110101000100011
111111001111111101000110011001001110101010111000100101111011
001110101001111011000010011101010111000101110101101000110011
011010111111110111010010111011100101100101000101110001010100
111001111011110101101111101110100111111001111010000110101111
000011010111011100101001011001110000010110001111001100010001
111010011110011011000111001010111111011100001000000100011110
010111101101001101111001001101011001000001101101000110110100
110100001111100000100001010100001011111110111001011011100010
000110001011010000101000110000010001010000001011000100111001
011010000110101101101110000100111011111100100011110110010000
001011010000010101011000011111101001101011011010100100111110
110101100100110010011100110101000000110110101000010000110011
011111110001110100011111111111110111000010001001101100001101
000110000011100101001011011110011111000000100010011000011001
110000001010010000111111101010101001010011011100100011001101
101000111001011100110110001000010000101010001010100011100010
100110111000101010111110000001101110000111001000110101011110
010000010111100011111000111000111110110100110010001100111000
110000000011100111001100101001011010010100100011011111110111
