101110011001011011111100010011010110010001100111110010101111
011100111110000001000110011011000100010111011110001001101010
100110010001010000001001110000110001010110110101101001001011
110001111110111111000001010110011111111101010011000111110111
100011100001011111101010101111001110101010111011001011010111
010001101010100100111110100100011100100101011010101100011110
101001001100101001011101001010011110000101101010001000011101
100011010101110110100111110111001111011001010011111100100000
000100010111111010110000010011000011100000101101101101110000
000100101000011010001101011111111001011001100001110111001001
010000001110000101001000100101101010111010010101011000101101
110110110100010110001100001111000001000111111110110000000101
111100101011111001000001100100110000010100001001010111100111
111111001100101000110100110010000001111110110010100011100001
100011011001000100001011101100001000010001111001001111010111
110001101110001101001111011111011010000010010110010000010100
011111010101101011110111110111111100011100000010000000110011
000001111110000101100100001101001000110000111100110111100001
000110100001011110011100001101101010111111101001111000001101
101111011010110111111100000110011111000010100001101110100001
101110100001010001001111011001010001101010011111101011111111
110101000111010001101111110100011010100000110011010001110110
111010010000001100000110100010110011000000010001000110011011
110101001101101101110101100011101000010001000001011010101111
101101101110001100110100100011111001011000001100010111010100
001001000101100111001111111011101100010101111101100110000110
011001011100101101000101100011011011110011111011101001010010
101100100101101011101100111100110110011101011110111011101101
001101111010111010001001100010101000101100101101000101011010
110010100100010000110001011110111010111011111101011000011110
111011010110001010001001011110010010100111001101001010010110
010101010000000111110000010100010101111110000011101001010110
000110100111100011000000011111110100000101010011100010100100
100010100011111101100110111000101100110101011110011000011001
011011001110001000011001110101001110110111101001010000110011
100000101000011010101011000100101010011001100001111100110101
110111101101010100111111101000011110101010011110011010000101
110001000110101101100110000110100010010100000000101110101001
011111011001101001010111011110101001010001011001010100111110
010100101000011010000000100011100010110011100000011011111100
