101101100000101011100100010111001001110000001110110011011100
010000100000011110010110011111010100111101001100001110110001
111010111100010101000010001010111010010000010101000100010000
010110100000111101010000111011001110011000110110010000001101
101100010000101110111100001011010110101110000110001100111101
000101100000000010001011011011100001110101010000010110010000
000101001101110111001101010001001110101110110010101110000100
101110000111011011110010000101101110101111010010011111010011
111010111110001000000101001001001100011110110110100111011101
110110001010000011001000000100011010010111111101011101100110
100011101011001101111000101110011001101000000111011101000100
101110010101010010100000110000011110011010100111001010100000
101100101110110010001101101110011000010100100110110001101110
100101111110011111010000001101100001101001001110011001101100
111110100011111110001100010011010110100000000011010100100110
001101011111110100011100010001110100110001110011100010100100
010111011011101100111100100110110011010010100000110101111011
001010100100010100010010011101111101000011110111111101001010
011001010011000000110111100100011111101100000001101011000010
001000000011011011110011110010000100101011000001101111001001
111100010111111111010111111101010011111101010101001101111110
111010010011001001010000001110000000100110101111000010010000
010111110101010000010101110010111010010111100100010011010001
100101011011010000001000001100110010000001110001011010011101
011011101110110011111111000000101110001100001001111010011010
100000011110101100110111001100111111001110111010110111000011
001010001011001010101100100001011100011010100001000111010000
001011010001100110110000111011110011010000101111001100011110
110011100101110010001001101111000100111110001110000110110110
010001001011010011100101111011001111111101111000100111111101
111000100100110101011001010110110101111001011010110110001011
011000101100111010011100110011000111011001001101110000000110
001100101001011100111111001110000101111110100001001100110000
000011000111000111101000001010011011111011001111111101011101
101100111001000001110001111011010010001100010001110100100110
001101001111010011111111100100110010100110110100100000110110
010011100100110010100111011000000100100100101101001111101111
010111100110111111011110010100010000110101010011100101100100
110100101111101001100010110111111001001110110110011000101010
101010001110110111011001110010000000101110111011011101010111
