010100010000100010100010011111100100101000110111101011000010
101100000101110110010100001010010001001000011100100110001101
010001110001110001011111110001100101111011001101111001001100
011100100010101111010101000001110111000000000011010101101011
010110001011101001101010100101110110011001010011010000101001
101110000010000100011101101100101101110000010110110010000100
011100010100101011100010001000111100010100111011000001110000
001110001010000110110001000011000010100100010001000111001101
110110101011000001100101011001101011110110111011101110000001
110000100011011110101101101101001011110101001001011011000000
100011010101010000100001101000101100101111101010110100011010
010011001000101001010000011000101110101001100001010111101101
000000111010110010010111010110100101010111010000011110001010
110000000011001010111101100010010101111111011100001011011100
011010110011011111001101100010111110000101110101011011111111
001110000111010000110010110111100111110101011100001111010101
011111100001001001000110111101000011100111111011000011000110
001101111100010001100111100100111011010010000011011011000011
110111101111111011110110011001010100001111000100110011101010
001100110000101011000011101110010000000000001100110101110010
101110111100001111011010101111101101010011001110011110100101
001111000001111001010010001100111110010001010010010010110011
010011011101110000111110111101100101100011111001011010001111
010100010110101100011110001001101111101110000001100111000110
001000100111101000000001101000101100101000000001000101011001
011110101100100111100000101101100000000100000001001011100100
001001000011101001100101110000001110001010111000010101011110
110001110000010100010001111110111001001010100000010001001000
011010100110100110000100000001011101110001011011111010111010
011110011011110101100100110100101010101101010110111101010100
001110001000101100011101110100001010111111010100110100001101
101000111110111001000011000000000001100001110100011000101000
100011100111110111100011111101000110010000001011000101100001
100111010011100100111101000010111100111111010000110011011101
100110011111101101101001000010001101011101111010010000110000
111100001000111010000110001111100011110010010110101010100011
000100011010010010001111001001101001111001010000010101101100
010011000011100110101111110110001000010001101011010111111100
000111011101001011110010110110010101010111011101000100000111
000001110100011101001111000001000010111111011110111010000000
