101110011001010010110011011001100011100100110000000111000111
111100111010011101010010111100011000110110110101010010011110
110101101000011110110010001000110000011000110100011011110101
001110110000000110111100110010001101011010101000100001001100
010011100000000110111100101011110000100011000001101111101100
111110100001101110110110101000010010011010111101001001111000
110101010111000001111001111010001111100110001110011001011001
000000000001100011010011001100000100111011001011101010000110
010110001111101101010101000001000100111101100000111011010111
111100010010101100101011100110100011001010010100100100110110
001000011011101010011001011011101100101011000001110101110010
110100011010101101111100010111101010001101110100111001010110
011000111111101111101001001011001101111100001011111100101111
101010101000010010110111111100010110110000101101111110001110
110111010110110111101101101111000001001100001001101110110100
111100011111011100000110101110101101001000010100100101110011
100010010001001100001110000010100111101110110011101100111011
000110000000111111101011001110001101010011011111010101000000
000000001000001001000000101111001011000101110101011100101001
000101010101000111100111100110100101110100111100111101110000
100110010000001100011010111000010010111001111000011010001010
101110001111000011010101111011000011100000110111111011110101
101011111011001110101110011000110000101100110111001111000001
010100100001111001110111100101010001110100001110001000010001
111011011110011100011100110111010010100010001001100111010111
001000100110001100111000101101110100011001101000111011000011
101101000010110010001011010101110100111000001101100011100000
011011100011010110011101111000100101010101101000110010000101
011001111111010101110111011010101010101001111001111111110111
011011001111010110100110110010101001001100010100000101111111
101110111010110110111100011010001101011001110011011111011000
100010111000111011110111001001101010000100001000100111011010
100111000011100111011111010101100111110110110011010100011101
111010011111000001001100111001110100101001000001000101001010
101010000001101100100000110001100100100010101011100110101111
100100100101000011001101011110001110110001111110111100100101
010111000010000001011101101000110000001100111000001101010001
010011110011001011111011000100111001001100101110101001000010
100000111000100111111110000101010100100010101110100111111101
110111101000001110110100000000111110100100110101100100000100
