001100110010000100111101000011100100100001001010110110101111
011100011001100011001011011011100101101101011001111101011001
101100100010101000000110100110111101100001100111101101100101
001100011000010010011111000101010011110010110000100011000101
011110010110000110111101101000111111110101101001111110011011
001000101001100010110010100000011011000001001001010011110111
001100111000101111110000000000010100100001010010011101100001
011110111111100101111100001000010010010011100011110010110110
000100001011100111000001010010101100111000010010101001100100
111110011111001111000001111010111111011000101001111001110100
001000101111000000100011011010111001000111101000111101010001
000101011010000000011011100101011111010010110100100100000010
111111101100010000011000110001101101010101111110001001100011
001010010000011000100101111011111001000000110101011001100101
111011010111000100110101011110101010101010111101011011101000
011101110101101110100110101100101110110110111101101010111110
110111001100101111101001010000000100010001110010101011100101
100100011100101110111001111011001100000100110010100100101000
010010111000011001101000001100000000001000001001111010010110
010001101110000100011011000001011001101110100111101010010111
110000011101100110010110110011110000110010001110000101000110
000100110110101010110110100111100011101000101100110000001110
010010011010110000001110010010011110110101100100010001011101
001011101010100001111110111101001110001000001111100001100000
010101001000000001001011001111000111110011001101101111100111
000011011111001110101100110010110000010101011111000100010010
000111000111110000110110101000111111011001011111100000000010
010001110011000011101100110111010011100000010101011110111001
000110110100100001000100011100101100100100101100110011101011
011111111101101001110101010011001110111001010110111001100101
000100010000011001101001011111111110101010000010011101000010
000111000110000010100110001110011000000101110010100000011100
010001001100100001101001000110110000110100110001010000100000
100100010111111010011110111100010111101010001111111101101111
010111111110111011000000000110110101111011011111100111001001
000011111001110101100000011101100110001110101001100111110111
001100100001001110111011001001011000111011001110101011101001
010101101000111100111101000100011101110010110001001011001100
101110010010001001011101001000011011010101100101101010101000
001000110010001100100101101001001111010101011001000101110100
