100011110000010000001011111000110110110000101010110110110110
100101110101000101010011010111000110001100110010001100101111
111000110111001000000001100000101000011110100110010011011001
111010011101010000011110111100001011000011111110010100100000
011100011111001101100000010100101100110101100101100100010110
011101000101011001101101001110001111000001100101100100101001
101110001001011011110100001110111100001100111011000110011110
011001111000100100110100110110100011100001111010111110101010
011110100010100010010110100001101110010010010000111101111010
100011110111010100010101010000011110100101001011000010111011
011001101010001011110111000100010110100001101100011111001101
100001011100010101111001110110111100110110101100000010111111
110000011010101110011011000100000000010010101110011010110010
111011110011101000110000111101101011111101001011111000000101
100010001011011000011100001001101000101110000100000011111010
001000110111111011001100110000000000110010101011010111000110
000000011000001100010101000011111100010100100111101010110000
100101111010011000100010010000000100101000100111000111010110
101010000000011101111000010100100011010110110101100110111001
000000100100111000011011011000011101110000001000110011000010
000010100001010110100010101000001000001001010001001000010111
111000110011010000010110001111011000010000110110011011101001
010001100111011010110111101000110000001100110110110100110110
101101110010000111101011000001010100111100001010101110000101
100000101001100010110000010001101011110111100010010000101111
001101111100110110010000101011010011110101001101001000011110
000001000101110101100101101110110000110011100011111011101110
011010111011000001001100101111001100010011100100001100110110
000011000101000000110100100110110101011000110001000101001000
001110110000110100011100011110011010110001101000100010111001
111101000000110110110000111101001011011010001011111101011000
000010010001000000011101110110001110101100001000110101100000
000010110100110100001110101100101010110101110010000000111101
111110101101110011100110011110110010101000111110100001010110
010100011100010010001101011101010101110011111111110001000011
010100010111101101101010110101001110100001010011100111000001
010010000101010000110100110011110110111101010110111010100011
110101000001111101011111001100110010101000111110010101011010
100000110111110011100011101001111010010110100011011101111011
111010011110100010000001111100110010001010101001101100100010
