110001011110000001010011010111011100100111001011001010010101
111011010101011100011001000110000111110000001111000011110100
010100011010111011000111010110011010100000001111010110101010
010000111111111000011100111000010111001101100011101011110011
001001110000010101100000110000100000000111000010101100100110
000100111011100100001101001100000010101010111111110010100010
110001010001100010000100000110001111000011001001111100011000
011101111000011110101101100110010011001010111110100101110011
111111010101000000000101000101111011100111011111001001111011
000110110001100100111110101100010110000101110001111011110001
110011100000011110010001000100110100000110110000001110110011
001111100011111111111001110101110111001111010110110010111101
111100100110111000110000101111011010001101110000110100010000
100000101001110101100101111110111100100011111101011101100100
101111111000010000001011101111010100110000110101110100010101
111000110101111010100011100101111011000001110000010101111010
001101000011001101010010110011111100011111100110110100001010
001101100000101000011110100001001011100110110011011000100000
010110011100010011010001111010100100110101111000000100000111
111110111100110111110110001101101110110001111010001100001111
100011100101010110111010010000110011110011001110111111111110
101010100101101100110101110101011100010101010111011110101000
001101101100111000101010010111111011011111100010110000011011
111001100000110100001101011111100111111001000101011100100101
010111010100001110011000101000111001101010001011111011100100
100000000101010000011010100101011000011011111111111000001010
100110100110101011111111101100000011000101101111101111000100
001111111111011110101101000111011000110110000000111100111100
111100110011110100111000000001001010100011010110000101001111
101110110111100010000111001001101011001100100101000110100001
110011110000010010010011010010000001011011010111010101001100
010111100110010010010001001000010011100011101000101000101000
000000111001001111010010010110011001011010100001110100011001
111101110111111110100001111000001110100110011111001011101110
010001001011101001110101001101011111010101110001011101011010
110010000000000011101011001011111001101000001110011010110001
010101011101000000000010001100000000001010000111100001011010
101111001101101110000010010000101000101100110011000011111111
001000001001110010010011011010011000110000101111110100100001
010010101000111000111011010110011100110000010010111001100111
