001101101010010110001111110111110001101001000100101000111001
111110101101001000011001011110101101010101101000010110100101
001001000011100011001100101000110001111101001000010011010101
110011000010000101010001100110111010011101110100100111000011
110111110011001011111000011111000011000111111010010011100100
011101001101100100001110101011010000010011100100010100011010
010110010011010000110100011110110111110011101010011100100010
101010001101110001000000101001010110101000100110100001110110
000011010000000110101101100010101111111110101011011000100100
100001010110111010000101001010110110001000000111100011010010
101110001110001010000010011000001011001011110110010011110111
001000110111001110111000101100001010010000100000100001011000
100011001100101111100010101000100001100010101001010010001101
000001100110001000100110011101100111110010100111010110111000
110001011100000011101001111101110011100110001001110110111001
111100010110111011011010101011111111110000100010010111000000
000001010101101011110010100010010111001110111001011100010011
001110111111100101100011001010110010010101000011000100010001
111001000010000101010110001010110001100001110100110100000000
100000011011101110011010111010000001101001000110001001011000
001000000001011000101001110011110100001100100101000110011111
111000100011100110110110010011100111000110111000110100101010
100000001001111011111111110010101110000000011000011111001000
100011001000010101010000001101001001110110000010100101001110
110010000111100100111001110000110010000110011101100001001101
000111011010011011110000001100010100011010000001101000001100
000011000001001111011010110010001010011000000001101011011001
011010000011001110000000000001011011011111100110100000000111
111101111000001010110010001110111101001011010100100000000111
101101101001110101111001011010110010101011010100010111010100
010110011010100111101011011101010010001110011101000110100100
110100111111011011100001100001000010101001000101011000000101
000111010000110011101011010011100001000101010100001101000101
110010011011010111111010001100001001001010010001000011001100
001000110011000011100101011010111011100001010000010000100101
101011000100011110011010111100110010011110110011011111011101
100101110100010010010100101111001000001001101110000111000111
101101000110110010100100011010010011001011011010000101100111
011001111001001001010110110100101011100000000011111111000001
110100011001111010111101100110001001100100001001110101001001
