100100001100101100110000101000000101010011110001011010111000
110000100101000100000100000001111010010110111000111010010011
111011011011101001111110011000101000100010011111100010010111
011100110001011101110111101010010101010110010011111010110010
001001100011100101000010000100001011101010000111010000100011
101011011110111100010100110001101101101101110010010101010100
101101001010110100001000000110100101000000111111010111101101
010010011100001001010101000100000101011010001011010010110001
001110111101110111100011011110101010011000001000100010110111
001011010101011100100001100111001110100001101010010110000111
000100101100011001000010001011100010111110000010010101000001
101100100000010110010101000110011011010111100100011111101110
100100000010001001110111010000111101010011010100001100101100
100010111100011101011001001100111011101000111101001011111000
010101011111111100010111001101101101100010110011011110110101
000111111011011000001111100100001110011011011011011111101010
011001110100001001111001111011110111001100010100011110101101
101000100101010100110001011010101010000100000110011010101011
110111110101011101100000111010010100101101100110010100100100
111101110000111010101111100010101011110101010110000011100000
100100111010000100111011100010110010101010101010010111110011
010100110001001110000000111100011101111001110111011111000001
000010101000010110111001110101010101101000111111101011100001
001100111100010001101111000010110100001011010100100000001010
101000101010011001110110010001100110101011001010100011100101
010011110101000010011110010011111100010111110111110011110100
011100110100010000010100100110111101001011111011001000101010
100011010000010101011000111110101001101100100010100111100010
110110100111010010000001011100100000100010001100111010110011
011110100100101001010010010011010101010011100000010101111011
101001001000100100110000110110010110010000100001101010001000
101010101110111010001101101010100010011001110110011001101000
100010110011010111100010011100110010010011100110001011101100
100101010111111110010101000001010001010011011110111000110001
001110110110100111101011101111001100001000001111101110110000
100010111110100010111111001000101010101111110000011101011000
110100110001001110011001010010110000000101100100111000110000
110010110100011101001011111011000100001010111111000100000001
101111010011110110000111101110010110001010001101001000101011
001001010010100010001111011011110000001111001001010110111000
