111111001000111011111100100010100101000101101011101100100110
110101111101100100100000111001111101001101111000101101110010
110000101010000101010001110000101010101111111000100000110111
110111110101010100101010110101101111010111100101000111001101
001001010100001101110100110110011111100101101101011100100011
110110001101100111100000011011000100000100110110010111001010
100101010011101011011011100111110110001011010000110000100101
111110011101101110111101100110001001000110001111000010000000
001100010110100111011100110100010011011100100100000110001100
001000110101110011101001011001000011000010101111101001101001
000100100110001100010011001001110000110111110000111101111101
100010110101101000001101011110110111001001000000100111000000
100011011010100100010100111100101010101010010100110010111011
110001011000001001100001111000111000100010010001000000110000
100111010101001011101000110110010100010010101111010010010001
001111111110010000011011110110010001011001111111010010010011
110111110011111000100110010101100001111010110110110011100001
100001101001001011011101010001101001001110000100011110001010
100110010111010001010000001001111100111000011111001001101110
000011100111011110001110101101000001000100111011110110001011
100000111010000110100100011100100101011000100111000010001001
011000100010011000000000100100101100111100000110111000110011
000111100001000100001110001000110111011011000001111111101101
111110000101110111010111110011001001000111001000100011011110
101001010101010111001001100111111111111111001000010100100110
001100100001111000010011001000011101000101010101000011110110
000110101001011101111101000110111101111001010010010110001101
111010000110000110110111111001011100010010001000001111111110
101010011111000010000010110000011001111111010101110101010000
001010000000000011110000110011100101111110111000010100001000
110000100100100111000100110111001110000100101100011111111111
110001111001010100010001010001000100100100010100011111011110
111000100011001011001010111000000100100100010101011011000001
011010001010110110011010100111101111101011001111110100101001
101001011110100100100010101100110110110000011111110010001000
000010000110011000111111000000000101001111001111110001000001
101001011101101111110010010111010101001010111000001001110101
011011000010110001111001110001011101010110011011111100001110
100011110110001011010010000100100111100110011100110100000111
111011010101000000001101100100101100010011001101000110111101
