111000101110011110111100001110101000111111111111010100011000
000001111110101011110101011000110000111100010011011100101011
100100001100110111111011000001101010111010011001011001100001
101110100000000010111101001100111011101111001100000001000001
100101001000110010001100111001111010100000010101101011010101
010111101010110110000011111101011011101000010010011110101000
111010011110110111110011110001001101001101001010100010011000
011110001011111100111111110111111010010111011000011100100111
101000011110100010100110100111011101011100001110100001000111
111100010001011111101000011011000100010110011100000000110110
001101110100100101111111011100101110111010011110010110100011
110100010100001000101001111011110101010010110100001001011110
100100110101110111001010100100010100111101001011101111101111
001011010101100001000000011111000110101111011111010100011000
000111011011011010110011110000100110101001011100110010001010
111001101001011010001100101001000101111110100101110100101000
110110011010011110001101100011011001001000010010101010110011
111100000110000101000001001100000110110111110000111010110000
000110111111100110010100111010111001110001001100000000100011
111110011010111111000000001111111011001111001010100001101001
010111100001101101010010100000000001010100110011110110010000
101000101110111110101011001001000011111111100101010001110010
000100111101001000000101010100111010011100101100100111101001
001000100100000101111000010000101000011010001001000101101100
101101010111101101011000110001010010110001111010001101000000
010110000001001111001100010011100100101111111111100010111111
110001101000010010100000010001110110001011000111001011100100
000011110100010011110011110000111010101011111110001011111011
110011111010111000110000101110110011001011000010000011000110
010111110101101111101100011100011010111010010001100100111000
001001111010110111010001001001000011000011101111110100100001
000101000001100001000001111100101110110110110011010110100111
101100011100000000111111010110001101011000111111110110001000
000001001101001110111100011101101011010110111100100100100111
000001001000111010111101110001111011010000011011111100111010
011000101111011100100011111101101011111100110001111011110111
100100110011101000101010100111100111001110100110100101111100
001010110000000000010001011010100001100010111000011001011010
100100111111100000011110001101001011011001111000110001100010
100011100101110110111001011111010001111001000010111001110010
