010110110110111001010010010011100011001010000101000111010010
101001101100110111010111111110001000101111000111101111011001
111111010010111000000101110110000010001011000000100001001010
101010101001010110001010111111011101000010000111001101111111
100011000111001101010011111000001011000001101001110001000111
011110111000000010100011010000001111101000000010100110000011
101000001110010001001100001000011000111111100111101010110100
001100111111100001001001010101111101000100110011111011111001
001100000101011101010010010011000001011000110111101110010000
101101101011111001110010010001001101111110011110000110011011
111101010000011010001110000001010110111100100001110100110011
001111001011111111100100000101101010110010100001101101110011
010000110100001010001111101100110000110110101001010100000000
111001010101000010000000011011001100000101000010001100000100
010101111100001111100111001110001000100001001101000000011101
101100011000111011101110111001100000111000100010010000100010
101001101111110010010011110111100101001100110110000001101101
100110101110001100100111111101011101000100111011001010100101
111110110100100101101001010011101111100101101001000011001101
001011111000110111001110000011000110011001011001011011001011
000010010111010110111110010000110101100011011000010010101110
001000110010110110100010101100101110110000110101010000101100
101110101100111100010011011110011101100110101100000010000110
011100111000101010001001000010010000100011000110101111100110
011010011100010101110011110010110101001100010000100111000001
110010100011011101101010101101110010100010111101011100001010
100100010110011010010011010001001100101000111100001110001101
110000000101011101111111011001100101010000011000101000000110
000110010100000101010100010111101111111011000111101111110101
100000110000100000101001111111000010000011011010011011010101
110100001100101110101100010101101100100000111000010010011010
011110011100110000010111110110010101011011001111111000010101
100100100011111110011010011000110010001010001000000110101010
010111001001111111000100100001110001101111001111010101010001
110100010001111000001110000010111111111000010010110100101111
010111101001001011100011110110111101011011010011011010111110
000101011111111010111100001100000111001100111001000010011100
010011101011001111010101111010101111000011011111010100111011
110101000010111111101100001001011100111000011001101010101011
111011101011010111010000101111011000110001101110110011010100
