010010001111011100000000000100101100110100111111010000101000
001111011011010001000000101100011111110100101101000101110101
000101000111010110101001011111110111101000000011111011011111
101100101111011101110000110000000101010110001010110101100001
010010101100010011111010101010000100000110100101000010001110
101000001010011011111001010111110000101101100111101010001100
010001001001010000010010100001101010010000000001010110000000
111101111111000111010010001111000101010001101001001011010110
011110101111011110001000010000101111110101010101000011010001
101011000011101110011010001101001101101100010000010100010101
101101000000101101101101101111000000101110010110010011111000
011010011110101101110011001010100110110000010110010000101110
010011000011001001000111011100001000010110011011011011001011
011100001011111111010000011110011011010110100111110010010011
101000011110001000101000110000100011011010001101110110110010
101011111010111111101000101111010101100110010100111111111001
111111000011011001001111101110000110100011011001110111010111
000010111110010001101110001000111010001001111111101111100000
100101010010001010000101011011010001000000011011101000110010
001110001101100011111000011111011101100110101111101110101111
100000101111000000100010001010101111000101111110111100000111
000000111001110110100011011100001101111010000111111001100110
000001100101000110100000101011100011101010000000110001011101
000010000110100111011001001101111111000000100111101111100001
000000100001100011100011110010110111110111010110001010110111
000001100111011000111000010011110111000110101111110011000100
010011100100110011111011111100001100110000010000111010110000
001011110100010010011101100100110111011101010000001010110010
001110111101000100101100011001000011001101000101100101101000
011100111010110011100101001000111000000001111100100010001111
101110001001110100110011111111000111111001110010011101000011
001111000100010010110111110011011101101011111100111101100110
001110001111110110100001011011000100011000001100111100111011
001110100011011101000000110011000111110111010000101101001011
000110010000101110101011111101000110010010101001101001010101
101101111011000011101111110111100111111000110011000111110110
111101001111000111010100001001110110010001010000101001111101
101101001000100010010011001001100011110100100000110001101110
100111000000101111100100111110000100000000011000110000001010
010111100111000101011001000000101111011110110110001110110011
