110010010001001000100111100100111001010011000110011001000000
100000000101001111001011010110101100100100010100001000011001
111000101101011001000111100010110101101010011001010010001101
001111011100111000111000010100111001101101001110100101111011
001010110001000000011011010100111100100100010101101111000110
000110011110011010101000010000011111111100000111111011011101
100000010010100011000101100111000010010101101110111110101111
100011101000000000100011010101111100111011111110011011110010
010101001011110000100110101000111101011001111110011011111011
110011111101010011000100000100000001111111010101110010111011
101011011001000010001101010010100001001000010011100110111001
011011110010001000010100001011101101101000010100011100110011
110111101100110010010000100110010011011110101001000001011011
111011111100100011111101111101100011111000000111011100000101
001011010100110100101000001110000001101110100100101000100001
101000000101110011111010111011111101010001101111000000011111
100101011001101011000100010011001101000100110000010010000111
001001100100100110101100001101100011001110010011100100100110
000000000110111010011010000000001011110010100000100000010101
011111101000110111000101010001111110111010101000101001010100
101010111100010111011101001100110100011110010101010000011101
011001000010010001001100000001100010110101001101110100100011
001010101110000100011010100000101101001011111101000000110110
101010000011010010010000000100101001100101000101011110101001
010101011101011001110001010111101111000100011010110000000000
001001111010100101100011000100110000010011100100000111010110
101110101111100100100100110010101001100010010001000110110010
110110111011011000110011011110110000001111001111101110111010
110000101111011010100001101111011100011100100010110110100010
011000111011011100110010010111101100111111110010000111100110
000100010100101011101010111000101010111111000101100010110001
101100101011010010101100111110000101110110011101001110011010
101101011010001000010001011101110100101111000101000110011100
101011011011101010010111001010000011101010011100100000111001
100011110100000111001010011111110011011000000010100001000101
011110110100000000001010101110010110101100110110101111100000
101100011001010011001000010000011000100111011000111000011000
100000111010101001011110010000101001100110000101111011101100
011100100001000111110100010101100011001101000001000010001100
101011100100100000000101110100010111101000010011001100000100
