110000101111111011110011110010010011001110010111011010010110
010111001111100110011111011101011000010111001011101111000101
011001000110101011010111111011110110010111100110000011001000
011110101110100000000000001101100011000110011011001110000100
010111000011000001001000110101101100010101101010000100010001
110000110010111111101111101010111001001110000110011111001001
011100101010000101110101101100010111010110000100101000000010
001001100101000110110110110100000001101100101101101110111011
011100100111100000101100011111100010001100011000101110101110
010111110010111011010110001101000100000010111010001011111111
110011000110110000000010101000011011110101001001000000110101
010001000110010100101011110010101101011111100000111111100011
000010001101010110101000100010001001000100000101010001101100
111001011101001101110110101110100011010011100001001000100110
010010011101101001011011001011101001101001000001011001101011
010101100110001111110101000101010101111001010110000011010010
001010110100100001000010100010111000110110101001011101110000
010101110111000101111100111101110000101101111000100000110000
001111011000111101010110011111010000100000010011001111001101
110111011111111001101000101111011111101000011100001110111101
011110000110101110111010010010100010000000100100101011110110
001000000111101100001111111011101001000101000001001111010110
000000001010001110100001101110010110010011000000001010111111
100010000001101101100010100000000000000010101111101010100100
100010110011011110011100101000001100011111011111110111001010
001001011101110100010110000010111100010111010000100001110101
110011011100001010000111000010010010110000101110011101100111
111010101010010101011100100001110111010101010101001000111010
111000010110110011111110100001100111011011001111110010100100
001101100101111101001110111110111011111000100010000111101000
110011011000110100100011000011110010110110000101111011001001
011111101111001101000111001000010011111101100010101001111001
100011111000000011000111011001100010110010100111000001100010
101010010101101100110110101010000000110100111010100110111110
000111110011111110010100100110111110001011101101100111001011
010111000000001011000010010111101010101000100001111000101111
000101011011101001001100011000100010111001111000001000100101
111101000010010010111110101000100001001111001001011100101010
101001101000110000001010001000010111101100110111110010111111
101000001101001001001101000000000000000011001010011110110001
