110101010011011001001111010010101000100101100101000110110110
011011000010111101111100110100101110000111011001111101100001
001001000000010110001000010010001000110101110101101110111101
101010000001110111101100110100111111100011000000101010010001
110100011000100001011001010010010100011111110111110110011101
001101110110011001010101000001010010000011010000110100100111
001010110010111100000111011000001100011001101110110000111101
001111010011111110111010110001010100011011010111111111111010
110010111010011001110101010011011001011110001111000111100000
101000010001111010000110110101000010101011111111100011101000
011110110110111010110001001001110111001101101111111001110011
001011101111111101110100011000011000000101100100010101100110
110111011000101110101101001101000100110011111110000000101110
011101000111010001000011010111010001011011000001111110011010
001100100110100011001111011000111100010010010100010101100111
010100101010000011110111000100011001101110101100101010011101
110100000100110011011011011011001000010101100010011001100000
010001100011000110010111100101100110000101001011001100001111
001111110110110101010000111001110010011000011101001010100111
110010111011011000111000010101001000101100010110110010100010
100101110110111101010000110110011001101100111011000000110111
011011011000000110000000111001101011100011101100010101110101
001001100100101101100001111111110000001101101001010010111011
011001001011110000010010100010100011000000001111111111101011
010101010100011110111100000101011100000011100011100100101101
110001100111010111100100110001111111010111100000100011110100
111001100110010110001101100101101011001011001010001100101011
010101111101010010100001001000001100010101001011011111000101
101110110010010100011000011111000111001011001000101100010100
010111010000011010010110100110110101001000110010101000010011
000010101000000111000000001000010001010010001011101011001110
110111011111101011001011110010101110111111111010010110011001
101101001111111101011110110111101100010110111110110001001010
001101100101011101000101110110000001111011101001000010110010
110001100110000011111000011010111010011001011011010100110011
010010011100110111110100010011111010010101100001110110100010
001101001100101110100011010111000000010101101010001100001010
101000000110011010000100011000011010101100000101011000111111
010001110010110111011000111110001000000000000111001100001011
011001001010000101010110100111000001000001001111111000110110
