100101010101110010011001010010100010010110101111011111111101
010110110000000011001110000111000100010101000010110111100011
010000100000110111111100011001000011101001101000010010101001
110110000000111000001111011111010001111100000010011001111100
101101011011100001011100001101011000001000011111001110111010
001010001010111100010000100111111011111101110110110001000001
010101100111000100001011110010111111011110011110001100010110
011100110000101011010000011001100001000101010110000111101111
101110010110001011011111001001110101010001100101010011100111
001110101011100010100010000100110001010110011101010110111010
010100100000010100101010100010100010011111100111101110010011
111011101110100111111111100011100001110110010110111011000010
011000001111101100111011101110001110011011000011110010101111
100000001110000110100111101011001010001111001011011000001001
010101000001110101101010110001111001101101110101111111001101
000110010010000101011010000011111011001001010100000100001010
110100010011010011101111111110111110110011111100101101111001
101101000110111000100001101101111111100100100000001100001011
000111000101000000100010011001111110101101111110101010000111
110001010100101110110011010001000100110100010101100101100010
000111110101010100000111011110101101100000100001001011111011
101101100111001010100001000010111010100001000011010101110100
100100001001000010101110011110001101000100100110111000000110
111111010001111010001011011011011101100011001011001110100001
111001010111111101110010100000011011011110010010100010100100
101111101101101010010010011101100000000011000001001110010110
010110000100101111101110101011011110110100101000101101001110
111000010011011010100001100110111101111100110111100100010000
100111001000000111100111011111000101011010110101110001010001
001010001011101110100000100010110100100011111101000000011101
001101111100000101001111001000100101010011111001101110101101
001101101001100000110010011101000010111010101100011111011001
101101110000100110110011000001100010111011000001010010100110
001001000011111111001111000110100001101111110011010010111111
100001100100011111111000111011000011000111100101110001010111
110101001111110101000110011101111110001111001000110111111111
010111110110011000000110110001000011000011100100010111100100
101011101110101001011111101111000011111001010111101100101010
110000011110110101010011001010011000101001100011110101111010
100111100101011000101100011111010010100011111100001110000101
