100000011001111101011010000000011010111111011011110101001111
111101001110001010011111011001011011001101011010101101001101
100011010101111001110101101111101110101011011110110011101001
100101100110111111110110010111011100101010100110010000100101
010100011100101010110101001101101110111010011101100100011011
110010000101000011101010111111011001101111100101110010100010
001100101000000110001100001001111101100001111011010110011001
110110101000101000100010001000011100010000100101000000111100
100111111101111010111110110101001010101110101011111000001001
011011100111010111101101100110100101001011001111111000000001
110010001000011111111110011011010011010010101001000001111101
001011100010101010100101001111001000100110111000111101111111
001110000111010000111010010110001110010111010100001010001100
100100110001111110111000101111000011111001011001011101010110
101111010001000011000011001110001000010000001100010110110100
001111010011100110110100101011111011110101100101100010111100
100010111101111001101101100001011010000111001011000100010000
001100110001111001101100101000000101000001011001000000010100
000000100110010011000000110101111101011101010001011001010011
011000011011001111111000101010001111001100101110101001101010
000000101101110110110001001111011001001011001001001101011100
111001101011000110011000100001000010110111000101011000000100
110010110010000101111010001100110100101101010011100010110100
000110011011000100111010101100100000101000010001011011101010
011001110001111000101000100111101011010100100111010001110011
011011110001100110111000000001000010110111010011010111101111
010100100110110100010111001111101011001001000000101110111010
100010100011100101110101001101010111110010101110001100010110
001101111010101100001111010111110001001111001011111101000100
110111101111100110111111111110000111100110010000110000001111
001010011100111010011110000011000000110100000000101010001100
000011011010011010110011001011011011100011011011100000010101
111011110010010010011001100101100000100111101110000011011110
000011010100010101000001001011011101010011001110010010000000
101111110111100101011101001001100101011010001000011000100110
000100111100001011111101100011010100000110101001000101000001
010001001011001111110011011000011111000110000010111000011011
010111110111000000011101001010001011010100000001001001101101
101100011001011101001100000110011011001011110011101010100101
011101001110110101011000111100001010001110110111111110101011
