000101011110111010101111100010001010100010101111011100100011
010100001100110101000001000111110111011001000001101001110100
001001100111000100001001000111010000110010001011111101100101
111100101011000111000010011001101111100001010100011010101110
000001010000110001010111101001110100011101000001011110101111
001100101111100100000001101111000111110001110101011110011110
001100001001100010011001111010101010101101001010001011101100
000111101000111100111101011010011010111101011111010010100111
011011111111101010100111000111100001101111111000011000001010
111000010110011000111001111000001000011101101000101001110000
011110100000000010111100000111001010001111001110010100001110
010101001000010111001010100101010111010010100101000000000011
101011000111111011011110010010101010111001111100011101010011
001010011000000110101010000111100110010011010101011101111000
100000011000110100011010101101111011001100100000000000000011
000001010100101010110101111010011100000000010011001101001110
010011010101000100101011000100000111100101110101101010111000
000110100111100001010101011001011101110011011001100101001100
001111001111100111001111101011101011011111011010011001111011
110011100000111110110101011011011100101011000001010100000101
001101111001000110110101110000011000100000110101101110101110
111011000100110011000110101110010000111001110011100111000010
001010010001010111110111100011100001111001001011000100100110
010001000110000111110010000000110011100011010101100010001000
110011000100011111011101101100110111100001001001101110001000
110111000100010000100011110001110010001110001001001001100010
100101000001110010001101101110010100011001011101101100001001
100000000011010100011100110100000000001011110001010100010001
010101101001111011101110011100011001011101001000100001110010
110101000110110010000010101001110110111011101101111000011100
010100010010100111001001100000111110111110100110111110101100
111000100101010010110110011111001011100010011100000101000011
010100010000010010000111000110100011110101010110011010011101
110111101000001100011000000001001110110111010001001000010110
101011111011111011101011001111110101000111010101110010011100
100001101110010101110010001000100010100010000011100100110001
100111001000101010011011100001111100000001111111010100100100
000111100100111010000001011001011011101011000111011110101000
110011001100101000101011111010011110111000101101010100101010
010001100001000100001110011110111001100001001111101001110011
