001011000101000001100010101001001000100111101000000001101100
100010010111000010111001001000111000000101000101010000010100
110000101111110011110110001011100100111010001101011011110001
000001010011110110001010001010111010101010110101001100011100
000111101101100111101000001000000111010000111111001011100010
001100001111111100000000010010111010111011100101110110001100
110011011001111010110111010100111111001000100101000000101010
100111110010010110011100011100111111101011110110110101010001
101001100011001100001001001011111101011000100110011101110000
001100010110010100110001010000010010001100111010110110100100
100100001010101101011110110111111011111101110011101000000011
101001001100111010010110011111010011100010110000100110000001
100001000010100001100010011000010000111101011001100110111011
010111111000010100111001111010001101001000000101101111110000
100100101000100001100010110000011100101001110101110010111110
111010110000111100110100101001100010101100001001011101101000
010001110011011100011111111101000010010111100011010010110001
110101000010000001100101110111011001100101100101001101111000
101110011001101111101101001010110011000101010010000100011001
100111000110110010011101011110000000011101000101101010110000
101110100011001111001000010100100100000101010111001110011010
111111101010010101101000010011010000110101010000001000000011
111101010000111111101001110110000010011011110110001001100111
110001010001011101110000000001001011011001101000110100011011
010111011111011100101100111010111101101000111101111111110101
001001010000001010001001001000011110010000100001000000000011
010011001001110111101100110111000000101001111110100101100110
100100000000001111110101000011001110100011010001101110000001
000101110101111110000111111101010110100000101010001010110001
010011011110001010001101101100110101110111010011111011011101
010000100001011011010111001000001001101001011001001011000000
100010101100001011001000101010000010000001011010011110111110
001100100111110111001010000000101011100101111110111101111010
110001001010000111010010010010111010011010100101101101101100
101110011011001100100000100001001011001100011110011001110100
001010011110101101000101100010011001101000001111110111011010
011000101110001010010000111100100111010110111100011100001101
011111010000101011001100000100000101101111010100100110100111
111100010111010011011000001011010111100110100100101110110010
000100011101111000000010011111100000011000101110101010001010
