011101101011101010110111011101011110111111100001110100110010
000011110000101101000011001111100100110000110110010010001000
011011110000010101101111110110110111101010101100011111010110
111000111110000101011011101010011011000100011100100010001110
110111001101101001001100010000001110011101110111100010011011
111000100100000111110010101011010011110011001110101001001110
010101101010101100100100110100001011010110000000100001100110
010101110001010111100010100010001011110010111001110101100000
000111001011000010110001101000000001110101101101011101110110
101011011000110100011110111111100100000110101101000001111101
010111111111000000100111011110100111100000101110010101010111
110100001000001110100001011110010111110100101100011111010001
100101001010100001101100011101000101001101100110001111011100
101110101000101111100010101100110100100000100010001000001111
000010110011011100110000101011101110101110111010110001110111
101001110101000001101111000111110000101011100101001111100001
010101010101111111100010100001100110011100000101000111010100
100100010110010111001100100110001001101101011110011011100110
000011011101011101100100101010100001110111110110011011001110
001000111100000001011000001110101010110111001110001101000100
010101100100011100111110000001100011100111110110000010110011
010011001011111100110000010010011001011110011111101000101110
111101011100010001111010101010100000101110100111110110001101
010110000000101101101101110111110010110001110101111100100011
100101000001101010011110110100111001101110101001110001110101
011001000111111000111101100011011100101100101001101011101000
111100001101001111010010011110001000110100011110000111001011
001010000010000111101100100101101111001101101011001000100101
100001010000011111010010011111110011010101111011100100001011
111111011101001101011000010100000110011000100110001110110000
001111100011110001101000111110010010111110100101010011101110
110000111011111111011111011010010000110000010111100101011000
001101100110101111110011001001000000101100001001100111100001
000010001111100000011101100110000101000011011010011000110000
111000111111001010011100011010100111010001111000001101000110
110000100100111000001100001101011001010011101011101100010010
011001011111111010010110110010001001110100000001101101001110
001110101110101000101011010100010001111110101011100010001110
000001111100110001101111101110000111011010001110110110011011
100101010110101100100001010111001000000010101110000111110000
