010000100111000101110000001011001011010010010111110100111011
101111110010101001101000111110101011000000010101110011010100
111011110001001011001100010011011011001011100101000011011010
110011010111101011010100011101111001101011101000011111010011
111101101111000111000101100011001111010001011000101101010000
000100110001011101001000100001001110010000010010110001000000
001100011111110101111000010110111101110001111100110110000110
001101100011010111111111010000011101100011011100111100101111
010100100110001101010001010011001100111110110101111000100101
101000010111000001000011111100111001011011101111001101001011
110011101101100110000111101101010100001010011111110111011000
001111100010101100001010111001101000000101100010101000010010
110011100000000000001110111010000100110110100110101100111111
010010100011011111010111011111110101000010001010010011000010
110010100101100001010011010111001100011101000001100001101010
111111110101111010000111000000101010010100010100110001011100
111001011010111010110010111011101000101110101000100001011100
111110000101001011111010100011111010111100100110011001111100
011000000000101001110001010110100011001000101101101101000110
010100010101010101111010110001100101000111001010111110110001
000011111000011101110111000110001001010001111110010010001001
010100101001000101001001111001010000010110100010110110110100
100101011101001011011101001111011010001011000101010101011010
011110010100100000001100010010110001111000011001110111001110
011010000110110010111000001111010010000100011111110101011000
100101111100000111110111000010001100110111001001111011101110
001110001011110011100010111001101011010000110000101010001000
010010101100111111001011101000111100111011001110101000111110
001010001101010010101011011001011001001010010111011110110100
011001010000011001111111000011000011110110100111000101110101
111010100011100001001001111100000111010110110100111110110110
001100110101110010010101010001111000101111100111110001100011
010010001111111111110100110000101111110010011111100010000110
111011011010000001010100010010011011111101111100100100101000
011011100011101001100000010100010101010000000110000111011010
001110000001100101100111001000110000100011111110001001101010
100001111001110101101111101110111001101001010100101110010001
000100000001010110111100001000001111001110000001101111010000
101101001010100001100000100001000000011001100111101100101010
110001001110101111110100000100101111011101011110111111001111
