101101111101110000010000000110001000001011000000000000101011
000101000000111010000100010001101100011001010100100000000111
010001011111000011111001100000011011011100011011010001110110
011000110001110101101011100001101101110110010011000110101011
110000111001111010010011000001000000101001100101001011001001
101011111001111000001000010100111011111111111011101111111110
110100110110001111101101100111001001001100100001101000000110
111010101111111110010100011101100011011100000110100101010101
111111011001000000100000101010010100000010110000001011100100
001011110010110111000001101100010011000010010001111100101000
111111100110101101010111101001000000101011010111001111111110
101000011100111101100010000010011000100010101100110000110111
111111111110101111100001000011100100011100011101101001000001
111000001111011010101001010101000110110010101001001000100110
000000100100011100100110111010001011110000000110111100100101
000010110110010010100111100100001110000001011110110111001101
110111011001011101100011100000010010001111011100010001100010
111111110100011011101101001100011111101101110100011100011000
110110110100001111011001010111101001001000100111100100111011
011100011101110010101011110111100010011100111001100110001010
010010100011001001010100101011011110010100111000101001110100
011101111100111101111000011001100010011010001100000011010111
101001111111011100000010001101001011000111101100111001101101
011001001011011001101110100110111001111110010000010101101010
010001011100010011001100011101100010110111010110001000110110
010000110010011010100000011001010010011100101010000011011000
011001101100001110011110110001101110011110111011001001101011
100010101010001000011011110111101000111100011100010011010101
011111111000010100001001000100010000010001111010000000001100
010101111100011001100100111110010011011111111001100001001010
110010011100110110110000001101000100010100000000101111001000
111101111011000111111100001001000110101100110011011010101000
011110101100011101010110101011100111111101100000100101101110
010011101101001101111010010100101000000110100000010010001110
110011110101010111001000101110011111111100110110000101010110
001100000011100010001001011000011001011111101111000111000101
000011100101010100010011000111010100101011000010000010100011
110001101001001111011100111001001101100011111000000110011100
000011100010100101000011111001111001011110110110100111001000
010101101111110101110011010011101101000110010000111001110101
