101011001010010110010111101100011101010110101011101101011001
010100011010011101010110111011000101010000101010010110111011
010111001100110101000001111100111000100111101000101010111101
100001000001010110010110110000111111100011011010001010110111
111100000110110101101111100100110011100010000101011101110100
100011000001000101100000101000110111111001100011001101111011
110000101101110111111010010001111111111000000110110110111010
011001110110011101110001100000111111010101000111101001000010
010100010100001000001100101011111111101101110100010110101101
101010101101011010110110010100011101010110100100001101101100
000011100010101011000111110011101000000100110000101001110010
010110001111001000000000011100011001100011010101100110010010
010000011011011110111110110100011111110011001101110001000011
111111000001011101101000101001101110011111100011100110100011
100101011000010010110101010100000001001010010101101101000100
111001011011000101111011001001011010011000001110011111101110
110111011011001001111010100000011000010110100011000101001000
110000111000000100011011100000110111111110111001111010110010
011101111000110010010010011101101100101000000111101101101011
011000010110100010110111010101110000101101100101011101100010
001001000001110111011100100100010001101111010001111001100010
001001110000100110010101101111111101001110110100110011100011
011011011110000001000111011001011110010100011111101100001001
011110001010001010010010100011010100000000011110011000000010
100001111001011111110110010110011011100000111100100000111111
111110100110101101111001111101011111001111101101100100000011
110001101000001101000111001100010001011101110010110111011101
110100110011001001101001000011101101110111000101111110100111
001101101010111111000111000000110111100100101100100100010101
011101110010111010101111111100101100101011011001000111110100
000011010100101110101001010101100001111111000010110000011000
110100011010001000111110000000010011110110110101111000011111
100011001011011100101000001000111100000101111111111011010111
000011111011100100011110011101011101101110010000000101001101
110100010011000000011101001010010111111100000011001101010100
011010101001100000001110000001010100001101100110111000010110
011110101100111010011011011101101101011101110001100111100000
010001011110101011110110110110111111010010011000001101110010
101110011100000111011101100110010000111001011100011101011011
011000101101001011101100111001001111001100111100000000110011
