010011011101110001101100010111011101000001001011011011101101
100011011000111111010011010011101011010101010110010000110101
000000010111011110011111101001101100100010100111011000100001
001101111111101110011101110001101001010100011001100011010111
110101101010001011111001111011100111100010101100101110100000
010101001110011001001100001100011110101100101101010010111111
100110100010101010010100110110110100110100010000001001001100
101110011101100000101101010001001100110101000010100100001101
101111010101001101111110111000101100001001010100101110010000
111101010010110111000011011110010001111111100010111101110111
110011100011001100101111001111011111111010011101011100000010
100000101000011001000001110110010000000110101100010011110101
111101011111010110011011011011011010011000000010000001111101
000101101001000110100001010100110101100011110011001000100001
111111111011001011101001000011111001110101010011100001111001
101001001100001101101000100101001100000001111011110000100101
011001000100100000000110011111011110000101000001011111011110
111100100111000101101000101001110010011000000011010001100010
110011100111011011100110011110011101110000101010010010011010
011110101100110001101111101101011000000011011000011000100000
100101100011001111101100101011110011100111111111100001110110
110011001001111110111010110100000111111000101110111100110011
010101001001011110001001101110111111100110011110100010101010
111100010110111100010010101111100100001001000111000010111110
111011001000110101111011111000000000111100000110010011010000
100101110010001010011100101101110101111101110001010111001110
010011111010110111010010000011011010000101001100001110111010
101000110100100001111110101101111111000101110111101111000000
110100001110000010011000100000001111000111100010010100001101
111011010001011000011110110000011011010110011011011001011101
111111001100100101011011011000010000101101101010111100110111
000011100001110111100100110010000110100101001100011010001010
001011101011111101011010110011101110100110000110111010001101
010010101010101010000001010110101110011000111000111010010101
111000011001001011000110110000110100010000110111011000010001
100111100011101010111110100011001100110000001001110110000001
000010001010011001111101000010000010010011101110010011011111
100101010010110110101010000110001101001011100000011010001100
110111000100111011110101101100001110010000000110001101111100
010011101110101101001011100111011000001111111111001100011011
