010001011011001111111101101010001101010101001110100111100100
111001110010001010110011111100000001110100010000110101110100
000101100100001010111100001001010111000011100000100010011011
010100011101110011011000000101011010000011110110000101011010
010111100001001100100000100111000110110101001111111011001100
001000010010110001001011100111110011101101010111010000101111
100011111101100101101000000001010110010000010110111111011010
101001101011111001000001100011010010000110111111010100110111
111110001110010110101110010101111000001110110101111101000100
100010110000100100000011111011101001111011001111011101100011
101000001000000010010101110100000001000100001110100111011001
001100010001101101101001010000000011110101111001001001110100
000110010001000000110110011000011101110110110111001011110101
100001110000100101110011111110001001001011101100111100110001
011101110010110100000100111001010011011010010111111111100101
000110111110011010110010001100000011100111101101001011101101
000111011010011011010100000110100101100001101010011010101100
111110110000010011101100000010101101011010101100011010010111
100110001101001100010100010110010100000001111010000011001101
100001101011111110001000001111011111010111100000011010000010
011110110001111101001010000101111011111000000001000010010110
110110011001011101101001001000011100110111011111111000000110
100111000000010110101000001101001110100000001111101101010100
011100000101100100000100110011100100011010010100110010001011
011010011010111001010000111011010000111000110110101000000001
010011111010110100011011100100001000100011110001001111001001
011110101110101000010100111000001011011101010100111000010100
001101100010111101000100011110110010111110100010001001001110
010101110000011101111000000101001000010010110000001000010010
100000001111010011100101100010001011101001101100110101011011
111000101110110000101100101010110110000000101001111000100000
100000011111110100111100011100010011100110110000000001100101
000101001011000011111101111101001101110111001001111001101010
100101001000001110010011111001100000000100000101001101010001
001001111010010101000111111000011001001010001101001110000111
100000111100111001111110011101111111000000000101101100110101
001011101001011111010000000011110101000100000011100111110100
100100010000000001111101111111001111101000111111000000011100
111001100101110001000001101101010100010010101010101010000000
011010010010100001111011101011101011100101111001100100110110
