111011111000111011110000011011100100101011010101010100110110
001011111011110100101101100111110110000000011100000111111010
001010010010111001101001110111010001110101011000110111010011
101000101001010000001101000001101001000111000011001111110000
111010011010111000010010100111101100111010000111111001011100
011101101100110110100100100000110010111000010101011011110001
111010001010100010110100000111101000001010101001001100110010
011000100000010011011111111000000110011100011110101100000000
101000101000010101101100110010111000010010000000011110100011
110010100101110011100001011011001001011100101111110100010101
001011111110010001101001111110000110000101110101001010101011
100000111000010001100011101100100110000110010001011000000100
011011100011110100001011011001100100101011000111001110001111
001001000001010101110101010010100100100110110111001011001101
101101101000110100111011001001000111001010001110110101101010
101001011110101100111010100110111001101000110111000110001000
000100001101110110000010010110111000000100110110000010110010
010010011100101010110110011110111011101101111000010111000100
100100000001010100110100011111001000011110110010111111110111
110010010011000110001001001110000010101111011111100001011001
001000000111110011101001100101111100111011000111001000101001
100101001000010101001100011111111100010000001100111110000100
011011101110101111011111111111100011011111101001001010110111
111000001011010110101100001100001011011000000111010111010111
101011110100110011111100010111000001110111010101000000011000
110101011000010111010001101111110100011100001100000010110100
100111111111011000111001010111110010000111010011110111110010
001111000001010001110010010100000111111010010001001001101000
010110011010010101000010000000100111011010101101111011110010
101011101010010001000100110101110101001100000110001001001011
100110100001011111101101010101010011001101000110000010101110
100011100001111000101111100001011000110011001101000010111110
110011110011111100000001100110101000100110010101111100111001
011001101101011000100010101000001111110011101010111110001011
110101010001111101011010000011001011000011111111111011001100
000111010001011110101000011001011000011111110010011100010101
010100111110011110001000001001001010001011011101101000100100
101000001000111100100000010010001101111010001101010001011000
101110011000110001010001111000001000001100001000101001110000
010111001101101011001101011011001000000000010011111001111111
