111101101000101001110010111101101010101011011010010110000101
111111010001001100110100010011011000011101100100011100011011
111001001000110011001011011110010011011100010111011011110111
101110111000100010101110101000001010010011111000101101011101
101010000000011101100111011100110011000101000010110110101101
011010001001101111111100001101000111010110110100100000111000
001110110111110000010011001111011001010001101010101001111111
010110000111110001100011000101111100111110010100111000111101
000001100010001110010010011101110011001010010100111110011111
011001010100111111001010110000111111111010110100011111110001
011001010000001101100001011100100101101100011101011100111101
111110111000100111010101101011111100100000000001010001111001
101011111010000101011010000010000010001010100110011011100001
000110100001011000101000000001000100101000100001101110110100
100100011010001000101110100000000000010001000111001000100110
011010111010111110100110110100000000100011010111111010110000
111101011110000011010001011001010111100011101000101100011010
100000110001001111010100110000010100000101000111100110001001
001001011111011001001110000000010111001111110101010011001110
011100111101000001001100110111110100100000111010010010001001
111110010001111010101110111000111011001110000101001110110010
111011110000101110001010000000000010101000111000110111110000
001011011010101011011010101100010011101101000000010110010111
010111111110010111011110100100110011101001010111000111110000
010111111111010111110011000010011000101100110001000000101100
110110000001011100011100100000010110101001100101000111100001
011011111011001111101101101000001100011101000010000110100001
110010011001001101101110110001010100110000011111110011000111
000101100111001001111010011000110000101001010101101101101101
111001101011010001110011100000101111110110100001001100100101
001000111101011111101011001000000111010001110111111100000111
100101101011100010011010100001001011000100100000111111111011
100100110010100111011100001011110010011010101000010010011111
011000001110000110101111111101000001100010111000011010100010
111000011001011110111101011011010000000100111001101010000010
100111101101111101001100101000100101111000000101000001101101
010110001001000000000101110000000100100010011011000100001000
001101011001100100001001001001111111011001100110000100111001
011101010010010010010101000001000101000110100000001000100011
010000000001001010000001101110101010010101100110010001001110
