101010111101000110011101100100101001111001110001000111111101
000001001101010001000101101100111001100110010111001101110011
010111010011001100000000001001001111011101000001001110001001
101001101011100111110101101111000010000000010101001010110010
010001001001111000011001011010100100110000101101000000111110
101001101011000010110000100001011011010110000010111101100100
000101011001111110001001011110111100001110110110010101110011
010101110111001000011000111101001010010101011110000100010011
011010111011000000111101100101111001111111000111111100100101
110111110110011111100110010001000100010100101010000110001101
110010110000101110100101011011100001111101110011000111010011
000111000100111100100111000101000001110011100110000101010010
100111001101000111101110101000011000110101100000111101111110
101101111110001111010011001000100111110101011011100110110101
001101010000000101010100111110101000111100101011111011010100
000100111001010101110110000111010010100000111011001011101100
001110110001111100010010100111010000101111011101111001010010
110111101010100000001000001110010100100000110001010100101010
101110011111110011000111110010100010110001111111000011010010
000100000011110000010100100100110110101010110011000101111111
011101011010011000100101101001110110010001010101011000010110
010001101001100010000010100110011100010010011101111111010100
100001001011010010101111001101011100110100110101111111101000
001000001100101111000010010110110100011101111101100011001011
101101101100010101101100110011111101010111111100101001101101
101001100000100111011111111010000111100100000101000111000000
000010101110000110101000111101110101100111000010101001100010
111010111110010001101100000110000111101010001010110111000011
011111101110011101101001110010000011010101110011101001111110
111111011101100111000100101110110011000100101001101100111101
110011100111101000111100010011011010011101001110000001101101
100001111101000100110100111011101101110001010011011011100010
100101110100111110000001000110100001011001101100001101111101
000000010111000100110000011101100011001111001101010101111000
111101101010110011010111010011100110111101010110000001011100
100010110010000111101001010101001110000101110110001010110010
010101011001111001100000001010100101000000010100010001010010
001110101111000010000000111000001000110110010001111011001010
111010111101110000011110001111100100001100101000001100111011
011100011001101101001001101001110001000100001110111010010110
