001010010011100101011011101000010011010110101111100010001000
111010000101101101111001000000101110001110111001111011010000
011110100111101011001000111010100111101111101110010101010110
010111111100011111111110101101101000000010100010101001010001
000001100010000111011001101110010000101101110000010101110001
111100011001111111111010101110111000011010000001011110111011
010010100111001111001001000000101011111111111011101111101111
111000111001100001110101011111001111110110001110001111010011
000100000100001011110000110011111100001011001110111000101110
101000001110110100000111111011000101001011000010100010101111
100000100101001111010001101100010111111101000101010000000100
010111110011000100011100010010101010110111000000001110001000
010011111010011100100011110011001100111011101010100101101011
111000011100100000100001100101111110110000000001100011100000
000000010000010100111101110010001111010001001100110001010010
100011001110111001000110111010010001011110111011010101110101
011100000100101010110111000000001000101011001000111001101110
110001111010011010111111000011111001011000110101011011101111
011101101100010100001101001010011000100110101111100001001001
101000100001111111010010101101100000111011000111000111001001
011001001100010011101111010110101010000110011111010100011000
111010001101110001100101111110010111111000000011000001101000
010111100000010000000111111001110001011001111011011011100100
100101011101100000001001000011101001010101000000111111010110
111000110011011100010101101110100111110001111000011000111111
101100010110101101101001011111100011101010011001001100101101
001110111110011001000111100010001110000100110100100111101010
000011001011011111110011011100001000010011110101000000101001
011100010001011010010111010010111110101001000000110001110111
101111010100011111111011010101000101001000010000101011101101
010111100010111111101000011011111110011010101101010011101000
100010010101111100001010111010010111001000111011101001111101
011001101000101111111110000011101010110110100100000000001000
000110001010110000101100111001000000100111100100111111101000
011010000000001111001000010110010101110011101100000011011100
011001011101111010011100011100101110011110000011100000010101
010100100111101010011001111010010100011001001010001010101101
110011110010101011101000110111110001011111111110000011010110
110101000111010011010010011001111111110010101110011100100100
100101000100001100010100110111110011100000011000111011000010
