111011001010000000110011111101011010010000111101100010001110
110011100010001010100111100001111001100011001111001001010111
110000100110110101111110010001101000111001100111011111110110
010010010110101111110111010011010111100100000011111111101001
010101001101000111101010100001001100010111101000011110100101
010000101111110001001110001011010001110010111001011110010101
110010010000010101110010011000011010010001101011110100100010
100001010011100111011011111010111010010001110101001100110111
101111100000101110001101110101000010100101010100111110011001
111000001110100011000011011101110011011100000101111101110010
000101011011100010100111010101001000001100000001000110100001
110110111010000100001101100001001100010001100100001010000001
011100011111011110101110100010101011011110010010010101010011
011100010110110110011010101110110110101100111110101001100001
100101010010000100011010011000001111000000001000111100101100
001110101001011111010100001101000010111111110111110011001000
001010010011111100111110010110010011101100101000011010000001
110111000111011101001111110100101011011010010001110000010100
001010001100001111111001111101111111000110110111001100001100
101001000010011111010110001010100110001010110101111111011100
111011001110110111101101010111000110000011010001011010010101
011111100001100000011100100101111100111101101110100111011001
100101010000110000001001010010001000011001001010011110110010
111000111011000110110111000000101011000111110011001111000001
011001110100110001101000110110100100010110110111000011001000
001110110000011000000101101010010010110010001100011110010000
010110010011111100100010000100101000000001101001011111111011
111000111110111010110001011100110101000100101001110100000011
101001110111100001111101111000110000000100001011111111110111
010001111000101111001011010011100010110100001000110010001110
001010000001001110111101000000001100010111110001100111011011
001011000101111111001011111110101110000011010110111010111101
001001000111010100111011011000010000011000000000000000010011
010111101111010100111101000111001100101001111001011001111010
101111101010010000110101001110111010110100110011110100000110
111000001100111000111011111010110110100111100110000001011011
011000100000011010011010101010010101100100101111100100100101
100110000000111101101101011010101110101100110110000111001010
010010000000010001011100001010010000101101011000011001011101
110110000001001001000001110110011000000000100011110111011011
