100100110001100000111001000000001100110101111001001100001100
010010000111001000000001000100001011010111110000000111110100
110111001000111110100101101000011100011111011100000010111010
110010100101010111101111010100101000100101011101111110111111
010101011000001100101011111100001110100110110011100000000000
100010001110001111111111010001100000110011011010001110100000
001010110101010101000100010100100100100111111011000010010000
000110100010000010110111001000110101111111101000101111100010
111010000110110111001000001111101000011010111100010011100111
111100100110000011010111010000010001100110010001010001000011
110101000100101100001010111110110011111011101100111010001001
010110011001000111110010110010011010111001010111001111000101
100110100010011110101010101111000010100010011111111111110001
110111110101011101010101110000100100000010010011111001100010
000000111101000101001110000011001001110011101111111101100011
011011101111100110111000110101000001001001101101111111101001
000001100101001101001011010000011011110110100100010100110101
001111110010010110000000011010111000011101011001001001110010
010010001111001111010100010100000111111011001010000111001000
110011101001010011101011100101101100000100111110000110011110
101110110100001001000111011111001010011010100001100011100110
110100101010101100101010011000011111101101001111010010000000
100000011111001110111001010111000011110011100110100100010111
010110010001100001001011101111110100011110001101101101110101
111101010100110100111000100011101000001000011001101000101110
010000011000101011010011101000011100000110101011101100110101
111111000011011011111000101111101011101001101000010011000100
011100110110001001111100000001011101100001111100001100010011
101111010011111101110010010110101100010010011010011010110110
011100111010101101100101000111100000110010111011101110001011
101011011011010101010000111111111010011111110101101001111000
111001010010011111110111110111010000100010000100000100011001
110100110010100000100010100111111011011101111011110110010010
111100101110100010001110010100001000011100000001010110001111
001111100101011010001111100111000100110010011101011000011001
010111100010111101111011100011001011110110110011111101011111
000011011110011001111111110111010111000110100010101101111011
100111010001010111100010110101010011011010111011101001000010
100101000100100001111111110111000111011010010011010110001111
110000110000010010001000101101111001101110110111001111011111
