000100111110011010110101001001011110101000101110001110101111
100111011010111010111100110111011010000101101100101110100111
110011110010011111001000010101010011100100111001100000010100
101001000001010111010011011110101011100011010000001100101101
010000000011100011011000010100110100110110110011111000000111
000101100101001110101111101111010011111011110011111000111111
001101111010111110110010100011010110101101110011111010010010
111011110001011000010100010110111100010001001101010001111110
010111001111101011110100010110100010010001000010000000111011
011000110011001000111010111101111010100010110011001000000101
000011010100001000111110000111000001011100100101001110001110
101011100100111101011011010011011101010010000010100001011011
100001100101111100110001011000010100010000001110000011111001
010011001110100011001100010110110000011010100100100010101010
010111100110111010010011000011000100010011000010011111100100
101011101011100110010011010001110101101101100000010000010001
110000001010101100001011000100101001101100000101000011110101
010101010101000001110110101011111111100100101011111111011101
010101101001000100010110000100101000011100010010011000011001
001101010011011010111000100011001011000100011011111101010110
000011001011101101100001101101011011111110100010001101000001
000100000010101100010001001100000000011010001111000011010010
111100101000000111101010010011001000101111111111101001011011
101001101101110010011001010110011101111001110011000000010000
000101011010011001101111001010000111010101001100001110101000
111110001010111011010101100001111000100111001111001001100010
010100000011101111000101100001100011001011110011001100111100
101001000111001001011110101000010110000100000101011100100011
001110100110001111110010000110000010011000110110000010101110
011100000101000010001110010111101010000000000111110110111101
010011111000101101110000000000010111000111000000110001111000
000000101010110000010000011011111101001001000100001010110111
000111100011001110001011111001101101000001100100110110110111
110010100001001010010001001001001000110101001001010100000000
010101001000100000110011101000111000011011111110110000000101
010001111011110111000010111010001010100010011001001111101110
011111001000111100011011000111100111000010101110110010000000
110010101011011100000000111000101010100101010110110011110001
000110100001110101000101010111110110111110001011110001010000
000111111000011010011010110011001001111000101011011101001011
