000010110111100011000011010101011110111000111010010110001001
101111000110000000111101010010101011000011110010010000110101
011110001111000100100110100111110110110011001000001001100010
011000001010110101111111101100110010010111010010001010101111
111111111011010110110011110111011000101010010010011011011000
001110001011100010011111010011011011000010010010101000111111
110011000011100001101111110100111101010111110100110001110101
001001000011111101111111111111010011001000110001011001011101
000001011101000110000111101000010011111000000100111010001111
000100001000001010010000111101010111011100111111101011010010
100111110000000010100110100010100000100110101110111110111000
000100001101000110110010000001110000011001101101000011001001
011101010100000010111100001001110100111101001110101001110001
000000100101100110100100010100100001010010000111001101111001
010001011101000100000000000100000110100011001011111110011111
001010001011101111111010111110101111010110001010100101100001
011010101011100000000011010101001100011110111111001101101111
110100111010010111011101100101110000110001100001110100110000
000001111011001100001001011010011011011010001001111000000110
001110001101110110000011010010101001001111011111011100101111
101100101100001000110101010010110011010011111001101011001111
000010110000110001011101111110110000111010001100101101010100
101010011110011111010000111110000100110000110111111001111111
111010101111101001000110000111101001000100011000011100110001
100011010111111100000110110001100111100000000111000011011100
011001101000110101000110111011111101111111101100100011101111
101000010000011001110111110011110011011011000010000101110110
110001001010010110001001001001010010110010000010110000011111
111011101100010000110100101001100011000101100111110011101111
010010001010100001001100111100011110011010111110010010000100
111011110011011110101001111100000111001111110010010110100110
001100011110011000111101100001010001000011010001001110010100
101111111001111110110100011111110011010101111100111100010110
100110011011000000100001111001011100000001111110101110111100
000010000100001001000001000111011011111011101011010001010111
010010111111001001010000001110011101001110001111110000110101
101010110100110010010000001101010110110000011010111110000010
011100111100001110111111001111001001011100011001000111100110
000001101001001101110100100100000000100000000100010010011100
100111111010110110110101111110000110110000110100100110100011
