001101101010001010011110100111000001110000001000010100101101
010010001101010000110101110001100111110011001001100001000100
111100010110010101001101111110001001001111000101000100001010
001011011000011010100000000010111101100101011100000111111001
010110110111011101110111100111101111011001001100011100100010
000000111001101111111010100000101001111100000001101000111001
110011011001101111100100110111110101000001110110000001100100
101110111110101000110101110000011001001000010101100111001011
101000010001100100101010011100101101111100100011001001101011
100100000011010010011110110110101110101001111010101010010111
000011111101000010101100011000000110110011110010100000000110
110100101010101001000010010110010101001101000000111110101111
010001111101100100001001110100000000101010001010001100010111
101101000111000100000100110000001110111011110101000001010110
111000011111111100001011011001001111000001001110000010001000
111101110101101111000001110111001010000001011111100001100000
100101100111110100000000001111001010000001000110001000100101
011101001111011110010110100111100101101111101110100100111111
000111101110101010001001010001110110010000011011100111010110
101000000011001001010111111001110100111001100010001110010111
011101001011100010100101010110111011001100000111011110110000
001101000011110011100011110101110100010111011001110011111001
000100011010111110000010000001000101100100011010101010110101
111100001001101011001110111000000010100100101011000001010101
010111010110000011111110011111100101101001100010101111110001
000111001011100111011011111000110110111010011100011010100000
110111111111101110110101000000011111001100111001000010010101
001110000001110001110101110011010110111110101001111000001100
001110111010010110000111010011101010010001101011010000110111
101000110110110001011101111000001100111110011001001001011110
111011100110110011011010011011101110010001101101101000110000
011101110000001111001101001001110001111011001000000100011001
101011010110101111101001111101001100011001010100111100010010
010011000000001110011001111110000101000111110100101011110000
001101011001100110011001011100011110111110100100010110111000
110010010000111101111101010000101110110111010100010001011110
110001100110110000011000100011111101001110010000001011101101
001100111011011110101001010110100001110011111110111001010111
011011010000111110011010010101001011010011110100001101110100
010100101010011101101010110100101010000011110010111101110101
