100010101010110101010111111101111000101000000010100110001101
010000101111010001111001011110110101110100000011010010011011
010011111001110100110001100101010000100000111000111110001010
000111011100111010101101110100111011111111111001101001110100
111101111000110010000000101001101000111110110010111111100001
010101001011101010000111110110111000001101100010000011100010
111011010110000101011101100100010001011100101110110110001011
011110011001100101010101100110110111100110010101010110100111
111100101001101101000011000001111000011101010001001101110010
001111110100101101110010010000111100110100110010100011100111
100011101011000000011110011011000000101110100001011111000110
001011010001000100010010011000011110101010101100111111000001
100001110110000000001101010101010011100101111101010010011010
111111101000101110111110001111000111101101001000111110000001
100000111010110110100010001011010100000010100001001010110110
010011101110000100110011000001111110000000110110001011000101
011010111100110100110011111101001101100010001000111010010010
011101111101101001010000011101000010101111111010001100111101
011101001001101101011100010000011101011011110111011110110010
100001110111111011001001100010110100100010000100100101000101
110010110001110011101110000001110111110000100100111000100010
111011010111000000111110111000110000100100111100000010110011
000001011010011100011110111001111111010001111101100000000101
100010110011010101011100011111100000100101111101111011100000
110000011101001111110000011111000011000101000101101000111010
110011111010101100011111100110110001000111111001011101101110
101111000101000111011010010010000000111100101101011000011100
100101111010011001100110100011100101101011011101000010011010
000110110000001110011101010110010011010100110001001000010110
110101010111110010100110010111010011001001111011011100110111
000100111001010001000100010111010011000101100001000000001000
011110000111110111100000000011111010011000101100100011100100
101000011100100000111010110001101010011100010001010011101101
111011001111111011001101110101101100011100010111011010111001
010001100010011111000101010000001011000011100100100001111111
100001000111001011011001101111101000100001001000100000101011
111010100101001100011011111010100011110011011111100010111111
101100011000010010110010110010000010100101000011100001101011
001101100100100110111100011001111110010110010101100111100010
001110010101101110101001001011010000000011101101011100011101
