001010010011000010111100011101101101111110110110010101001010
100001011110111100011010001111001011010101010101010100000100
101011000101000001100100000110100100110001001100000010111101
010000111010110010100000111110011001111010101110011010010011
001000010110001000011100010011000111110101110011101011001110
011100101100101100111101101100101010010111011101010111000110
011101111000101010010001010000010000001000010111000011001010
001001011000101010100100100111110101100000001100100010100011
000010011011001000100111111001100111100111001101011111001000
000001100101111010111000111001001110100101110011101110011011
000001111110110110111000110110010010000001011010100001011111
010011001100000001001000110101000010011100010001011110110001
011011101111011001011101010000011001010010100110000000100010
001011110100101101100110110000000010001100101011101110011010
001010001101100101111111011110101010010100110111010110011100
011000110111110100100011000011101110101111111111011001000100
000100111111101110111001000110100101110101101001111000011100
010001010010110101010101011111010110111101010110011011000111
100011000100111110101111000010001101011111010001011111111100
001111010100011100101000111011001100111100100101100100001000
111111000011001100111001101100110000011000011000110011101110
011100010000010010111010101111001101000101010100101001011110
010100100110000111101010001100100011000011101100010000001101
010001100010001110000101100100011011000100100001000100001000
000000001111001111110001010100011010100101111100100111110010
110010001110011011110001000011100011000110101101100011001111
101010101101110010101011101001001001010001111011001000001111
010011010011101000011011010100101001110100010000000011000101
011111101101001100010111100110010000101111011001000001100110
000011100000111000011110000001000011110111101100110011110101
011001001110001011011011100000011101110110101110010100100100
101010000110001001010111000100010110100110011000101101011110
000011010110100111110101011110010110010100111100011010100111
010000001111100110100100100011011101101000010111101101001110
001011101100110111010011100100011100110111000110100010111001
010101101000110100110101100111111110101110001100111000000100
110001111000100000011010010011110101011111111011010111001001
011000111110110000101000100000111100010011100110101100000110
001010000000010110000101110010000001001111101011110111101100
011111000100011001101110011010001100101110010101001100011110
