100000010001110000000100000111110100110100100101011111011111
100100000011011101000101110101000001010001000101000001111000
011111100001101111011011101010111110100010100000110010011100
110001100010100111001001110100110011011110101000010011001010
100001111111010000001000001111111110110011000100110010100100
100000111100011010010101000010011011000011001011101000100010
100111101111000011010000010001010001000101101011000101010000
001001000110101101000011011011100010011000100010011100010101
101000011010011001100101110001100010100100101101010111011000
101100100111101110011001101000000011100110010000001010000100
010110001001010000010100111000011100110100001011010101111011
001001101000111001101110001011010011001101000011101000011101
110000011010101110101011101001111011010011000101111111101001
100010010101101000101101000100101000011011111101111000010101
011101110101011111110110110101111110000110011111001110100011
000001000101100100010101101001110110100100101100010101101100
111110100101011110110010010110011110111001111001110010001101
000000110010010111111101011110000001011001010100011100110000
111110111011001011001010001011011110000101010000011100001110
111010110011111110101111110001101111111100011000010010000101
011101010010000011110111100111011101111101111010001010011010
110000001101011011000111100001100000000101100010111010001001
101011111111011101110100001010011000111100101101011110001101
000011100001111111100000110111011000111101010110101100111110
010001101110110011011010001011000110111001111110010001001000
010010011101011011001111010010100100110011011101010011010011
100011111111011010001010110100110110010011000001000110001101
111001000011110000010111010010111110100101010010000011011011
100110101000111110111000010110100010001001111110010010100101
000100010110100100100000101111001110011111101111110000101111
110000110000101101010001010010111011011110100000110011001011
110111011100011101001001010100010110100111001100001100010010
001110001000110101001000000011101000010101110001000101111010
000011010110000011101010011010000001011000100001001000000101
110010100010101010000100111110001011101010000010001010000011
111111110101101001011101111101101000000001010011010011011000
100111111100000100110100100110011110000011000010110101001111
010000101110111001000011111010101000111110101010011000101111
110001100011110001101111011111000011100001110111010000001011
010110001111011110101110001010010100100101000111110101101111
