001101010001100111111010001010111001001000000110011011101110
101101101101100010111101111001100010000001100101100111000110
110100001101011010100100101101011000000000101010101110000100
100111111101011010101011111111100000111110000010000111001000
001000100001010000000110000100110001010111000101010111111010
011101101100000010110101111111011010111101101111011001001001
101101100010001011000000000011111101100110101110101100010111
010101100000101010100111000000011101001110101000101011111100
000100001011101010000111011101111111001111111111110100110110
010011101010110010110100111001000010011000011111111000101110
001101110001001011000110111111001100101010010101000100011111
000011000000001111111110100111010011111111100101010000000000
010011101010000010010010001000001100010001001111101101110001
011001100011001100101011001000000010100001100011111000101000
010100001101011010010000011100111000011011110101110111011011
101100010100111110011011101010010000001001111100001100011000
000000111100110101001100000110001111110100011101101000001010
110101001011100010111111101011011110010110101100100010000011
000000010011101100110010000000001111000100000000110100100100
000010010001001110111101101001101010101000101001011011111001
101100101110100110010011000011101011010110100001110000101101
010111111110111110011001000011101010111011111110100001100110
010100001011111011000010101001000011111101011110101111010110
000110011111010011110000010101110110100100011011010110110101
010101000001010001101000001001101000000010000000110011011110
010100001011100011011101100110101011111000011111110110100100
001100000010011011011101010101001101101111100000000100100000
111101010010010111110111000111010100100001011001111101001001
001010011100010001110010111111111111111110011010010011001101
001010000001000111111110101010001010000001011100111100001011
010001000011101000000110111101110100111011110000011000101111
111110000000011000001000011100011100111001010010101000010111
111011101010010110000100011000101100100101100110101001100100
111011100000010100011111101010001001111111000100100010011011
101010011111111111010111101101000010111000001110001000001010
110010101100001100101100011001010000000100111111101001010010
101110010001111111110100111111100100000010100101111100111001
111100001000001101100100011100111110101101111111110000001001
101100011101010010100111001010011010011111100000001011111001
010001101001110000101111101011101100000010111000011101110010
