001111101000011100011001011010010011111111001111000010011111
100000000010111100100000100111000110111110011010010011010101
111101011000010101111001011000011011001111100110101011101101
000001011001111100101011001101111101111110111111101101101010
001011110000101010110010011001011000101001111110010101100001
001010010000010000001000011010111001011000100011001111010100
110010100000100110010001001110110010000101110110101011001011
010111110010000111101111001110001011011101100001011110111011
111110111011010011101100100101011011110111100011111000111010
011110011001001101010000000101010111001111111010011100110110
101110010101110111100111011011110100000010000011000110010001
011011100110101000010100011111101100001111011100011100001110
111111010000110111011100001000100100011011101011101011100110
100110001101010011100100011001111111110101101010000101111100
110111011100100010110100111010100100101111000001100000110101
110111001010101001001111100111110000111010111000100000111001
011011101111110000100110111111101111110001110001010001100100
101001101111101110100111011011001100000111110101010101011111
101110011110000101101000001001001110101000000100011100001111
001101101001011001001011001111101001111001101110010011011101
000010110101110011110111000011100110100101100011100100000101
011101010111000011001100101011010010101100001010011110011110
010100101001000101011100000010011101101111111101100101010011
110011101100011110110000100000101101100110101011001011011100
101010011100010000001111011011101011011111111010111000000111
100111011011110111100010100100000001100001110010110110110101
100011110110110010000011111011100100100101101110101111001001
010110101011000101010010110100001000001010101010110011100010
010100000010100101001110010100000110110011101010001010001010
101000011101001100011111101001000101101111010100010000000101
101100100000011100100001110110011111010010100000000000001100
100001101010000011110111101111001001000001110011001100110000
000001011111101010000111000110110100110101111111101001011011
100101011010001110000110111000010010010010000100111110110100
101110001000111110000010010010111111110011000110101111000101
111111000010110010011011100100010000100000010010101011111100
100000110011100000101101100110100000110101000000100010110000
110000010011111111101111001101000110111010100101001110110000
011000001001011110111011010111010101011100000011000011111110
001110110010000011001100000000011110101011001110110100110101
