011001101010110101001100111100011100000101001101101110111111
011100100000110101110101010001110111101100100110010111101000
000001000110010011000001110011100001111011001010100101110010
111111101111111011111011001001001100101011101011101010100000
001100101101110101011100100011101011000111110001111111001111
010101110101101101100010101101111010101110111010001010111100
111000001101100011001111110000001110111001000010010100101001
001101001101111010101011110101110101001110100110000110001001
101101010000001001000111110111101011011000101011110001000110
111000000110101000001110110011111111010000011010011001110010
111100010100111100011100100011011000011110011100111100110111
011010011000110101111010110101010001100101110111000011001010
110110000010111000001000001000110000111110101101011000001110
110001111000111111111010111100101011101110111001000110110111
110001001110000100100111011100010001000101010001100010110111
010100111001111010000010110101110011000000000000111011101011
101110010011011101000011101100011110110001001100011110011110
000010001100010011110100000101011011110100001100101100010110
111010110110110011011010010000111000000110011100101011010110
111000110001110100100110110111101001111010011001110001010101
110000100000000011100110111110101010100111000001111010110100
111101101000100000101001010101100011011100111110011100011010
001010011001101001110100001001001000000001100000010101100001
110000011110011001001011011110100101101000011000000111000001
010111011111100001101001010101101011110100011110111001100011
111011011100001001010000101110111001001101101001000010001101
011001000101010101001000101111000011101000001100100001001111
110111110111111010011100000101010010101101100100000000111001
010101111100011001110110100000010111001101110111000100111100
010101101001000011010010111111001001101001011010101000001001
111001111110010011011100101000101001011011100100111101111000
010110010010100000110000111011011000110111100110110010010110
101010011011101011000100011110110100011000011110010110111010
101111000111110111111000100110100111110101000110101110111110
011000100100110001011001111111010110011101111000100010100000
010110010111101111101011101001110001000111001101110001101000
100000101100010010011100111100111001110111001010011110111100
111110100011101011110001001011001100100010110010111111001010
000110110100000111001110011010100100101011110001011011001001
001101101010110100011010111001011010100001001110101100011010
