000101010010110001101100001100100100010010011101010000000101
010001010001111100111101010000110010000111110000110010011100
101111000011100011010101101111111111010000001000000001001011
010101011010111111011111001110101111100100110110101011000110
110000100101110110011001101100000010111100010011001110011100
110100101101000000110110110101010101000101011110011010011101
010010101000101100000100010010011000011000111110010000001101
101010101111111000010000010010011101100100001111001111111101
110110010100110100100000100110100000100011010111011000010100
011000001010111011010000110010101101110001000100101111100011
010100001111010010000001111111001010110000000101010111110100
100110111110101101011011100011101000001100011000001111000011
101010110111110111111001111011000110010001100000100000100110
111011100001000100111011001111110111110100100010011000100000
000010011100100111111101100101000111110011111011101100101011
111111110101101100010000011001101011000110110111110100111111
000111101101110011111111110111001100010101001101010001110011
100010001111000000111110011110101010101110101100000110101010
111110010101001001100000101000010101101011100011101001111101
000001010001001000100100001000000011111101011110001001011011
101110100000010000100101000011011111011001111000100111010100
101000010010110101001111000101010110000110111111010001100110
111100010101010000111001111111100011110100110000001000010011
000000101000001111011000010111111000101011100100101100001101
101010110001101010110110111101010110011001010110010001010111
001001001101110011000011000011100111010111010100101001111101
010000000010000111110111000001000100001111110101111011100110
111101111101111010110101001110111110001111101111110001100110
011100110001001110110110000001111011110111011111011010101010
111011111101101000100001001010101101101010010100010100001111
010110101111001101010101100110100010110101100111100011101010
101001111000011100011010101000011011101110010011000001110001
100101111011011110110100111010011000100000101001010000111001
111100001100100010101110101100000011010101100011001000101001
101100101011010100010110100100000111111100001001110000010101
101010010001110010100101110101011100100010100111110001001110
001001000001001101111011101001000001101000001101000100110000
001000000000100101000010010011100100100100100111111101101000
100011010100101011111010101011101001000011001010101001111001
000101000011110100010111000110101100010001010001101001100110
