000111100110100001101000100101110001010101010011001111001001
110111000100101001100011011001101010100101000010001101110111
000011101001000111001110111111000100111001101111100110001001
010110011011100001001000111110101001100011011100011001011001
100100101010101010101000100101111001001011010000110001000100
011110110110011111110011000010001110001110011001000000100001
111101100100011110110111111100100011001100010111110000111110
011011111111010000111000001000001000011101010100110111101011
011111100111000101101011000000100101010010111010010110100001
110101011110110110111011001110000100101011101101011000110110
010000111001101100101000000110011000110111001011101101011100
011101110100011101011000011100011011100111011111100100011011
100010011001010001110011100101100100001110010101100110011110
011010011111011001100111001011000101001010111001000010000011
100011100111111011110101001111111010000000110111011000101000
111001110010101000110100001001010001010101100011110000000010
010110110011001010011111101111010100110000101111000110101110
000011111111101111100011101110001101100011110101001011001111
110001010000000000111100010000101001101111001100001101101101
000001101111010111011001011101100111001011111001001101000000
111101010001000010001100101001010001110110101010101100101010
110100101010000110000000101011100111011011000111110011011100
001101110111110000100110001111101000001110101101101010111110
111000110101000110101101101110011100000010000111101010111011
110110000111000010110010011000110010011110100101101011010100
111101110010001101100101000011111100011000110110110111011010
011100100101101011100000110111000101001101001011110110011111
101001101111000110110111110111010111100110101100110100001011
011001010101000011001101111100111111100001010100010100100010
001111001011010100111101010111110000001000011001101010010001
101101000100010001010000110110111110001001111010100100000110
101011111101010100011101011011101000011001010011101001111010
010010111001100110000110100000010010010101010011000011011110
000101100110000011110011010011110101000010111011010011010010
001101001101111000010100110111110001010111100111110110001111
100010111011111000101110111101101101010101000001101100100100
111111010101001111111101100100011011000011000101101011101001
000000010001001110111001111101100111100100000100111001001111
110011001011000110100101100011101010001000001001001001001110
000010011011011000111110110110111010110111001100100010100100
