010100000010101101110101010101101001101001010001011101110000
111001010001100011000111010011101010111001101110110100011101
111110110101110111101110000010001111000000100100000110100110
000000101001011110010001001100110000010001001010011111111000
111000101010001011110010100001000111111110110110001100100001
011100110001111001011000001011100100110000111011101011100111
101010010100101101000110111000100001111111010111010011110111
001011100001111010101010100111100001111100010110011111000111
101101100010000000001111001101110001010000101000000100110000
011010101100100101011111100000000101110000011111101011100110
101001001101010001100000101010111010111001111011011110000111
101000001010011111100100000101101000101101101001000100100110
111011100010110111001000010010010010010000100000011011010001
001001100000110101100111111101110100110100100010100111101110
001001101110000100000100001111011000001011101000101111010010
101101110101001101110010000110100011100101100011111001110101
111101010110001100100110011111010001001110100010010010100111
110100101011101100101110100000011010100001000101001100000011
110100010101000100010011111101001111111101101001111000000110
110100011110111100101101000000110001101101100011110000110101
010001110110011111110101100010111101101010011111110010110100
010011101101010111001011111101011110110011110111100001111100
000100001101111001010101101111001110010101110101011000011011
000110111000110101101100111010111110110001100101010100110111
000001011010110110001101111111001101111101100000110111001001
000111010100001100100011001100000100010110010101010000011001
101011000100100110001111100100101110100011011010001001111001
101001010110011001001110111110110011010101101011111000001101
101111011110101101001000111010000111011100101101010010001101
010000001101111011110100110111111000001111001111001011000100
111000010111100100000100111100100001010001000001101010000001
010010111011001010011111100110000010111011010001011111011000
100001010111010111100110001000000110011010111010101110010100
100000101110100101001001100011101100100011110001100011101101
101101100110101011111100111101100001101001011100010100100000
010000110111011110110001011110010110111100111111100001110101
001101001111000011110110101000101110000111001000011000001100
101101000010010101101100111100000111101001100111100101011110
011001011011101011011110010110101001101011111001111010001110
010010110011011001101111100110111010100010010110110100011111
