111001111001101001000100001110101110101000111101001101001110
111110101111100110011101011001010111101000100110100001110111
000110100100111110110111110011001001101111000000111000111101
000100101111010111111111110101100101010100110000101011011010
011101110010000001100111101010110101001001110100010100111100
100001100101001111000111101110101110010101011100101001111000
001001011011111100001100110011110100001011100111100001000110
111111111001000011110010101101110001011010111000000001001010
110111111110111001000000011000010000111110110110111010111001
111000001000011011101000001001110000111000010010001010111110
111110101010001100101001000100001001111001101011100001010001
000110011011001110010110100010011000011110000111111101001101
100111101000000111111000101100101011100110110111011000000111
100111101110001100101011001001010011100110000011001001100110
101101000101011101000010010101001101100011101101101011110010
011100010010011111010100110100101001100111001000100110011100
011100111100010011110001010101110010100010111111111100111100
001111100001011100011101110001001110011000111110010010001111
001000110011001000100010111010001111001101101010001000111110
100100110010110001101010001111100000011110111001100111011111
001000111010001000000000101000101101111001001011100000101100
101101100110100010001010000110010011110101110101000000111000
000001011000110100100011110010111100010101111001011010111101
011100111100100101110110101100100011101010001111011010010000
011001110110101100001100100110101010111010000101011010010000
011000000111100101111101111011001011100010110110001000010000
011110111101011100110100000010000110010111110000100000010101
010010011110110111110000011111110101010111100001111100001100
111001110011011010111101011010011010100110011110000111001101
100010100110001111000010100111101111001110000110100111111010
000010100100100011000111110101001110101011100011100101101010
100100010111001010101100101000110100101010001110010011010111
101010111111010011010101100111100001010110111010101111001110
101101010010011000011010111101111010101100101110010001001111
100100011010111001001001011001000111011101110101110100100101
010001111101110100100001110110101111000100001100000001010000
101100000001110000010100000110101000010100010100011011100101
011101110011010101101011000011010111011010100000110010001000
100101111111001000100101010110011100000001011111000000010100
001000010001000010010111011111100001011101010011010101001110
