110010110000001001001100011110101000101101111001100101011011
000101000111000100011111001100101111101010010110110101001100
101000001101001001100100110110001001101001110100010000100101
111010101110011001100000010000100011001010011111101111010100
111100001100110010000110000010101111010110010011001000101001
000100000111101000010010111111100010011101011000011000100010
101111110111100000111101000000011011110001000101001010010011
110010100011111010100011111100100000000110000000101101000100
110001000110011010001100110010011001110011001100010001101000
111011011010011000110011001000100100110111101010101001011001
011010001111000011010100110011010001010101001111000011101101
111110110000101101010001101001111101011101110001100011111100
010000010111000001011100100011000000111111001010001101110111
001001110100000100001001110110011110110110110110111111011010
011011011011010111010100001111000000100111100001001111011111
101101001010000111011011011010000111110101110100001010100000
111110000001100110101000101110010010010010111011101001001001
010001110010100100010010011100101110000110000010011111011101
011000111000111010010001001001110110111110110101001001111110
011101000110100000001010100011001100101010010100100000001100
010110011100101000110001010001000001101000000011100010111001
111000100011111110110010011000010001101011010010000101000001
110010000101011100000011100110100100100111111100011111000111
011001110011110011011011110101101010001000010101001011010100
100001110110111101001101001010010110111011000010000101010110
100011101001000100110001111001000110001011111000010100110010
100110001111001110100000100101011011101000110101100001010000
101011110110110111111100111000010000110110010000011010110001
011011101010010111110110110110011011110011001001000001011101
101100101000011001000001110011110100101111000110010110100100
001010100101000101011101001001010010010011100010001111100000
000010100101100111010001111000111011110101100100010001100000
000111011110110011011101111110001011100100001010111111101100
011001001010001100011010110101010010011001110011000010001000
000000111011000101111001101111111101001111111110111111101000
110010010100000001001010100110101001111110111000001111110000
000110111001101101001010100010111011011010110011101000101111
111111101101011000010111001101111100011011101111111100101001
010001101000111001100001000011110110011100101101110100110010
101110010011000101110011000001001101111100110000001001110011
