011111000000000110110000010110011100000110101010110011010101
101111001101100000010100000100100010101111010100010011110010
001110101010111011110010101000011010010101101101110101011010
000100000111110100101011101000111011001000110101000001111011
000001111010001000010100000000001111000100010011110001100110
101110110111010011111011111010110101110001010010001010000010
110101111011100111010011111110011011001011010111010011110001
011011111101010110000101110100010001101000101100101010100111
100101001111011000001000111000001001010010110001001010111101
010010110101000100011111000111110110110101110101110011011100
101110011010101100000100110111111011111101001101100001001101
110111000001111001100011010000001010110010101100011101110011
001101110001110110100011011011111000011010010111010000110000
110001001000010001100000010110101110100000011001001100101101
011101111101000001100100111000101110010101110010011001100110
000100011010110011011000011010010010000000010010011100101001
101001111101111011110101111011000000101111100111000001011100
110101110011100010110000110101000000110101110011100010101100
100101111011101000001010101111001000001000111001110001001010
011000011110010011101010101010110010110100100010110101110100
111011110101000111100100010101001010110000100001110101001001
000110101101000110111001110111000011000111011010110010000110
100001111010001100000011101110000001100100001100011111101000
001010000010010001100100011101100101101011100000001100010011
101110100001010001011010110110101011010000101011010111001101
000010110101100000010001000011000110110010111010010001100011
101111011100101011111000010110101010101101000011010100111110
111101000101101110011110000110001101111111001010011110010100
001101011111101110110010001100001010000001111101000011111001
110000110000110111011000100110011101000101010110011100100011
000110011011100000000111100010010110100110000111000011010110
110000111101100100100100001001000010000110111010100011011010
000100011010010100101100110110001101111000010000001111000001
000011111011100110110001011010111100101110110100011100000001
110110100101001111100000010011101011001101111010101101001001
100001010111010100100111011101001101110100011100111110000100
111000110110101111001111110000100100111101100100100011110010
100000000011101000100100111011111011110001011001110010000100
110000001100001010100001011000111111010000111111101001110111
110101110001001001011000100011100000100101101100111111110000
