110001100011101011001111101100101001001011111001101110111110
010100100111010000111101110000110101011010111000101100011101
011100011000111110100100011100110101001011100100111011001101
100001011010010000101011001101100011111100101101101110111110
100101011011000001011001100001100010001000110011000111111100
110110110111011111101011101000100101010110010010010111001011
011011101110100101001100100010100100101100001101100100010010
010111110011000011111010111110000100011011000000001011000100
011100010101011110111010010111100010101001000001111001001101
001000011100000001110001100100001110010001011111000110001010
101001100010111010101111000110111000011111100100111001100110
011011001100100011000101111100111101011111001001011011111100
010111111110101000100010011110010011001110010011001010101000
011100101011001101111111100110100101110000011011000110100100
100111000000100000101110110110101000100011010101110011111010
000110101001001111001100011011101101100001000010110110101100
010100010101010011111101110110001001101000000111100011001011
100111010101011010110101000101000000100100100000110100010010
010111011011110101011000100110111011011010000101010011001000
000000000000001101101100100110001101000001100010110011001111
100000010100101110110001010110111111101101010111001001011110
110101101101011000010011010110010000111001101001000011010000
101100100101101010110100110011111100101001010100100011001111
000001101101111010100001010000011101010111010110001001001001
100000111010100000101111010100100110100110000100101111100011
111100100001101000000010011000101010110110011110001111010010
101100111011101010101000000110110000001100110101101111000101
001001100001001001011101110101110011001001111101110101101111
001011111101100101010000100101111111011001101000011000010111
010101111010000111110011100100111001101000000010110101001010
101001001011010001011000010100100111011000010110110011110101
010001101001011011110011110000100101111011110000010111011001
111110000010011011000110010010111111100010111000011010001000
101101101111010111010001011011100010000100110000011111000101
001111101001101011100110011111100111010010000101100010111010
000000111101111001100101001001010110000110100110000010010000
111010001100110010110101001110000011001001001010011001100100
101100101101111001111100000101001100011000011001101000011100
110100101100010001100010110011110111010110011111110000010110
010110000100011000100001110000000110101010011111101011001010
