101101001000010011000100100010000010111011100111011100110001
000111101001011101110100011100100110011011100111011100011001
001100011000000111101101110100011100011110110010101110111010
101110001111001011000000000010011101011011100101011100100111
101110010011000001100001100011010101000111000101011100111110
110000011001100010101000010100110111000000100000000001011100
101001000101100000100000111000010010000011111011000100000100
001100111110011010110101001101111111011101001111110000101111
000101101001011110111101010010100011001100000110001001111101
000110101101100110101111010000010000111010011010010100011011
111000110011100111111011110101001110100101111110111000110100
111011000101101111110011001110000110111101011010101100010010
011001100111101011110000001000010000011010010001000011011011
001001101000000001000010000101001011001101000001101001111101
011100100101101001010010111011100010010001101010101001111011
111010111011110000010000101100010101010001011111000101111100
010011111011000100111101001110101100000100011111000111001010
001110010000100110010011101000110000100010110000010010100010
101111001011101010101010111001110110111100011001010100001100
001111001011100111101101110001001011011101011111101011011010
000000101001111011001111001101100001101000101001101101101011
110001101111010011010011011100001011111000110010101011010000
011010100101010011010101001111100101111010111101111110110100
000111111101001110101001110011001001101010101110111001011100
101010111101010101011011011110111110001000011111110101111110
001110100000111011010011010111110000010101110001010001101101
110010110001110101001110100101010101000100101101011101100000
000111100110111010110100010111110111111110111011001101010110
111111101010110110111001100100111101010010110001110011001110
000110100010011010000010011000010100100011011110000111000110
110001111100111111000001000110110011100010000011001001101011
000100001001110111100010111010101000101101100010100001110110
011001000000101011101100100100111111111111111000100011101011
101001111101100111001110111010000111100010101001110010001101
010110100001000100100100001111001110011011010101011000100010
110000110000100000111001101101110001110101101011101001111010
100000110010101010001110010101101001011011001100110101000101
110001010000011100101000000111000101011110110100011000011100
101010111010111100011001001101010110101010101011000100101101
000011110011001000010111100110100011001111011101000010000001
