001110001011011111111010100101000110011100001110000100100110
000101101110000011111101111110011101101011101111110010010000
101100000101000001010110000001011100010011100000110101001011
101101010101111001010011000001011110111101101011111000001000
001011110010000010001000111111000101110011100111100010000001
111110011111010010001000110001010000011011000011000010000001
101011001110010000000110000101010101111100110010011010110000
111100010000100001010111011000100101101110011101110010011111
110111010010100111111110101010101101100001001110001111010000
010111101110101101110001010110011111010000010011100010001111
010011101000000001110100110001010001010010010000101001100110
010011100000010010011001110101110100100000010101011100100100
000011110110100010110100111011010101100110100100001000110111
110100001111000100000010001101001011101000000011100000111101
110100010001001010011111001001010011000000001010110001100011
110110001001110110001101111111110101011101001100000101000001
101111001010010010111011100110001010110110000000111001000001
100110000110000101100110100110101010010110011111101010110111
000010001111010100100001000001111011000110111011000000100111
101100101100000000010110011110000110010111000010011101100111
000011111101000101010011110010100010001010011110100110010100
101101100000001000100010011101001101101001000011001111001100
001000100010101011011100010100100110110001100001110111010010
000011101001100000011000000101111111100010110110111011100000
001101111101111000001011000100000111101000000011011111101010
010011001001011111110100101110110001011000000010100101001001
111010001010001111110111111000100000110000010110100011011100
100110010000100001110010011110000001110101100000101110101010
101011101100000000011101011110010011110000001011100101101100
111111001110001011011111001011000111000000110010111000101100
100101010000101111001110001001001110011111101001010010010000
001001111000011000001100010100111011111011000100111100100010
010100001000010000100001111000011010111000000111101011001111
111100101000001111011010100101001101101100010000111111000001
101000000110010101010011000000110001111101010011011101010101
100010000100110011101000010001101011101100100000110011100000
111101100001101010111110111111000111001010000001010110101100
100000101101110010110101011011000111100110110001001011111110
111010101001001011100001000100001001011010001101011000010001
101010110110011011011110101100010100100000111001000001001010
