111111010101111101000000000011101111111010111011001001100100
000110010011101011101110001000001011100000010110000100111101
000000011000010110001110010111101010101010010000101010110011
011111110111100110111001101101111000011000010001111001110110
110010000111101000010110100111100100101111001011111000000010
110101110000111010001111011100011001110111101011001110000011
001110001100110111110100001101110000000101100011101000100110
000111000001110000001011001110101101010001000000110011000001
110110100001101011000100100001000100111011100101101000010111
100000101101000111101100100100011100001101101010001000010010
101110010011101010010111010101111010110101001100010111101000
101101000011111111101001100001011110011010000111110001110110
010000110010010100001111011010111100000001111011100101010111
111010011111111001110101000111011110011101000001101011011110
101101001010100110000010010000001110011011010101011111010011
001100011101100010011000011011001101110110111110010111001001
001101001110111001010111010000010111011001100001010000011010
000011100110101010110000010110010010101111110001011101000100
011011000100010010001001111011101010110100100001001111111111
010000000010000000010000111011000100000110010100010001110100
110001010011101000110000101011011011010111010100110111111110
100010110001010000001100110000011101111110000100111001001001
000101010110010101001101000000011011010110011010110111100101
001001100101000110010101001100101000011000101100011001010100
100110000111001111110101011111011111011000010000110110110100
110111001001001100111001010111101010111011000111100001010100
000110011000110010010011010111001011010100011110001011110000
110100110100001110001101011111101000000100010110101001001011
000110100000000001101010011010100001101100010100010101011110
101111101000111011101100000111011110100101010000001110000010
100010110100110000101010101000000101010001001110011110001011
001100000110111011111010101011100101110111110010000111110100
101010101110001011110010111001101000110111101100001000010101
010111010011000011000100011100101111000011100100111000000001
111000111101000000010111101110011011100100000100101101010101
001011000010011011111111000111111001111001000001001100000001
101010000010100111101000011110101101011001101110010111001011
110000110101010100010101010100110000100101111100010001000110
010110111001101101110010001111101001011100010111001111011100
101111111111101101010001000111111100101001001110100111000011
