001111100010100010110100110000011110000110110010110110100001
111001000111011000111100110111011110111101110011100010001100
011000111101001001110111101111000000100000001111101110110110
111110101011001110001001000110100000101001000100110111111111
100110110011000001101110011000111100001010101110111001010001
000111111001111001000011100011111101011010010000001001100000
110110010011100111011111111000000000100110011001011010100100
101100010001101000110000010111011110100010011111110111111001
100110110000110000011010011100100110000101001001110011000101
110010111100011110110110100101110101111111011111001000001001
111100100010110010001100001001110010110100001000011011101110
011000101000100101111111101111101010000010111001011111010000
010011010110001001010100111111010101000101110100111111011001
110000000101101000001111000101111011010100100100110011011100
000010011001010100000100010101011111110100000010100111001110
100010011100001110110101111001010111001100101101000111011100
110000110001100101001001111001001111011110111110110101100001
011011100110000110110010011011100001100111010011101111010110
111000100000100001010101000111101111000001000101100100100010
000011001011101001000101111010101001101100010111101010110000
011001101111100010011001010110000101100100001001001011110000
110111110010101110110011110011100100111101011010010101001110
001101001101101100001010111000110100100110101001001010110010
111011101110011010110011001110000010101111011000110110000110
100101001010110010011010000100110001010110010100111010011000
000001100011100100100000111010110110011011010100111111110011
001101101101011110101000010100010000111000100001101111100100
010100101110001010011100000111111100101111111111010010100011
100111100101011000000000011010110011001101000010001001101101
101001101100010100010101011001100100100101001001101110010101
100110101111001011111110110110001100011100010010111100000101
001111000001101101000011000100111010000111000101111010111011
010011001000011010101001110110011001001000110000101011001110
110001000010101000111110000010011110011001100110110101000011
110111101110110100000000110001100000111111011101001101101100
110011011110110010010100100001100000001111101011100101100111
001101010100110010010000010100001011101111000011101101101010
000011011101101111010011010101101010010011101110011011100000
100110010111100100111101101011110010001100110111011111111110
000001111010100100110110011111110101010011101000101011001000
