100011110000101011100110010101101110010110110011011011110011
011000110110010110000000010001000001001011010001110101011100
101110001111010101010101000001100111110101011011101001011001
010100000110000010110100101001000000000011011001110101010101
010001000100010001101010101100000110101011110111101011100110
001111111111101001001010110111001101010000001011100000000001
001110001100111101111010001011001101100001101000011100111001
001011001101001000011111000001011100110111111111111100010101
010110011000010111011000100001011011001111100011011011011011
001001101101000111101101001010110011111001010111001100110001
011111110001011010001011101101001011000011100000010000010110
010101011010101100010010011010001101011110000000110001011111
011000001101100100110111110101111001011001111101110010010101
001011100110010000000001100000111001100000001010001100111101
111100001011000100110101010010101100110010100010111010010100
011101100010111001101001101000110011100001011000101111110100
011001111000101100000001011111010001111010011011110010110111
000101001110000101101110100010111110110010111000100000000001
010001000001001000100111101101011010100011010100010001110101
111101010101101110100010000000000000010101110111011001001010
001110011001011110000011110001110010010010101001100010100011
001110000001001010101000100010001001000010111010000111001000
101110100011010011011001011010111001110000011101111111111010
011110110011110001011100010001100101101011100100001010100110
100010010010000111010111110011011101101001001011000110111010
110110000110101100110010111010100101100100001010000011001001
100101011111100000010100110101110001110100001101010101001011
001110100111111000100001111010110110000010011011010001100100
010101010100101010101011011010011100101010110101010000110011
110011010100001111010101010010100101011000001101011011101100
001111100110001101000111011110111000101100010110001010010000
101101010000111000001101010000001011111101000101100010000010
011000000100111100000010100110001110010110101111011100000101
111100000001000011010000000100000001011001100111001001111011
111101001001001011011011111000000111001101110111111101000011
010110001100100011111000111000000011101011011001001011111001
000110101011111001111010011001000001100010011101011101110001
101000000100000010100010110101100110110011101101010001001011
110011100011111010100110100010001000101110111001010001100101
000101010010001110001000010001100000101111001010010011110001
