100100010111110111101111111011000101111011110101010101000110
010011110101110110000111000001001010010100001110010100011000
011010101000111111000010110100001100111011100111010010100110
011000001111111101010111011010110000110001100001101101000101
000111000101001000000011101010011010011100101100101000000100
111100010000100111100110010100001010111010011001000000011110
100100101100000101100101110000110010111010001001100100011010
111110111110101111111010111100001110011101000010011100000100
001100110010011001011100101011011111111111010110000000110100
110100000110100011101101010110010101110100010010010000001010
101110001100011011100101110111110011100010100110101100111011
001010100011000100011000101100111011100110001001101100000101
000111101011111110100111011101110110010110101100011001000001
110000110101110011101010010001010110100100100001011101111110
010111101110100001010001000100110010110001110000001111011010
110000001110010011001101111010100010000001011100011100000111
001101000011101111010001011010110100100001111011011101010101
100110100010011110111110001001111001111100100001111101010010
010100111101011110100000011000001001111010011100111000111011
110101111001011010111011101011111001111011101001001011001000
100100000010100011110101001011001000000100111010011110001111
101110110111000110010100111111111111011110100101000100001011
001011010100011100001101110001110010101101000111000101110100
100100011000111111111100110011101111110101111000110110001011
011010011111011100011110100110011110111001101001011001000000
010010101100101110111011111001101010000101110111000111011011
010001111110100001000110010011101001001001111000110011001110
111101110010010001010011111111110100010000110011100100000011
101110101100100101101011010101100110111100010111011100000000
001101010111111101100000010011000100110011100001010001111011
101010111010101000011101110111010100101111110110111010000110
000000110100011010001100110010011011110101101100111101100010
110101101101111100001111000001010100001111110010100000011100
011011001110001110010111000110101001110010101100100000011000
000111100000011100101101110000011111001001010101011111001100
101001000001001011100001001011110010001010011000010001000001
001110110110011010110011001001100101000011101001110000111111
000000000111111111100011000010100011000111010001001011000101
110010110001111011000100001000011011001000101010011011111111
000100000100001110011111110111101000100011001010001111101001
