110011111110001010010001010110111010110000110001100101111000
001010000011000000111100110101110110011001010110101100110101
100111010111001010101100011001111010101110010110010100011111
111000010011011101001010101000001100010001110111011101011000
100111001001010100001111000110011101000111101110001110000100
011001101001010100101101000010000001010101011110111110011000
001001010111000000001011010111000100100001011101110001001001
000010010011110111101011110000100100100101000110000011100110
110001011101100001010011011100100110110001010101101001001101
000111001011101010000001011110010000101001000100100001110001
011001110000101001000001110111111101101101000000011011100101
100101101010100011001110001000011110100011000011010000001100
010011010010100110001101000010111110010011111001000000100110
111111111000010010010010111000000110011001000101000011111101
010001001111010000111000001100111000010011001111100101110110
100000111111101001000000000110111100001101001111001110000111
111011110011101000001011111110001101100000000110110010100010
010001111010011010011101001001011000111000100101100110010110
110101010111000100110010111010011001101111111010101010110100
010110010000000000000000000011001110110101110000111101011000
111000010110110100111011100101101000001001001100100000000101
101111110101101100111001000010110110100010010001111010100100
100101101010100011011000011011111110110010000001101000001011
000101001010100101110011000110110111101011100110110110011101
011110011101010010010000101000001111110110111101111111000000
100010010101011100111101010001100011010110100100001111010000
000110101101011001000110101010110110100111100010100000111100
111010000010101110001011001001101101110111000001101101001000
000001010111010010001101101110110111110110110110101100001011
000110011000011101011001110111110010000011010100000111100100
111100010000100001011101001110000110000101010010110111100000
101010001001010010100100100110010011100111001001101001001111
101000001011010111101100100110101011000100010101001111001011
110001101010101110011011110000010101110010111011010100001100
000000010001111111000011010011011001111101110010111110001111
111101101111101101010011110010001100010111110110101001010110
111001010110011110011010110110011101000111000100001100001000
110001101001000110101001111110100010100101101110011000100001
010000111001010110011001101011110011100111110001010101010111
100000011001111001101101111000001110010010101010110101000100
