1100010111101100010111101110101110010111101101110100011100001001101111100011001111001111111101000101
0000110000011011101000100001000000010111011000101000011000101000110110110110111010000000100100110111
1011101110001000001011010001001011111000101000100011100110110001101101110100101011111010101011100100
0101010110110100110110111110010100101010000011010111101100001100000011101010000000000101100100000110
1100010001100011110101001001111010100001000001011010111110111010000100010000100011000010101010111101
1110111111011001000010001010110010100101101100100111110111110100101011100101110011100110001101010000
0111001001110011010100001001110100100111101110100111000110010100100110111111000010111010010010110110
1011100111001100011101010100001101111101000010011111110101010010010010000001001001001100101000001101
0010111111011010110010000001011110000010010110101100110101111110011100111110100010011000111110000011
0111110000110101111111110100100000101011101110101100111010100110110010001000010010100111111110001100
1110101111011011011011001111000100100100000111100101100100011101101100001001000010011001011111101011
1011001011100001111011011001110001010111111101111011000011111101000001111001001110111110101100001000
1100010001110111110111100011111010011010000001011001110110010111010011111010001000000100010101100101
1011000001100101101000010000101101011110110001011000011000010000111111101101010110111100011011001011
1111110011011100100100010011000111010100111111101000100011011100000110011100100000000101001000101110
1101010101111110010110001010010000111100011100110110011100100010011111110100100001001111101010111001
1111100110110101100000001000010011000100000000111100110001011011100100010111100110110010000110011010
1010001100110010110101011100001011110100011001101000100100011111011001000001001000000000001110111110
1110110111100101110100111101101111100010111110011001001000101101111110011110011001110110100011101110
1010001111110001110111010010001010011011101100111111000101100111100000010100101111001100111001111110
1111110011010100110110100000110110100110000000010000101000001100000100000101101010110010100100001101
1111010010001011000011101111110100101010011011011111111000100011110011110100001001110101010111001111
0100010101011001100011110100101010111110110000110100110110001101011110001011110000001001111100011001
1110101001000111000100101100110100110110100000001011000111011010010010000000101010111101111010001100
1000001101010011001011100100000111101000000010001100100001010110011110010111111101110001010100001010
0001010000101101010001010000111100110001101100101101000000100110001011100110001110011000100110010000
1010110111110000011000110001111000111000000100001101110011010010111000001101010000111100100010011111
1100101100101110111010011100101001111100001110000111111100001100101001101101011101111010111010011000
1101010110011101011110110101110011001011100011100010111000000110010001100011000101101101101000100011
0000001111101101111011000110110000000110110100000110000111001110000011001000011011111001101010010001
0001111100010110011111000101101001000000111101100010011001111000110100101001111111001000100101110101
0101010100000010011111111101100110000101110001111001111010110001010000011010011101110100100111011100
1101011100001011101111000100101010101110100010100001110000100100010011100010000100111100010001110001
1000101001011111001110000101100011000100100010111111101101000010111011101010010011111011011000101010
1111001001101001011000010111111011101111001101110000101000011010110100100011100110011011100110000001
0101001001011010110000101110111100001010010110001001100010110011011111000011011100001010100000111110
0100110111000010011101011001010011110010101100000001000000100011100101010101110011101001001010110101
1110001010110001000000010010101101001100101111000100101010101110001100011100011110101011100000100010
0011110110001010010111110111011001010101100010100100011011000100111110010011011100100001011000010100
0101111011000111100101111100110010001010001110111111101101101010011000000000010111111110100010110010
0100100010010010101000110000111110111000000101010010101001010001011001101111110000000000010101000110
1111100101001010011101101010111110000011011010000001011100101010000001011001011111110111010101101000
0111011100100101101001110100000110001010111100111110110100011000010110010110110111101011110001101110
1000110111100101100000001010100011000011110010110111100110111011100100000100110010000011100001110001
0100001111011011101010001100110101000110010101101001110011001100010100101110110001011001111101001110
1101001100101111011010000111111000010000110110100001010011001111011110011010010010110100110011010101
1111111100111110001110111100000001011110011011101110000111010101000100001010010110110011001011001001
1011001000010011111111000100000101100100011110010100000001010011110100011000110110110111010000000101
0101111100101001100001100101101101001000000010010100110101111110100110100110001000110111101110001000
1010100011000100001111011110101011101011000011101000010111101110010001000101101111100011110011001111
