110010010110001010001111110100111111110000000010101111001100
011000011101100011111100000100001111100111011101010000110111
011000111111111110010011011001000111011001110001110001101001
000010001000101001100100100011011010110100001101010001000000
000111101111110101111101001111010011000010000101101010111001
010110011100000111111110101001010101010101001000011101011101
001000101111001101111110100001011011100100100110101010011100
111011110100001010000010101100110101001101000111111100100101
011111001100011110100000101010110001001111111100110010000001
001010101101100111001001110110100001000110011011010001001100
001010110101010011101110001110100110001011111100000011101010
100111111100010110010100000000000100101001001110000011111111
000111111100000010001001111111010000001100000010000011111101
110111111010011100100101100101001000011110111111100000101000
111011011110001101001001101010001100111101001010110101101001
110110000001100111101110001000000011010111110011111111100010
000000101001111101001100110100111110011001011100011101000000
011001011110001111000110101111000001010111010100101101101010
011111010111110010111101001000101010110001000100000001100100
001101111000111011000101111010100111110111110101111111000101
000010011100011100001110100110111000001001110111001011100110
110100010000110111101111010101110011101100111101110100010011
110011111101000100100100011100101101110100100111011111110110
000111000110011101101101110000110110100111110010010100111110
010001010000000010110011111100100001011011101101010001111011
001000011011011000000000011010101111011001011111110010101100
100111111000100110111110000010111110100101110111010111111000
010011011000011011001111110111011001100010010111000111100001
111011010101001001110011101001010000100001011110011010101111
001001100010010101101101111001100011100010010011100011010000
101011101010001001100011100101110101100011110011011011010010
101011101111100110110111111100100010010100110000011110010101
000011101101111011111110101101010111011101011000010111010001
011010101100010011101110000011100011111101110001011011010110
010011001000001101111011011101100000110010010000000011101011
110010100101001110111011001111110111110110100101100010011001
011011001111001100010100101110010011010110000011100000010001
111001010101110011101001000110010111001100011000000000101010
001111101010110101001100001100000010101010101101001101101010
001100011000001100010001010011110000010110100001111010001111
