110011110111000011000111001100000100100101101101111101010011
000111010010000100011011000001000011110000010000100101001100
010000001101010111110010010110011000101000110111000011100101
010100110010111000000100011001000100100010110110010100101100
010010101001000100101001000000000010110101001110010110011111
000100010101110110010011100000010011011010110011110110000110
010101000100001110110100101001111111100000110100111101100011
110110101011100000101000010011001010111100110011010011001101
010000001111100101001101001111100110111111000001001010011111
101000010001110111111100000000100111010101000011000001001110
111010111010010110010100111001100100110100000001111010000101
101100011011000101110101001000001111001010110111101010100000
010001111000110101011111001111101111000110011100001011101100
011111101111000110110000011001100000111111111011100000111101
110011010101011111011000010011101100000100110101101000101011
111000100111101010000110011001011011011011010010001111101010
110000011011000110111101000001101111101111010111111011000100
000011010000011111010001010110101111000100001010010110000011
001100000101111110101010100101101011010010001111011101011110
010001110001000001111111011001100011011010110000001000111100
001010100000011111110110110010111010000110011010101011101110
001001110011011010011001110100110100011000010110101100000000
111001110000001100110111011100000000111100100110001111101011
110010111000110111010000110001101000111110111010010001110111
001111011101100111110111010001011100111111011001110101000010
111110100001011110010011000010100010111110101011100101011101
010011011001110100000101111001010111000100100010110100011011
101111010100000010100100001111001110101100000110111100110011
001000110101100101001000010010000010101101001110001100101110
000110000110111111110011111111100011010001010010001110001011
111000011101101000010000111101110111010101100110101100111001
111001110010001000100100001011010010110001000111010000111111
010001000100000010111110110001111100010101101101000010101011
100000100000101110111010100100011110111111011101101000110011
111010001110100010001100010010000110100000101101100101101000
111011010010111010010110110100001001101110100100101010100000
010000111011000011101111000100011011000001111000100010000010
000101100010011100000100100000110101001111100110010000001100
000110111110111110011110001111111100000000001101001011010010
000111011100100101101111101110110111100100110111000110000110
