100111011000101011010011000100011111101101011011111100110001
110100011001100111010110101011011010110010100010111101111010
011010100000111011111100111110000010001011001110000011001011
001010111011001001000111101101100001001101110000000111110011
110100010101111100111110111101000101101111100011111101111110
000101010101111111011100000110000100000101111010110010010001
010101100100000010111110101101101100010111110010100000010101
100111111010101100010011110001111110000101000100001101111101
010010010001011111001100001010111100011111100010001001110011
010001110100011100000011111010100011010000101000011001110100
101011011111110100101001011110011010000101001100011001011111
110111011101110100010011111100101001010101111110111000100011
111010101000111101101110110000000010010100100101001000011110
011000100111000110101011000111000100000011011100110101101001
111011011111001000110000110110011110010111000110111100101010
010011001000011100110010110000100000101011000010110111111011
100000001111110001011011101010011100100111110111000110110101
101111111001101010000111100001110100110101011010111100101110
101101100000110101100111100110110011111101111000011110001110
101011101100001111100010000101001100100111001111010100010100
111100010100111001110101000101100000000100001110110011001000
010011011101100100001011100111011001101111010111110001000101
010001111111001111000011000101111010101001100010000011110010
100011101010101110011011101001001000110110001000111101101100
101001000100010010101010111010100010111001111111001000011000
111110101001010101001011111000100000001000010100001001010001
111011111100001111000110111100101000000001101011000100010001
100010000111100101110011000001101010000111101111011100111110
111100001001010011101010101010100101111000110011111101111101
011000111011110100110100010101100110010011001100011111110101
101100011111111001001100111001010100100110110010000010010000
001100010110011101110100110111111001000001100010000110100111
111111011001110111011001111100010010101100011011001011111111
011010110100000101010011101001100000001010111110000011000011
111010100101010101111011101101100101011010101111000111101111
100110001100010000001010000011111010111011000011101001001100
011011100010000100000001001101000111111111111010100001101111
100001101010000011100100101001010011101000000001100100101010
100110000011100011111100010010110001100011100101000011100110
111010100000010100001101111110110111000100010110011001111110
