001111100100011010001011111010011100110111010100101001001100
111100001011000100100111011100011010111100111000011110100100
000100000001000001101101011100111010110011000100111100110001
110110010111001001011101110111111010101100110001000001100001
101110001111101000000000101011101111011011101110000110000101
101111101001110010100110010100011111110010101110111111010010
111110111110000000111010001100010011111111011100101100111010
011100000100001000100101100100110110001001101000000001111111
011000010101010110010100110001011000100000001011111001110001
100101110000000001111111110110010010101001100110110110101000
100110110001101100111000100100000010100001101011100100110000
110101011010101010111110011001110101100001100000101001111100
110010101100000110010101100100011110111100110010010101100000
101101110011100100110001100111010100111111111011001100101011
110000110111010000001111000000111100000001101000011111101111
000001100111110010011001011010000101100110101011110110110101
111110101100101101100100110101100110001100111111111110111100
110111000111000001110011111001011010000010000000111010000110
010010001101101100001010110010001001010011101011111000010011
000100010110000101101011000010011000101100111011000111101101
011001000101011101101001100101101010010010011010010000110010
111000101010111000001101101111110001100010100100010100111100
010000110100000101010000010001000000100001101111001110001100
001001001001010010011000101100100110001001011011000001001001
111000010010110100111001101110001010101101101110111010010100
111001000110100001100010101011011000001110001101000101111110
011110100100000101001111101110110001111000011110101010010001
110001011110000000111101111111100000110011000011111001010101
001011101100000011101110100111100111101010100111101110011001
100101011000010100010000010011111011110110010010000100001010
100110001111100101101011100110010010100100111111001100001010
000000011001000111000010011001000101100011100010001101010000
011110101111111111101010111100011110111000110100010000100000
110010100110011101101010010010110101011100000011111000110010
011100000111110111001101111101000101111111001001100100100100
111001000101010110011100000001110001001000011100101001110000
000110110101111110111110010000011100011001001001110010000111
000100001101101011101110111000011110111000100110001000100011
000010011111111001100000011101000001000001001111001110111101
000111011101000100111100011010001110110001100101110010101111
