111101011000010100111100101111011110001000101011010010101101
011110010101101101110000010101001111111110101010100111010110
100000111011000110101010000110111110011010001011100001100010
101101011110001000000111100111100011101010111001110011110101
110001001001101110100101000101010110111001111100110011001111
111000010100001000011101110011011001001111100010100000011001
011100011011100010011001000011000001101111101001001110011011
100010100000011101100010011111111010100000011100001011111111
110101111101010111101010111111001110001010111101101000000110
110100111100010101110010110110100110101011001011000100101010
000000101100001101001101010000101001100101001100011101100100
011111110001100001111110100100010111010110101101110110000101
101111000010101000111011001111110100100011100011110110110101
011101101010100000011011101111110101100011000011010111011011
001110100000011011101011111001111000101011110000011011001000
110010010100011111111010000000110111011110110111001110110110
001110111110100010101000001011110101101000001110000001101100
111110111011010111100010010011011001010100001010111001011110
101110100110111010110011100111110100101011100110000010111101
110101110100000100000000100110000010110111001110010010010010
110110100100000011011011011010100101110110000111000100001110
001100001000111011011001100111000001000110000100001001010001
000111010111111000011100010001010101011011101011010100100100
011100011001001001100101000011110000101001011001110110100011
111011001010000100111100000101010000111110010000101010000101
011011001110111011001010010111011001010100111000101100100001
100100011010101011010101110101001101110110001110100010110001
001110011111011100110011010100001111000100001010110110000010
111101001100100100000001011011000101010011010100110110101001
011111101111110000000001000000100000010101011101011001001001
011001110011010000100110011100010011010001111001010101011001
010100111000001101001110000001010010101111111001000001011100
000110100010011101001011010001100100011010000011010110111101
101001100110010000010101001111100011011111000100100011100001
110000100110100000111111010111001001101010110110000010110101
011011000001010100101011011111010111001110010110101011010101
011000010011010000110010011101011000100001001011101011101011
011100011100011100011100101100101010000001100010011111000010
110011111100101011000110011110010111010111010101110001111011
011111010010110110000001011011001100100000010110000100000111
