100000101011111101111010001010011100111100111101011110010110
000001101111010110111110000100111111111100011011010001101101
110001001001101111111000111101000000111010110000110011111010
111010111000010110000100010010011100001010111000001000010110
001111010000101011010011000000001100110010101010111100110100
100001100100101011011010101111100111011010001101010110101010
111110010111011010111101111010010110101110001001010010010101
110110100001100111101101101000110111111011010110000110101100
101101000000010000110010101000010110011101001100111100001010
001001001001100110101010000101100011001011101000011000101010
100010001100001011100100101111001100100110110000100001010011
011010010001000110010100000101010011010100101111000111111100
111010101001111010101100101001101101010000111011101001100000
111100101000001010001000111001010101111000100000101110110111
100011000001101111101101011000010000110010001100111110101001
101100010001100110101011111110100110100001110000110100111001
101111100100010011111111001111111110110101110011110100001010
110000101001101111011011000111001000000100011111011010001101
000110001101111010111101100100011000110110011011101000110100
101011001001100100010000110001101110101100000001001011100010
010101010000010000111100101111101111101010000010111010100011
110100001010101010110101010110100000110000110110111100110101
101110110101101101101101110111111100000001100011011000110111
101011000110110000010110010111011001111111100100110000001111
011111000101001110001001100110110101000100001001010010001101
001000111111101111010010101000011011111101101011010001110000
010011110111110000101011110010100100101100100111111010001111
000101010111100111010011111010111000110111111111011011010100
001001010000010111101000111110000110101011000011101110001100
111000111001100110101101110010011101110000010000010100001111
111001010001001001100100101010011111010101000111110100000100
101110000100111011001111001011111001001101100101011010110010
100010110100101100101100011110100110000100011111000101110010
110000101101100100001000011011010100001110111010000001010110
101011001100100011010110111101001100010011111000100111001010
110010011011100101011001011100000001111110100110110000000101
010000011101001110010011110100010011100001100011010100101101
101111110011010000000101110000110011010111000101101010011000
100010111110111000101101100100010000111001100001011010010010
000001111010110101011111111000111110000010011111100001010000
