001010000000111001101011000101010101010011011111111011000111
001000010100010010111111110101001100101011100010001001111100
000010011011101000011101111101101111001010110100110001010110
000100101011010101111001101100111011001010101111000100000010
000001100100001011011001111000011010110101001111111011011001
011101101011101000011110001101011001111001011010110111100100
010011101011010011101101111000100101111011110101111101111110
011101001111111110011010101001010011100011110110111101111101
011010110001111010111001001000100010101010101100011111001110
100000101101011000111000101011010110011011100101001111111101
111100011000000100100101111111111000100110101111101111111010
010111100011010000100111100100000100110111101110001000111011
101100000100101100001010111000010100000110100110000110110001
100101010001100100111000111001011110000001110110000010101101
110000010010101111011110110111001010101001100110000111101100
001011111101100111111100101110001101100001011000111001111101
100011010000111111110100011110100011010000101001100001011101
110001011010001100111100100111011111100010101000110010000100
010111011001001111111010111100000101101001110110011110001001
000101100001011011110110100001101011001010110001010101101111
001001101111000111011001100111010011101111110110010001111011
000111101000100010000111101101101011111110011100111111000000
010000110101001010110101010000001000010110011110001001000101
010100000011111111111010011110110100111111001010000110110101
110111100101101110011110101100100001101110001111100101001100
110000100000010011111110011100111110011101000101110010000110
010101110011111000100000100000101111101010011010101101101000
011010010001010010001100000111010001111101001001001101100010
111001001111101101001000010101001110011000011110000110000011
000011110001100010011011100011100010001111001110000110101110
110010100101010001001001011000100011001000000111101111010011
100011010111010001100001010110000101001011100111110000011110
101000110000011010010001000111010110010101011101001110010110
011110001010000001111010111001111101110010100100010010011001
100111011111001010100111111100000100000110101110101010110100
111011110001010001001110111110010111111100100011100000000010
010011011000011000010101000011111010001111100011010101001011
100000010001001000101100011000101101011001001101000100011000
100010011111010111110000111001011011000110110110100110000011
100001101000011011111111001100111101001101000110110100010000
