101110100101100100100000101100001100100010100001001000001000
010101011110001001101010110000011011011001101011111011100110
101100000111101100010011010001000110010101101000010111000011
010001010011110001111001110101101011011000111011111010100011
111000001001010001101110010101011111011101110000000110101011
100111010001010001110101101010111001100101001101001111000111
100000001001110001001111000011101110100011010001001110001001
101111111010010011001011110011001110001001101011100000101100
011110101110101010110101010011100101100110111001010011000110
000101110011010000111000100111011101100101111101011111111101
001011100101010110101110010110001110101110100111010010010000
110110100011110001101101111000000111011001111101111100101001
001101000011010100101111111010111101110110000011001000001101
100100000110000011011010010101001001010101001001001000000011
010010101100100100110111101010000010001111000010000001011001
110010011000000100011000000010110010001010100000110100100001
110011111101010010010110000011110111011011100000010001100111
011011101000100001110000010110011100010100010010100000011010
100110100111001010011010010010011111000100010111010110001110
111010000001001101010000111101010000010100001000011000010111
011110111000011000111100000110110011101000000110011111011100
100110010000001111110110001100000101000111100110011011000001
110000001110000000011011011111110000110000100110110001001110
101000101000001000111000010110001001010011000000110110011100
010101100101010010111011101101101100101111100001110010010100
100010101000111001001011101010100001001000001001000111011000
010100011111100000011010101100101001110100110001110010101100
111100010001100110111001101000001111110010101111011101100001
001010011001110100001011111111110001001110001111111001010110
001100001010111000111111100001111111100000100101100110100101
011011101001011100010110101111011101101100100110010100000100
000011101010110011000110111101100000010011000110100101010010
001100010100001111111111111111101110000100001111001010001001
101100010011001110011100010100110000111110111000111011010000
111001100010100000110010110110010010101101000001110101000001
000010011001010000001000100010100111111010110001110011111000
111111010001101100001010011010000000100100000100101010000011
011001110010110000001100101101010010101100110100111000011101
001111000010000101011011110110000101000000100011110100100001
001001010100000110101011101111101000011101101011000000011101
