010110000011000011100001001101101001000010011111111010101001
101011111110000101001100001100001011101001001100000011001001
110100100101000100000000011110111100001010000111000111000010
000111110111100000101010011010010001111000010000011001000010
001111111011110001100100010011100100000101010111111001011101
110110100111100011110001001110001100010011000100011110011011
001010000010011100100010011101001110011111100110011110100000
101011010001101111011001101001001011110001000010110111000010
000001001101100111000101101111010001110111110010111001011001
101101010000011000001110000110111111101111111010001101011101
100011100001001000001011001101001110100011111100111111000111
100010011011101111010010010101110110110110010000010101100111
011101001100010110111011011010111011010000101101010111001000
000111000011001011011101010111000001000100101110011111101110
101110001110101010110001110010011010110111110101010100000000
001101011000110100110001010000000010000101001110000110100000
001101001011110101110010011110001001101010111011011111110000
110101110110111001101000010110100100000010110010001001000001
000010100111010011011011110111101100000000110100011110011001
100110110101001110010000000010001001011001001001010110110110
110000001010100011011001110101111111010100100101111000100000
000110010000110100001111101000001100010001011100001000010000
110111111100000100000010101100000111000011101011111110101000
010010000101001101010011110101011000011111001010001100000011
001110110111111011011110110000011111000111000111001111010100
000001010001111100110101101010111111111011100100011111101000
101110110100010000100111101000111110101110101110001111111101
101000111010011010111111111110101000011010101011101010101000
111101111111010101000111011001100000110000010110011100110001
011011010111001011100000001100011100000001011100010101110000
001110110001100000100000001010110001111101000111001111001011
001110111011101000000000110011101001010111101001111110110001
000110101011110000010001010010010101100100111010111000000000
101000111111110011111110110010110111000101101111111100101010
100010000101110000000000010001100100011111100000010111100111
110010111101110100000000100011101010110110100000001110001111
010011000111001101000011110001111110011111010010011101000011
010011110010001110001111110001100010001100110010100110011010
000001011110001011110001001101001111011111110111100001001011
000101100100001000110110110010100110001100110001001011011010
