110001101101001010011001111011011010010000011111011010001101
111101111010101110110100110000010011010001100101001011110001
110101110110000101001010000010001010010100101001111111101111
001100110100110010001110001010110110101011001101001011011010
001011011100000101010001000011100110101111101001110100100111
011011100010011101001000000010011010001100011101101100100110
110101100110100001001110011000001110001100100000110101010101
000000011111100011000100111000010010100111110010111011110000
000111011001010011110100111100000001001101100100110110100010
011100011000101001001100101001001000110100110101101100110100
011010011101010010001001010000111011010010001110011000011100
101011010011100010010001101101001110001101000010010010000001
111110100110010000101101111110110000110101010111111001111001
101000100110010111011011001101101100111001111000000101100100
011110101100010100010100101001111100010100111111010100100010
000000110110111011010010001010111101001111001101000111100010
101010010110110001101011101100110010011111011111100001111100
001001110011010111001101000010111010110010001010001110001101
111110111101110000011111100011001110000010000111000000011010
011010110111011001000010001101111100110100110100011101111101
100111110101010110010011000101111010010111011111000001010010
000000001101011101111001000000101010111010000011110110010000
100111110101001011011011000011001101000111110101110010100001
011001000111110000011101011101100110100000110001111000011100
110100101100011001101011000011010000111110101100000000001010
111100111011100010001001110100101110011010101011010100011111
111000001010000001000111000101010101011010110011111000010000
011101010000111010010111011110110010001010100101001101101000
101011110001101111011100110110000010111110001001010000001001
010111001000110000100100100101111111010101010010101001100111
111111100010001111011011110100011010101000000000110100001101
001001000100000010000101001111101110101101011000110110100101
000110010000011000111011100001011000010101000010110101011111
000111001010101100111010100111001110101111101111100111100101
011101101001110000110100010011001011010000111011111100010011
000100000000011010001001101011100110001010010000101100001100
100111100001001110111011111000000000011000010101000110100111
001101000011010101011101001100110001101000000001100110111001
011110000111010011110000010010010101001100100101000010100110
110000011000010010001101101010010111100110000110010100001101
