0100111010110000101100110110001100001101001010100111001001000101010110000000001011010100111101000111
1011101111101010010110100001001111101111111110010100000110111100111101110010110110111110001100110011
1111101000001111000010111001110110110000010000001001110000010111110010000100101110111100000011100101
0110101010110001000001101001101011001101011101110010110011001110011011100000010101011111101010010110
1101000111011000100110000001001000100101111011000001101101001000101001101010101000000111101010110000
0110001101000010100110000001110111101001011010111100101011000110000110110110110101101011010000100001
1110111011000100100110110110010101001001100111111101001100111000100000010100100110101000110111010000
0001011110110011010000011000000101101001001100110110110011110010010000011101000111011011001110110000
0000000101111001100100001000101010000011001011101011010010011010111110111100001111110011111010011001
0011010111100100000010011011001001111000110100100010100100010110110101000011100011011010101010111100
1101010111011001101001011000100011001000110011100110000010101000000001111110100000111100100010100110
0110011100101100101010110111100010010010110000001010100101110010100010000100001000011011101101110111
0010001010010001100110110101101001100100111001001001110111100101110100011101101110100000001111110100
0000001010101010010100011000110000011111000011111010000010001000010000111101101010100111101000000110
0001000101110110001010110001110100001101010000001111010001100101110111010111010110101110010111101100
0001010100101010011100011110100111010010010000011101101100110101111111111100000101101001110111100000
0000101111101000111000110111110100000100010011110011110111101111110001000111000000011010000101001100
0000101111010100000011100111001010101111111110100010101110110100111110100011110000001011101001101010
0000111111000010011110001101000000101110101000010100110101011101100101101110101000010010110101010110
1001111011100110101011101110111000010100011001110011110101010100001000110011110101101000101010111000
0010000111100110010000100000011011110110110110011000110100010110100101110100010111000100111010110010
1101111110001100111001011101011010101100011110000111000111101111010001000101011011001010010110011101
0000011110101000100011111011011111001001101010010110110110111110010101110010101100101100110100001100
1100110010010100000011010000100000111111111011011111010111111111001010101011000111001011101111010000
1110101100010000011010100010000101100101011001100110010110011111000010111010100000101010111111000100
1111111110101100001111000101101001100000001101001011001111011001001000000111101111100000010001111110
1101000001001001110010101000101001111101101100010010011100001100000111011000000100001111000010001001
1101011010100000000010101000101100010111110110101110101010100010111111111110110001001000111111001001
0000101100000100000101100111011011110110000110000110110110000110001010111110111101011010100011010100
0011101001010100010100000100010010100110001101110000101101010010001010010000110000000000001011110001
0100100111110110010000111110111000011101101110100001110110110000111101101100001100111001100101101000
0100111101101010111001100111000011000111001100100110000100111010110001111010101101010001111011001010
1101010111101010010110101101000010111111101011000001110001101100011001001000011110000101011000010010
0111010000011010011111011000100011101110001000100110100011011100010000010101000001101001101001100010
0110100101101011101010011001011110111101000001101001000011111101101111100101100111100101110100010010
0101111001001111001001010101000010011100010011000101110010100100110000011101011101011101111010011110
0101001011001001110111111100011110011001111001001000000100011011000010100000010110101010000000000010
0100111110110011010001111111110010111110111101001110000100000000001110100101000010101111011101100111
0100000000011011110111010100001110100000110100111011111000100111000000101000001010101111101010111101
1111111000000111100010001001001111110000101001100010110000100110100010110110101010000010001010010001
1110001101111100111011100110011000001110101000000100010001110011111011111100010011110011110100111000
0011001011000100101101111000000001010100010111100001010000011010101111111111010110001011110110010011
1101010010000001101001000101101011100001000000101101001110101111010011100010000110001000010111011101
0100101101111101010011100110011001000111010001000110000100011001000001101011111111110110110111000011
0000011101011100001011011110110110011011110110101011110011000100110001010100111100111101011110010100
0010101111101111110000111111001011000100011001111010110101111100010011100001010000001101011101010011
0001000001001110001100011001111111110011111111100111100011000111101111101100011110110011010100101101
0010010110100101010000111000011000011100001011110110111001001000000000011100000010001010000111011101
0100010101010011101111001110111110100100001100100001011011010101110001100110011000100111101101000010
0010110010100000101101101001111110001101001011011010010011110001100101101011110000010101111111111100
