000101000111110110000111010100110110000001010100010111010101
110010110010000000110011001100111110100000001011000101110011
001100000010100011110100101110110110111000001100000001010001
000010000101111001111010001001010101111011100101110111010101
000111000111101000001110011101100101111101101100011010101110
110100000000101000001000111111111001100000011110110110111110
010110010111010001001001010011101000100111011111100011000100
110111110010010101010110011011010110000110101110110001010111
101110100111111110011001000011110101101010001110010100100000
010010000000000100000101111100001010111010111100011010010011
101101001000101001100111110111001000001101101001010100010100
111111111000111110001110010110101001011000011100101001010100
100101110110010111001001111001001000100100111101011010001000
101111110011011001001100100010001111111100001101101010010000
111001100100111100101110110011001110100101101011100111110000
000110010000011100100010111100111110110110011100110111100100
100111000111011010100101010111000101100101000100111110101101
011000010100110010010000011111000000000110010110010011100110
100011101001111100100011001010101001000101010001010011100000
011100001010110111011011000000010110001111010100111011110011
000111000000111011100010101000010101000000100100101100110110
110010101010010111101100010110000011110111001000101101001110
110001000011101000011100000000101010001000001101011010100011
111100111000101100101011011011100110111010001101000000100101
100100001001110001101111100000000010110101010100011001101000
000101010111100110111100111110100101111101001000110111010101
111111000001111010111101111111001111111100101011001101101011
011011001101101101101100011011010110011011110111110011010001
000010101011110011111000000011011000111100100110001000111001
101010100111001011111000010001000100000000101111000100011111
111010000001110110001000101100000010110001101001001001111010
001101001100000111001011000001100010011001110100011111000011
101100110100100110001011011100100110010100011001100110111000
100100010010011000000010101001001001111100100101011000100001
100100110111001100011011101011010111010110001000011001110000
010010101010100000000110110000111011110000011101110000010010
101110101011001100000111100110000101000110101111001011111011
001100011010000100111110010010001001011010000010011011111110
111000010111110011010101101001010110111000100101010001001110
011000011110110011000010011100001111110111101000001111100001
