100110011111000101111001101001111000011010110011001000101100
101110111100110010001011010011001110000011110011000100111011
000001001011101001111101000011111101001001110010101010011111
111100000110100000111100001110011101111111001101011001111010
101001000110001100011111101100010111000010101011101100101010
011000100011110000111101110110101001100000011001100000001111
001110100001110010000001111000011100101011011110010001010101
001110100111010111100001001110000000111011011110000111000010
010010010100010010011110111110101001001011001010101101100111
111101000101110001001001110111010000011010000011101110110101
111000111011110011101010100100001111011110111011100001110101
110001101111000010111111001101000011011000001100001111010101
011011011010101001101100111111000101100001001010101001100010
011100101111001001110001100100111000100111011001011000100010
100111001010000110101100011111110000000011011010100100000010
100111110111000000100001001000110010111000000101110100011110
011101000100011101100101101101011101011001010000010111110100
111111010100010000011110110101011001100001010011000000111111
011010010011111101101001101110011110110101100000101011010101
101100111110000101100100111110101100011101000010111111011111
110000010001101111110001111011001101000101001011100000110110
010111001010001101010011110011101101101011111110001010111100
111010110011101100011101100010111010101011110000110101101001
111110011000011011111100000111011110000110011001110101000011
100100111001001111001100100100111100111000110000010101111000
010110000111111111011010111101101100011101011000101010001111
011111010101010111100100110011001001100101000110111111110001
011010000011010011100011000010110111000110111101011100111111
111011000011110000111101100010001000110100101110010111110110
010001000101111011111010011111100001110111011111000001111011
100010111100001001010100000011111000110100000011001111101001
010010000100101110010111111110011110001101111111011000000011
111010111101101001111010110110111000110001001110001000110100
110111110010000010011101011010011111110111001001110111000101
000101011011110000101110001111101010111010110101001010100101
110101001101101111000100010000111111000001011011001101101010
011001011011101000101110000001011011011011110011111110011100
010011000011010010010000000001100111001011001101100001101110
110110011101000111000100101110010111101100000001010011100110
110101011010010011110000000011100101111000101011010100111111
