000010100111011110111000101101110001100111010100100111100011
111111011110111010110010011100101101100010010001010111000001
001100011000011011111010101011011000100010001100000111010101
101000010001111110110111011010101101001101101100010110010101
010010111000011011110000011111111000101101010010100011110110
100110100000101110011011010111100011111100010110110101010101
111100101001111000001001001001111101011101100001000111101011
010000000010010110111100010001011010101101000100101011011111
111101111010111000010011000100011110011001111001101001101010
101010011111100011011101001001011001110000111101110100101011
010111011001010000011111010011110000001101101010110000000110
011000001111011010100100001001010011010000101111110010101111
110101111011000010001111011000001101111100101001011010001000
100011001011101000101100000011100100110000000100011010000100
000100010110110101000101000001010110011101100001000110100111
011101100110101110010110110011010100011010111010100010100101
100100110001100010100010100101001010101110000100011000100111
101110011101101100010111111110110000101110100001011100010001
011111010011110100011001100100000101001011011000011111001011
111000001101001000011000001010011101101010101000110000001000
110011000010100111000111010001011100011001101011100000100111
010110111100101100100110101101011101010011111011001010111010
000110000111011101001111000111110110101011001110011100000011
000110111100011110111000010111011101101010111111100100110011
100000110011111010101000100001000100010001010111110111001111
000110011010110000110110111100000010111111010100011011001101
111000110000101010111100010111000001111111001001110011110000
010010101110110111100100001011010111010011100101001001111000
000011000111101111100010110111100011001111011000000110100100
001000011010011011110100101111000011110110000010010001111111
001100010001101001111111110111100100010010111011101111010110
111011101011000000110001110000110001100100100100000001011111
111001010011011101000000010001111011001100110001000101001010
001011101010100010011001001100110011100101110111101000010110
101110100000001000110101010110111110100010110010101111101110
001110010010011111001010101101101001010101110011111000000000
100011011010010011001100111110101100000100001111010011101110
010110011110101000100110001001011101110111000011011111011101
100101011100011011010101110000111101001100000100100000101001
001111100110101000100100101111011010010000110100001100001100
