001101101000111011011011111100011110001101000000100010000011
110101101010000001011010010001101111010011011111100001011001
000100001101101111111000010101101001001110110000110101011001
110100001101100110000000111011000100110010000111001001111111
101001111110001011001011100010111101011101101011110101111101
001000000010011111100000100101111010101011101100011110011110
001011010000011100000111000111011110110010111011110111111111
010010011010111100000011001010110001010111011000010010001010
111001001100010000110001000111001101100100100011000001011111
110101110111001101111011110000101101000000100010101000001000
100000010000001001110101010010010000001010111100101100011000
111100000111100111100001000000001001000101001111011110000101
101111010011001010011101101100111010111000101110011111110000
101010010011000010000111010111010100000000101111000101101010
101100100110110001111001100111101101101011110100101011011011
111111001100101101110111100000101100100111110111111011000011
001000100001010001011000100001100110110010001111101011111010
111101010110010100110110101001001001101000101011010001010111
101101111110110000010001100001001001110011001111111011011111
111101110000010110100101111010001101100001000001110001010001
100110100011000011010101100100000101010110000000001001000111
000010110011000100011010010110101010101100100100000011010110
011011010100111111010100110010110101011111111111011001010000
101010000000110100111011011010100110001011011110111010111110
010100110010001111001001000111101011110100011010100010110110
010100110100111011111101011011100101010000111101000010111111
010101001011011001111111001110101011010100111010010100010011
111111000010000100000000000100010000011011000110100100001011
110011001100110101111100100010010000010010001100000100010010
011110110110111000010000101001100111110010111001010001001000
010011100000000001000110001011001000000101101000000001001111
110111111001011000011101101111001110001101110001001001101001
010101000011001000110100110011000111111101000110010011011000
110010001101010010111100100100110100111100111010001100110100
111011101100101000100000100011000000011010100001111111000001
100010100000110101011101001101010010010101100101111100111101
011101010011101111100001010001100011011001001000110110100011
100000010010101100101011101100101010101011001001011100000010
111010011011111001100101000001001110001110000001101111011001
001001100011111000010101100001010001100110101111110000101001
