110010111001000010011111110111000010100001001111110100010110
110001011010111000100010011000011100100111111100101011011010
011000010001011100001100110110110100100100111110101101101101
100000011011011010011001011100010100100010110010110111001110
000000010001101001111101001100001110101001001111100011001000
000001101101001010101100000011111101101111001110001111110011
111001001110011101001100111100011110100001100101101101001111
011110000001101001000111000001100000100011100011010000000010
101010001110001000110101111100010110111010000110010001111000
001101010111101101101110110100011100011110001101000010000000
110101000000111011011010100111000111010001101111111111011001
111110101110111000101001011000000011100110101011101000010001
111100001011101100111000000100111101111001000101110010001011
110100110011000110100001100001000110011100100110001101001101
111100100010011000111000110011010110101001110101111100100001
101100110010000001100100000100011010001001001100001010000110
001000100010111010000100110011110000110111110101010110100101
100111101000000101100101111101001111111000110101011100100111
110111000101010101111100000000101111101111011000010100110111
110010101100111000010100001000010010010111110010110001111111
001100110000111011010011101000111100000111010011011001100011
110101000010001010000110001010001010000001001110110101001011
000001101011011010110011110101111110100100101111000010011101
101111001001110000001011011010001101011111010001100011110101
101001010100111101100011101100010100001111000001001111001101
101111011111100110111100101000101100110101011010001011110101
111100101001110111110101110111010110011001001000110111111101
110111011001010010011100111001011111000100010111001101110111
100000101011111001010001101111110000111111000110101111011000
000101011100011100001010101010011100011110100101111000100001
100000100000001011001110111111111101100001110000101000110000
010101111010000100111110010011000000011101011110000101111010
110111001111111000111011110011000101110111111111100111100000
101111110000110100000101000111000001100010100011110001110110
100001101000000111010001001101011110010101110010001010001000
011100100101001101010111010000001001010100010100111000111001
001001111001110000001010110001011100001100001101101110111100
111010110001001010010010011101110000111101001101101111110001
000100100011100001010001100100110010011101111001010001010001
011110111010100011010010000010100011011111000011110100100110
