011010110001101100101010010110010110101101101101001010011100
100110010110110001010000100110001000110000100000110011001100
011000001010011110000010001010010011111011100110101011011110
101100001000110000110001011000000100001000110001100110101010
010010001011111001011101101101100000001111110000001100100100
100110000111000100010100001101111001000011010110101110111100
010010000010000110101100011101010010010100011100000011110111
111101000001001110100111010110000001111111000100010010111001
110000100111110110010100001110010011110011000110011110100001
111010000110111010101001101101010001110111100110100100010110
011000011010011001111111101100111011100000010001101100100111
101011101100100000010010000101011100101111000100100100110110
100100111101001000100111111110010010111101110000110001101000
101101001001110100011110101011111011001001010011101101000111
001001001001111110101100001010110011011010111000100011100101
000101010010000000111001100010101100110110001000110001010110
000100111110001101101101001010101100110010100011100010010001
101001000000000011001111101011110011011110000101100001000101
011011001101011000101000010111111000001110011010111001011001
000101110100100000111010011111110100100001001010111110101110
010001000100010100110010011100001011000000101010001001011100
011100100010110001000011010001011010000110101101111111110111
011101011101001110101001101101000111010111111111000000101110
101010011111111011100100001100101100011011011101001011101101
000101101010101101001010110101110110010111001101110101100110
010101000111100010110010100001110111101000000111101101000111
110111110000000101110010110110110001010010000011101111110000
111111011110010011101111100001010101111010011001101000000000
011000000100111010101000000001010000011111111101111100000010
110011110000001110101011100001111011101111110100001110110110
010000000100111100010001001001111010010100110111000010001011
100101001110101011000100111010001001011011101111011111101101
011011101001100111101001110100000010000010110101110011110010
100111010100111010000010101101110001110001110101011011110000
101101000100001100010100101110010011101101011100100111010011
101100100000001001011001110010101100000111001100010111100100
001111000011101111100010000101001001100100110000110000010111
011010011011011100100110100111010101010101001101000110101000
010010100001100010100010101011110110011101000000100101101100
000011000110011110110010011101111100101111111000010001110000
