001111101010110010001000100111100010100001101101010010010000
101010110000101001011110100001001001111100100010000001011000
010010011010111000000111010010010101001110110100100101111000
011100100000100101001010100011110101101101111110010100000110
010110000001010111001010000011010110000010010110110000011100
010011001000110010110110011110011111111001111000110001111000
110110110100001011010110001000000000001111101010110000001100
110011111000000000111011111100010110111001010110110110111001
101001010000000101101000000011010011011000111111110010110111
010011111011101011101100101001010011011111011100101110111110
101100111100100011101100010000010110101100001101101000011000
000101100001001001011000000001110000001001100111011101001111
011010101001011001001100111101110100000000011010110101011001
010100010010100110100101010110010111001100111010101000100011
111010001101010001100000011101100010111001001011001110011011
010010011010110001010101111001100000010000010100111111111100
100010011110111101111001000110010000000100111100000110110001
001010000110011101000010101110010111101011111000110000111001
100111010010000010001000111010000000010101100111111011010110
010100011011110100110010101011101101111100111011011111110101
001011101010000101100100100001001011101111100110001001100010
011010111011000111010100111011110001010000110010001110011100
010111000110100110111100110001100001101000011001000111100110
001000011101110110100000000000010001111110000011011001011110
011100011111100000101101100011100001001000100110001010100111
011000010101000101000011011000001110101010010010011101011100
011100110011100111100101110111000001110000111110100110000010
101100110101111000001101000110011011000011001000101100001000
011111001010110001111111001110010110101010011110111001010001
010000010011000010010101110000001110000101111011101000110011
010100100111000000000010000110101010111010010010100010000000
111110111011011011000100110000001011100101110101100100011001
000100101010100111100101101001111000000100110001111110111000
110001100011101011100110000110000000111011100111010011010110
110000110000100001010000101001000101001010010011100011101000
110010101110000101011001111100010110000001100001000001000000
110111111011010100011001110100101100101000101011110111100100
111000100101011011011000111100000010010001110001001111111110
110000011001100001001111111110000100000000110011101100110000
110101111010001010100010100010101011010110100000101101010101
