000111011101110100000110011011001000111111000000000100001000
111010111000100001010100101111110101010001111100000100101000
000011100101111000001100101101110010001100100011100110110101
110101010010001111000100010101110000011001000101111011100110
100110111101101101110010101100010111101111010001101010010001
110001010011000110010011100100001111000001101011010100111101
111100101010101001011010010000111100010111010111011001111010
001101111011000000100110110010010001111001000110000110110011
100011101100000100001011100101100111001110101111001111110001
100000110100101110011001111100001000110001100011001110111100
110010100011010010101000110001101101110110110001100000111101
011100001111001011111100110110111111101011110101100001101011
010110100000101010010000110101100000111010100111011000010111
010111000111100110110100000000100011100001100000110010010010
111111011100000100111100101101011000010101101010110011011010
000010001001011101101100011111000111100101000101011101111010
010001000010010100111101111000011000000110000100011101100110
101111010010110100001001111100101100001000111010110110011011
010111000100101010111101011101110011101001001101110001111011
100000011010110111010111101101010011111010011100101101100001
100100110000111110110011001110000011001110000101010000111000
101010111011001010100110011111011010011110000000101110101100
100011011011010111101111001010011101100100000101110111110011
001000110001011000001100101111011101001001001101101001110100
010111000101111100011111110010001111000101001000010010100101
111011010011001001001111010000001011110011111100000001100111
110101011011110110001100100111110111001111100000000001101001
010101111100110101001110001011100101110000100101111010011001
110111111101100010100100001100011011000000101100001101111011
011101010011101010100010000101110001111001100100001110111011
001100110000011101001110000000000111010111010010110101011011
111101100111001100011101011100000001100100110000010101110110
101110000000011000111011001101001110010010000110010000110011
111110000100000111000101111100111111001010010101011111111010
011010000001011011011111000010010110000110011100000111101100
101011010011000010101010011111111001111001110100110011110110
010011011010110000011010101101110000011011000111010101110011
001011010100001111010011111101100100101100010010011010110010
011010001000010000100000010000100100101001111001111010011101
100011001101001010000010110011001100011111100010100011001001
