111000111110001011000001011101000111011001000111000000101100
100011001000011010011011000100100111100001111001101100111110
100111000000010011101110110100101110000011111011011111000100
010011110110111111010000111110010110010110110101100011001101
100010100111111111110000100011101111010011000111110011111011
111110011010111010111000110001101111100001010101001100101100
100110000010100000100100010100010111111111110111010101001011
011100000001111101010000010100001010001111010111101000110101
011101111111011000101111101100010111111101000100111011000000
100011011010011000011001101110110000111111000110001001010101
101100011011001011110100000110111000111011100111111101101111
001001000000010111011110111000110010001101110101001011000101
010000001010100101111110100101010101101111001010011011010001
000000100100010000001011111110000000110110101001110010111001
001100010010100110100001001010110101101101111101001011010100
100011101011100001011000010000110000101011110101011001110110
100001110101101111001111000100101100010100101001110001000000
011010110101011000000001001110100110001011000000011010110000
100000101110000110100111101101011010001010001101001001110011
110101100101011010100010010100010100011100000000110001010010
010110101100110101000001001101010110010111000010000011100000
101110000010001011010010110111011011101010110111001001010101
100100010010111111010101011001010100000110111011001110000000
111101111000100101101000010111001101001011110000101100001110
000100001000100011101001111011011000011010011101101101001100
010001110111000011100100110110010110001011001101101110001011
100110010000000110101100101110011110101010100001100111010110
110111000001011011001001111101000011101110111011000001001101
011110001001011100100101000101111000011010011001000011100001
101010011100110010111010101001101100001001110011110111000111
001100000101111101000011110110100001000101111111100001011110
000010011000101000110010010011010010110000001000001110101011
110100110001001010111010101110110011111110000101101010011111
000100011010110010010100011101000110001010111011001100100111
001110100010000101110111011110000110001010011101000001010001
111000001011001011011011000000010100001001101100110101001100
010110010110111001100010011000010001110110100100111111010011
110101011010110101111001001100110001101001011101011000011111
100011100001011011110101000000101111010110100101000100001101
010000000011001111100001101101011110100001010001010111101101
