100000111111100101000101110001000101100101011010010010000111
010111010000110101011010011110010101001001110110011011001101
011101001001000011001111101001101000100101000010010100011100
111101110111010010101101001110101010101010010101001001001000
010001110001001011110100100000110111011100100011001111010111
010111111010110001111000100000101011010101101001010001110101
111110010110101001010000010001110010111110011100110111000110
011011110000100110010110100100000001110110000000110011011001
000110100010111011001110111100011011010010011101110111001110
110110011001110101001111100010000100000010101110001001110100
111001001100100100100011100110000101010100010101110001100101
110010111010000111101111011100111011011000010001101010010110
110001000001110101100111110100011010110101110100101100000110
011011011010111100010110101011011101110100110000101100011011
111101101000010010011000010101011010010100011010111001111100
110101110111101101011011000111010000111100011111111100011001
010101000001010110100000001110011011110000110000000101100011
101000100001010011011000101110110110101101101010010010001000
000101000100010100010010111001101011111100001001010010101000
011010001011010110011100110011011011100010000011101010000001
010111000111100100011100100101100001100011010111100001111000
000010001111101111110010100010111000110111110100110001100101
010011001110101011010110100000000000000011111111110101100110
001100000100000110010000000000010001000010101111011101100110
000010111010010111000111010101001011110001010100000100001001
101001100110000111000010010011101100111011011011101001100111
100010111000010010000011100110001010000010001101010110001000
001111101011111101111110101100110010001100000111100111111100
000110100111101011110001101000100001000011100001110011101010
010111110000101010011110100011001100100101101011000101110000
010001010100000000101110101001001011011001111101000001111101
111101010001001000110101100000001010001110011110100010111010
000100101101000000010010001101111011010111011011001000011010
111111110100101101111001001000111110100000101010011100001000
101011010110000000101111100011000000101010000000101100100001
101100010001111010000110001011110010101010111111010100010011
101011111000101011111111000011000110011001100111011100000100
101100101001110111010111100101000100111110101001000110110000
111001001010010000100101100011001010100011000110000001000100
001100110111000111000000011100000100101111001100100011011110
