100001010101110010010001000000001101100011010100100001100100
010011011111000001100011001100110100000101000000111011100001
010011010100100101011111001110100011111001010000100001011010
101111011111111110001111111101110111000110001001010100001110
010100100001001001111010011010110110011001101011101001100111
111000100000010011101011011011111110010010010001001110010100
010011110101111011010001101000110100101110101011101010000000
111011010110001011100010111111110111111110000001100000011100
001110001110011001100110011000011011010110111100001000110110
100011111100010010111011110000011110100011100010110110101100
110000111001111011000000001011111000110011111100111110000001
011010100011101101000101101101101001110111001110001010011100
110111011001101010111001110000100101000010110100011001101010
010111111100111101000001010001000111001101000111011101110010
100111100101000000000010110101010111010000011100110010100110
111110001010011100011100000000101011010100011001011000011100
111001110101011100110011011001110101110000011001000101000100
001100101111100001100011110001110111011000011000110110111101
100001011011000100110011010101111111011101000111110011110110
110100011111001011100000110010011010101110000100011011101001
011101011111010011000011001100101001100111011000111011111011
000100010001011111011101100100100000010010011100000011011010
010001110101010011100010010110011100100101100100000011110000
010010101100010110111010011101000100100101000011110100000011
111000001001001111100001001010100101100110100101000011010111
001110111101101110110001010010010110010100111101000100111111
100011011101011100001100110101000110110101100001111011001101
110110110010000111111000010001010101011000100000000001011001
001100100010011101001011010100001001111110101010110101001100
100010000011001001111111010001001100101010011000011111101010
100000011010110011011001010110001001101000001001010011011011
111000110110111000011001000100000011011111011000011010110010
101001110001010000101111101110011001100100111001111100000110
111010010110001001101010110010101011010110010100110101101110
111011001101000101101101111010111000110000101101101011100010
101011111000111100100111111100100000111000101010011110101111
111101100111000011111100100101101100101100011010000101010100
010011110010001110000100010001110000110110101111000001011111
101010100011101101101000100001000010000000010101010010001001
100101001011001001011011100011010010100010100110011100001000
