1001001011110001010101011101110001100110111111011110010111000001101100111000110100001010110110100101
0011001000110110101110011001111010011011111000100010001001011000011001001011101011111011111100001001
1001100111001110101111011111100110001111000010111001101110110001010100100110000000000100101010010101
0011001010011110011001011001111010011110111010001001101100011110110001100001110001111111111001000110
0011110111001110010000011011100000110011010100110001101011000011101000101101010101101001111110111111
0000000101001100111011011011100010000010100100010011011111011111110101101000111111110010101010001011
0001010000100110001111101011010111110000100111100110100100000001110000111010010111111100111111001101
0110110000001101101100000100110010011000000100001000010101111000101011100101000000011101010000100010
0000110101111001011110100100100000011010000100010100111111011110010001011101001011111101000101101100
0001000101011100000111101111101011100101100000011110001111000010010100001010010010101111100110101001
1011100010000111010101010111000100001110011101000101001110001101111001110010111101111011101111101101
1001001000100110110100000110001110110110100001010010111001010011100100111110110110011001101010000000
1110110110010101101110111011111111011000000001100100110010010000001011111010111010001101100010110110
0010010110001110001001000010000001111100100001101000100100011111111000001110111111001100100011001101
0100100011110011011110101011010011010001001110110100011000011100111011100100011000000110100001101011
1000000010011110011110011001001000100110111010011100101001100100101000011010101010011100101101110100
0001111111111001000000000001111100111001011011101010000000111010100010001111010000100101010011111011
1111110111110010000001111011001000111000111011010001011111011110010111101110101011010101010010001111
1011001000000110110101011100000001101000001111101100100100010001010110111001010001101110011011110100
0111101100010011111110100100000000111110101010000110101111001010001010001101111001100110011101000001
1111010100111101101001111001001011101110100111001011110100101000011010001011110101101110100100001101
0101111011101100100111010011010100110000011110000100100011001010100011101000110101100100110111011101
1111000100110110000100101001011000001111001101101100000101000001100111101010000100110000000101111101
0111101011100100001000001111100110100111011111000110001111011101101111011011101101101010010101010001
0101111111001011100111011001000100000110101110100101100000001111111011110100111110101000010010001011
1011110110111001010110000010001100000101001110101001111001100111001000101111110111100101011010011111
1011100100000011110111001101101001000111110100110101000100100001110011111001101001111101101101111001
1010000000010011100011100101111000111011101010001110110000111011000101110101111000010111100010101110
1101111001111010001110110010101101000111110000011100100100010101100110001110011101111101010000000000
1101000010010001100000111101011010001010001000000100110100000011111000000101000110011001011100000001
0100110111110010110101111110000011110110001001111001000101000011001111101000100110110100011111111010
0000100000110110011011110000011111010110011101010000101100001001110111001110011111101101110011010111
1001001111010100010011000011001001001001101101011110011100100000001111011010110011100101001101000111
1111000001110110100011011010110010011000100111000010100111101101001001110111101011111011111100111000
0100100111111110011101001010001110100110010011000101111010100000100011010001010000101111010000011101
1010110100100110011000111110010010001101101110110011101100010001011000111100111010110001000111010000
1100101011001001101110111001000101101110101110101111010101000111100001111101001000000111010000101000
0010100110110010010001000001110111001101010010111101110001101110011001111100111110010001110010100001
0111101011000010111000101001011101010011011111111110011010101110010110011001000001001000100010011110
1010110110110100100001011111011010001000100011001000000001011110100001100001100001000111100110111111
1111011011110110010001011011000010100000011000110000110011011110100011011101101011011101011101000010
0001011001010101101101101000101011100100000101001001100110111010000101011111101001100011101000101011
0011011100011011100100010110111000101001110010100111000010100101111111010011111110011111110111010110
0100101110100111110011000011010000100000011100010011100101001010101110010100100001111001111000110101
1000111110000100010000111000010100001111011101110110100010000101110110010001100100010011110110000010
1000010010110000010011001111110011001011110100110000100010010101110101000111010011010011101110111100
1101010010101011010111010001110110110011000000100110100011000111110111111110110100110010110000001011
0111001010110101011010011000011101111000010100110010101001011011000001111001110101000010101011111001
0111100011110010110010001101111100010011000100100110110011110101010001111011000101000010000001001001
1100000101100011001111111011100001101010011001111111111111111110011000011010101100110001111000111100
