111101101110100110101101011011101000000011011101100011100110
111000100100110001011101110011111101001110110011111010001001
100000100000011100000101011011101100011011010011101100011001
101100111101000000110101001100001001101100111011000101010111
100100000100000000011000110100100100100011011111001000001101
111011010111111000110010110101100111111100011010100111011100
011010101000011100010100001001000101000001101101011100001000
000000111001011100011100000010101101100100110000111111011011
000111000110110101110011110011010011000000001011110011000001
001100000101100111101010011110010010011110000110110000001110
111001111000110000100000000010100000100000101001010110100111
011100001000000100111100111010000100001101110000011010011011
101110100101101100100110001100101100110100100001011001110111
100111010000000010101000100110010001100001110100001001001000
111011100101101111001110010100101101000010011001110010101100
111111111110010101110111011011001111011000110011111000101000
100100100111110010011100111001110011011100110001000100011101
100100101011010010010001110111100110001001011000011010101011
001001000010101010101101110101000100010001000000110111011011
111000000010011011000111111101111101110000011111010100110110
111110000001001101111110001100100101000001010111110011001101
000010000011001111001010010000011111111101000000101101110111
010000001110110000110101001000100001101011000100111000011001
110101111001110001110000110110001010010111000101010100001010
011100111011101011110001000101010000001101011110110011100010
001111001000111110010101011011010010001000001111100110001000
100000001000011000100100111101101100100010001000001101111100
001000111100110011101111000011000010100010101000110111111001
000101000111111110000010000011000000111001110111101010100000
011100001011101001000000001111101010000110000011000100000100
111111100101011001010101110101100011000000101100101000100000
110111111011101101001111001011001010100111101101011100101000
010010011010001000000001100010110111010001110111011110011101
101010000100101000001111100001010101010000011100111001001001
100001010100011100001100111101011101111101001010000010110111
100010001000001011011101001011101011001101100010010111010110
001000010010101001000000000011111001011001001001000000100111
011011110001101011001100110011101001000010100000000101011111
110010111101111000001100110010010101011110000100001010111100
110101111110001100010000100001010110110010000100111110001100
