000001100011100010010101110111011110111001110011110101111110
101001010000011010100111100110110100110100011101111100111101
000000000101111101001000000100110101001000001110011101100110
111010010100001001000101101111000000101110000100101100101100
010111010001001100001101110110010111111101111001001011011110
011011110111100111000100101111110111110110111110100111010010
110010110101100001101110011010111111011010101111110011111101
111010011110110101001000011111110011011011101000011011010010
110010011101010111110010001100010110100110000111100011000011
110001101010010110111001000101010010100011101000011111010011
010110011001000011000010000001101101111000001110101100110010
011011001111101111101000101011101110001111001011000000100000
100010110000110011101011000110001110101000111110110000001011
111000111001100111010110100111000110000110110101001001010010
000100100011010001000011110110101110100010001001010101111110
010101010101110010111000011011100110011110000010010000101000
011110001110010110000001001001010011010001110000001101001001
101100110001110100011000101110011111110011100011000111100110
011010111110101101100000010110100111000001011001101100001101
010010100111110011110001010101100000111011110111100001101111
000010001110101001110101100100010010011011111000100011011011
010100001111001010000101011011000010011010001000011001001011
100111111101011011101011100110000001000110001110110101101101
110000101110101110111111100111001000101110011100010111110001
110001101110100111010000101101000101011000100010100000111101
111100011111111010101100010101010011100000000110001110110000
000011101111010011011010110011010011001101101011001000100001
011001110001100111011100011010110100100101001100001111011101
111110101010100010010100000011101110000011001001011001010001
100011011011111100110111111100010010111100011110101000111101
010011100100101001000110000011100010101100001010000010011010
001011010011010111011010001010000111010101110010011011101011
110011100010101010011111000010010100100100010111110101001101
010100010110101010010101001010100101011010110000110001100101
110011011101001001011001111110100000101110000001001000000111
010001000011100100000010100011010100101010101010100111001101
011011100101100110000000011001110111110100011001011101010101
110111000010111101100101100011110100010100010100001010111110
111010111001101010000001011001001111101010010111000011010101
001101100000010111111101010100011011111011100111101000111000
