0101111110010011010100001011110011111001010110001000110101010001010111000010101101101101111100111101
0101101111010110010100000110110100100000101111100111010111011000000000010010101000100111010111011101
1100011010100100011001111110101001001100110100110011110010001001010110110000001110010110110101101111
1100000111001010111111001101110100011111100111100110111010100101000110101101000110010010001001011110
1001111011111101000101011010111010101001000010111001100000011010010011111111100110110110111010110000
0010010000111111001011001111101010011101110001101011010111011010111111001010011010110000100011110110
0110011001001000010000011010111111001101101111101010100101010110100001001000110011001100111011110010
1101111000111010110010110011111101011100111111010100100010001110111011101100010111010100111110100111
0011000001100010000000010010011001111011010101110101011101000011111000001000101100001110111110010110
0111110101110000110011101111100110000100010110000111001000011101000010101111111110001101001000101010
1100000010010111010101001100111011110001101111001000010101101001101100011000000011100010111101100000
0100000010111010111111111100000010011000000100010000010010101001001100111101011010001100001011001011
1100111110001011011001000000001100010110101011111011000001111010010110110100000111001010001000011010
0000110011111011001010011011111000100111011101010011000001010100101110000110000010011101100100100110
1101111000001010111111110001110101111110010100100111001000110100010110001011101101100010100010110100
1011000101100100110000001000001110001111001101010010111110000000110110110111100100101010110100101111
0000110101011101111000001001101100101010100100000111100101110101000001101001010000100010010110001111
0110000011011101001001010010100101111111100011001011100000010010100001110000001011110001011010100101
1010111001010000111000101001110010001010000011011110001101111000110111011101100010011001000111110101
0111010110101101011111101001011010100111011001111100001110001110101011011101111111100101111000111110
0011010010100111101110111001110000001010000001111100011011001010101011100000110001100011011001011100
0001110100101110101011001001101110100101111011010100111100110110000100010100011110111001000000101010
0010101011110011101111010000011100010001100001000111101100111101101110001111011110010110011010110010
1111001110110101001111001010001000000110010011100111110001010001110001011110100001111000010000010001
0111000011010100101110011110000111110011111011101011111101100001011001111111111101110111101101011100
0110101100000111011010010101010111001011111110101011001011010110000101011011101010000100000010111110
0001011101111111101111011100111001011100010000111010010010111100101011000001111110101111001010011010
0000000111100000010001101111001010110000111001000100001110100000101010101100101111011110001100111001
0101110000100010111100000010000010011111001110011000000001011001100101001111000010001010001110101101
0111010000000111000100110100100000110111101101001100000100110101001001001111001100100110101001101010
0011011110010001001000010011010001001000011000000111010110100110110011101001000000001010010110111011
1101101100101011001010001001000001100111010011010101011100011100010100110101000011011110111100101001
1111100000011110100110100110110000101001011110001100100010000010101001100101111100010110110111010111
0010010101001111000100111000101001100011001000011100101010001011010110101111000011010101011100011000
0110000101110010110011001111001111010001000000100011101000101011010000010111110010010010101101101101
1001101001110001110010111100010000001100011101011101111011110111100001110010111011011001111000110011
0001011001101110111100100001110100011000101010010010000011100110100001110000111010101000111011011011
0101001000111110000011010110010110110101001010111111101101101001001101001011101111111000110101001000
0010000100100001110110000110011100101100111000100101100110000100000010000011100001011110011101000010
0010001110010101101000000011011101010111001111110000011011001111011000101010010110101000111111001010
1110110111001000100011101110000011110101111011000001100100110100011000111101110111110111010110000011
1010000010001010101000010010010101111001011101010010111100001001100111011110000001001011111010010111
1100110100110011010001110010010100111000000111101001010111111011100100110000011000101100101000110101
0110101011111011001100110100111000101011101100001000001001010011101011011100111010011010100010010110
0001011011111011101001000111001010010101000011111001100011111011101010011010111000100010101101001110
1100011110011011010101010010011000101010110101001011111101000000100010001010010010110010010100010001
0000010011001110001011100010000101001010010000100010101011100111010101000011010010101011111010001010
0010000111100001111101101001001111100111111111111001001010001000010100101101101010111010010011101001
1010110011101111001000000101001000100110110011110000101010100011100100001010001101010110101010011110
0111011101110101110001011000001110011101011101001001000101100110001001001000001111011100011001001000
