010111100111001100010101000110011110011110110100101101111101
100010110101000111010001001100001101111110010000000101111111
011010111100000001110111100101010110101110001000010001111111
101000001101110110001011101110110101010101100011100000000110
100100000000110010110101001101110000000111000101110011001010
011001001100101001011000101001111010010100000111011011111010
010101101001000110111011101111101110100110110001110010001110
001001111111010011010000101110001011101101100111111100111101
110011010100000001110101010111011111001110011111011001011000
001100011010000001101011000010111110001110111011010111001101
111101011100100001010000101110000010010110001011000011000010
110110000110000011010111000001000001001111110011001111010000
110011101010111010100000100111011000100100001001110101111100
111011100001010011011001110111010011111111110001011101100011
111000010001001010111100010010110100010100111110011000000110
100100101110111111100101001111000110110111011000110011101010
010110001111001001110011110011010011101111110110010010101111
100100110011010101000101010001110100110100001111101110001011
000111110011010010011000011011011011010001010101110010111110
010011010011111001000100011111111001011110110101100001001011
010010101000011101110001011010101111111011101011101100101101
111110010011011011011100010111100001001000110101101110110100
000000000111011111100001110001001011100011011000001100000010
010011110101101110001011001110100100101000010011000010111110
101111000001010000111011010000000111101010111101100000101110
101101100110000010100110010000001010101100101011000010101111
001001100110001111010111101000111101111010011110100001011101
010000001100110000110100111111011011100101110000111110011011
111110001011000010000001000011100001101100011001010101001010
101001001100101111000101111110101100000010100001000111010011
011111010011110100010110100100100000000000010000001001100100
111111010111011011110100110110000100001100000011001111000100
111001010110100011111010000001001000100001001010111111001111
000111011111001101010001001111100110100110101000111000000010
010111001100011101010000110010110001111110010001011100000111
101011011000001000011001100101100110100111010010110001011001
010010000111000110010100100110101011001011000101010010000010
000100010110100000001000101101001010111001111001001111111101
111111110001011101010111000010001100111100100110011110110011
100000010010011010111001010110111011100101010001010101100110
