101001010011000110010001111011111000011100111101000010111001
101110111101010110100010011010111001110000100011001110100110
000110100100000101110000001110100100110101111000101101111010
100000011011111010010001100100010100001011000010001101100001
011001010010001110110010010010111101111101110111101000100000
111001100010100000000101111101011010000111001110110101111101
011110110011001111011000011010010110000100010100010010010110
011011010110111000101001001010110100100010100101001001011111
011000011001001100101011110011100000000110001000011001100111
001010111011111000101111001101000001100000110100100101010100
110001101011001111111010001100101011011110001111101100111101
100100111000000010011000011000100111110110110010000110110100
000011000010010110100111100011010001111101111110010011010011
011101110001011101001101011100000000010001010000011100010011
000001001110010111010111010100001001110001100000011101101001
010010011001110110101111011111100111000101010011000101010101
101101101111010101111111010110100001000111111011110100011110
101001110110111100011000101100111010111101101010011101011100
000101001110110010100001001100111011111100111010111111100101
010011100100101110100110101101011111011001110111011100000011
010000110011011110101011010110010110010011111110110001100000
100111011110111100101100000010110010101111000100000010000110
001100000101111111101110101001111011111010010011000110101010
101000011000010110110001111111001001010011000001100011001001
001000101001111101011101110010110101110000000011110100100100
101011001100011000110101011111111011100101011001101010100010
100111101010010100111111110001110111110101001000100101110001
110111101001011011010010101010100001111100101100111001011001
001100011101000011011100001110100000110101010101110100000001
111111010110010011011100010111101110101110111000110110111101
011100100100001010000010010011101010100001010001010010000011
001011111100011111111010100111010110010111010010100110001000
111011101100010011010001000001000101110100000101101010100101
011000110010011111001101101010111011111010011011001101111000
010001110011100111000001101001101000101101100101010010111100
101111011110110001011101000001000110101000011101110100001010
001110010011111110110100000010110001001110001100101010100100
101011010000010011110100000000010111101011011111001011010110
111101100110101100110101011100000111111111101101101100111101
100010100100010101010011111011100110000011101011101010000011
