110011010000111001101010011110110111011001001000001111100110
010000010011001101001001001111110111001111010110000010110011
011010011110010100101101111011010000100101001000001101011101
101010001101000000110111111101100111011001101110000111101010
110011100010110101011001010001001110111110110110001000001110
100100000100010001001001110010101011100000110011000110000111
011110011010000011001100111100110010110010100100011010110001
100001010010000111001110111111001001110010100011011101110100
010101001011000001110001001100101111100011101111110000101001
011001100110001010011011110000000110000100000010010010111001
101001100110100100101101101000010110000111000111101001101101
001111001011001010011010110010010001001100010011000011010110
001100001000010001011011010010100111111100011110110001110100
110000001000000010011100001101010001100100101000110100101101
000000000011100000011111010110000110010101000110001010001011
011101000000111011100100111100110001110011011110011101000000
000000110101010101100001100100001001100011110100111111010100
011110011110110110000000010110101001110110000100100100001000
101100011000110111111100111100011011101001010000101100100111
110001100000010100011000101111101100010001000010100001000000
001000010111001110001001100111000111101101011111011100100110
101010011111111010000100111101010101000101010111100011011100
110011010100000000011100000101010010100010110001110010100010
100100000100100100000111010001000000111011011111110001000100
010001000101100100000101111001100011000101010111111000001001
111010100010111101100010110110011100111110011001000100100000
110111110010000011010110101000100011111000010010001100000011
101000011011110111110101000010010000001000010111010110010000
111100100110000111010100010101110010110000011001101111100111
110010011101010001011111110101010101000101000011000001101100
001100100100100010011010011011111100000010111010010011000000
000111001001000100010100000000101110001110011000110110101001
110010111101110011101010000111000000101010100101101001010100
110010011000100011000001110100110000010100010100111100100110
101010000011110100101011110110001010101010001000000110101110
011100110101100101001111110010101100101101010110110000001110
001010101001110100001110000111000010101101010010010011010111
101010010100010001010001010011110101011010001111101111110011
000001001101010001000100101000101111101010000001011100001110
111010011000010000110011001100010101101011100011100010001010
