101100000111010100101111011111111111011111001101000001111100
010100001001011110101110000011111100110000110001111010111010
000001010011111001100100111110010011101010001110101110011101
101111001101010011000001001010100001010110100011100000011010
011100011000100100100001011000100010100101101001110011010101
000000111000110011000000011101111110001101110100001011010001
101001010000011100111101110101001011111000011010101001101000
100101100101000100010101101010101101010101100000001110100010
000100001010100010000011101111111101010000001010100111111111
111111100101111100010100010001000001001101101100111011110100
011100010010001110101011001111100101111011100000111010111010
000001110100001101011010001100001010010110011010011100010000
011011111111100010001011001011000100111110101101101101110110
100100001010011110101011111001111111100001110101001110101110
100111100100111010101001111111011001101110111001000101110010
011010111100001010111110000001101111101000101101010110000100
101000001011110000100110001110111010100100000100001101111101
000101001110110010111110100000110011011000111011110001011001
110000001100111101111011011010010000011111111111101100010101
010010110110000110100110111100001101111001000110111101110001
001010100100011010110010010001010101101111100110111100110010
000000100000000111101011011001000011110101011011010101111001
010101011000001000111010111010000101101000010000100010111111
110011100100110010111010011010111110000000110010111101111101
100101111110110111101001001011111110100101001010010011110111
101110011101001110001100011111100110101111011111111000110100
100100011111101000011110110010100100110100110100010010010000
110001001010110010011010011000001010111100010110000111100101
001001000101111111111111000000001101100111101101110000111100
110100011000010000100101001010001001011101111010000101100110
000000101010001110111000100010010100010001010000100110000001
111011101011000111101101001101111110001100111011110001001111
111001001011000011101110100110001000111011001111100100001000
001110100011110101010101011010101100100011100000111001111001
001000101001110111111100100000110001100110011101111001011100
100011111110110010001001100001011010101011011111010100010010
111111000001100010011010111011000010001111110110111110101011
111100001001110101000001000100100000010111001110000111000010
101100011001001001111100100011110101110111010111010000000000
111100110011001000011010100011000111111001000010110000011001
