000000100010100001011010101001010101111100000101101010010001
111010111101111000010011101010010110110111100111011110010100
111011110111001001010011101100101010110001111010001100100010
110110100101001111100011111010110111100010000111110010111001
101111001001010010110000000101011011000110011011001000110010
010010111111111001001111100100011011000000010010110011000111
000101101000100000110101111011111110111110011001111011100111
000010000001101011111001100001001000011010111011000111110011
011000101100100101111101011011010010111100111010000100001110
011101111011000011000011100111111101010101100001010110000001
101001001000101111000011101110011100111100111111100111100011
111011100000000001110010101010011011100001010001111101001101
101000010011000010010000110110000101000000110100101111100010
000001001010010001100101000110000000010010110111110010101100
001000001000001111101010001000000011101011110101101101010001
000011010101100100111001110001100011110011000000101100101101
111001100011000100100111001000010111111000010110101001100010
111010011100001000101001110100010111011010010011110111010101
100101101000000001010010010101100001101100011000101001001000
101111000011110110101100100001100111101011100110000010000111
111011101101011110100100001101100101000110110001100101101110
101100100011110011100101111011000001011001001101100110010110
110110110010000100011011111000001110110010110011110111110111
101000011000100010000101001101110011110111101101000011101011
101011110111101011001100010000101010110100100010010110110100
010100101100101101000101100111111010010100101110100101010011
100100000101011100001011010011010110111101010001000001011001
101110111011000001000000011011100101010010000000010110010010
010100000100101101000101000100001001101000101001111010100000
011000011111011011101000110100001100001111110110010110011110
101100101101000101000101000110111111100100001100101110010111
110111001010110110111101111011010000001011100101001000100111
110010001100101110001001011010011111001101011101000100011010
111101100001111001100100111100100010010110111010010000011101
000110111110100111101101011111010100111100111100111101011100
011100110110101011100010001111110011101001001111100001101000
100110000000000011001001001001011100111000110011011011010000
101010001000001011010111010101000100001011011100011000001011
100001100001001110101101011101011010111110101111101101000000
101011111101100101000100000101110011101010111100110110111110
