100100011011011100111001111001101001011100100001100001001001
111111001111100011101000110000011100111001001110100001101010
011011101101001111111100100110100001111101001100011101101111
111011100100010100001100000110000101000111100000110100100111
100111110111111111110000011110000001101111100000001000101110
100001100100001110011100110110011101011001110011011111010100
100111001000100010100101000001001010111011110000100111011011
111011000001101101000010111001110110101010011010111100101100
110001111001001010010010010110101000101111000010000010010001
101000001010011110001011101110011011000100010100110011001010
110011001000100001011100111011111000000110001101101100010000
000001000111111010111001010001110010110111001111101010100010
001100010001010111111011101101001101111111011010111110000100
010001101100111100100111000110000100011110000110101001110101
011000101100111100100111111000100010111101011011001001011010
111100011010111110111000100101010001101001101101001000001000
000000110011100100011111000011011100111101100101110010100101
000111010001011001100000100010100010100010000100110001100110
001110110110001000101100010110101101100001111010010011111100
111000101110110110101110010110100010001111110110101110110001
110111001000000101101000111001010011101011101110100000000110
001001000001111001010111001111111001101101111101111110101010
100001110000101111111001110101101100110011100100111000110110
001101101011101001000111001101011101001110011000011011000011
110101100000001011000000001010101111111101100110101000011111
111011001010011001001000110111111110111101111011100011011100
110111000010000011010010100011101011101000111111101000011001
000101100100110001011011100010001101101101001111110101110011
001111100001110101110111100101101010100000101110011100101101
011111001101011100000011101110010100010000111101110001101111
100000010101011011100100011000001111011101011101000100100011
011001101010001000011010001000001100111111010101111110110101
100001011110010101100010011111001010000011001001011000111000
111001100010001011110001100110110011011110011011011011000011
000001111010010110100101010100000110001010110000101010011000
101000011010000100011100100010101101011001010001000111010100
100111100001010001001011100010001100001001100110000110000010
011100001100000101010110011101110100100001000001010111011100
101011001001011000001110110011000011110101011111011100010101
100000001011110101010001000011111011001001010111111110111010
