011000100010101111000011100010110110001000111010111010001011
001100011100110100001101011010110000100000101001011101000111
100110001001010110110000001110000010010000010011101111010111
001011110111000110111100011011101101010010011000110100101011
100001110001110111010000000010110000100010011011110100000111
000110110111001011000111110101011101010001111010000111000000
010101001001101010100110001001011101011001100011101100000110
100000001110110110000010011111100110000100011111111111111101
010000001000111001001101001111010111000110001111100000100000
101110100001101101111010110110000110101001001101111110110111
001001011000110011001100000100101101010000011111101111110100
010010010011010011100010111000111100001010000111100000001110
000111011100110101100111110101000000011111110011011111101111
001111001010100111100100101011001010111010111011001010001101
100010000100111001001010011100011010111010001011111010111101
110111100011010000011110001100010111100111011110111101011101
010100011111000111010110100001011000010000000001101001100011
110101000011111101011001010010110100111001110110110010010011
110010011011101100100011111111100000101011111101110011001101
111001111100010001101100000111100011101001011001100011111100
101001011110111101000110110111011110110000001110111001001111
000101000101000100010010111100110010011111101100110001001101
110000001010100011110110111110010001011110100100111101110001
001101010000001001110000110111000001000111011001101100001111
111001111000110000101011101011111001000011010110110101000110
100111010001001110110111010000001101111011100010011101101110
010011010111001101010101001001000110001100011001110100011011
001001111010110101001011100010110100110000000010100100001001
011001000110000010101000100010010100111001011100001010011010
100001100001010100011000000101011000000001111100010101101001
000010110010010110011010111100010101011100001100001100111001
000101010101010001110010001011101100010101101010011100111111
011110001110111010000111000010000111001101111011000000101000
001101010101110100100100100010100100010000000100010101011010
011010010000010000000001011011001111100100010111110011011010
111011100101011000110110111100111100100000110011001011001000
001101011111111101011011000111111001000100100000010010011101
001000010101010000000101100000000101110000000011111101011101
110010110111011001001010000000001101111011011110111011010000
110111100100101111001010100001100000110011010110110001100011
