1101010000111110110110110110111101011100010011101011010011000011111001111101011000100010111000001110
0010111110101110101011101110100011101111001000000011111111111010000110111101010000010100010011100000
1010100011101001000011110111111000000111010110110011100001111110000100111110011010101100010001111111
0000001110000011000000110011000100000001001010001110110000000011100101100000100111010010110100010100
0010111100111011011010101001011101110110010000001010001110101110101110001000100011010011101111011111
0010010110100110000101111010111010001111111000101000110100101011000100110111010011101011010100011001
0011100110101111010110101111011001010001100111100100111110110100100101101101010101001010110101110111
0100000000011101011010001110111000111111000100001011000111100100000010011100010100110110010011110001
1001010001110000111110011111011010011011110000111100100000100000111100101110111000101100100100011000
0011011110000001101111011111000111110011100111011111111101001011111111100011100100001100010101001000
0011000111011011000110101011100110111111010100000100010001001011000010011001111001011011001011101011
0010010001101001000011010011000010100010101100011010000111000110010110011111111111010011011001010001
1011101011001000000000000110011011001101110011110011100010111010100011010110111011100110000011011100
0000011001010000010100011001100111001100111001100100111101110001101101000000101111011111011111000101
0111110110100100001001001000011010010110111110101100011101001111110111101100010010101011010111110000
0110001000001110110000110100001100000000000100001010000111101100001011000010010010100111101000110110
0011000111110110100110010010100001001000001011111110100010111010101110100101000111100100011001011001
1010111001111101011011110110001101111011110010100111111000111111100001000011111010010000100001010010
1011001010111011011110110100111011000010001110001001010111000111011100101000101111001101110100111100
1101011000010100111110010100101101110111001111100010110001101001011100110111100101111111000101110100
0111110111010111010001011100110100001011011010101000100010010100011111011010000000011111001100100001
1111000100110010010100000111001011111011001001001101011001001111100001100001110001101110110000010111
0011010000011110101110101000010000000000100100111001100111010011110100100000001110000101110110100100
1000000100000110011100000110010111010000110110001000110001001111110010110100101100001001001000110000
1010111001100011100110110100100110111000011100010110111011010001100111111100010011001010010110011110
0111100100011100101101011001010110111000001000111100011100100011010010111111001000001001010001100110
1110101011001111000001111001101101010000011011010001111000100111010111001010010000101010100000101010
0100010110001011100011101100000111110111000011010101001010110010011111101100110010001011010100111000
0111001010111001000100001101100000001001011011110001000001011110100000110000010110101011111001110110
1000111101110110010011001111100110110100110011101010111110101011001010010010110000111010100010001101
0100001111000011001100111000100000010110100110110011110001110100011101111110101110011101010110000001
0010000101001100100110101100010001000111101100000010000001011100011111111111011100101000110010010000
1010001001110010010111001000011010001111001010110101100110001100000001000100000101001110101011001000
1001000100111110001010000000100101010000100111100000000000000011011111001011001000110110111111011000
1011100110000011100010100011101101001100111011100000111001111001110111110010001110000010100110111101
1110110110111001100100000111000001010100011011110110101100101000011110101101111110011101011111110101
0110101000100001000001101110111011010101010101001100010100001000011011111110100001000001011010001010
1100011110111001010000010110010010001000100110010110111001110000000110011110010100111110001100111011
1000101100101000000000101010110011010011111001101100101110111000011010110011010111100010101010101010
0000000011011000100001001010111011111001111110110000111100011001111111100001100101101000011000110110
1010001100001100100100110001100010010111011110100010111111100100000001100101111001111100010101010100
1101010100001011001100011010111110001011010001000011100101110101110000001001000111000011100001011111
1100010010010100100101000111010100011001011111110001100000000111011001010011000101010000101101111000
0001101010110110101100101000001001111010000100000100110111101101100001000111101010010101100111110101
1000100110010001010110001010101111001000011010111010011010011000101010000101101111110011011011011110
1011110101011011111101101000001010000001100000101011101101111010100101110011011000011011100001100010
0011010100010010010110101010000111001011001010111100001000011011101001101010110110111101101011110101
0011110100000111001010110100101010101111111010100101010100101001010000000000011011101011001010011111
1010001101100010110011011101001100111100010101100011000011101100011011011101010011110001101101010110
0110001101001111101111111000111011011000010100000110111111110110000100001010011001000101010000110110
