001010111000000010010110110111011000011101001101100100010100
010110101010101010001001111010111101001110000101110010111010
001001111010100111100000010011100111101101101011100010101010
100100001110011001001001100110110001101110110010111100100111
001100111111100001001101111000110100110111111100010000111000
111001011001001100000010100101110010001000110101000001010000
111111001101001110101111111001101001000000100110001011010000
010001000011000111100000111000010001100010001011010001010011
001100110111101010011011010110111011001111101010101110000101
111101111111001001010000000110111100001000101011111010100001
110111010101000101000001001010111001001010111001010101011111
110010011010000101001011010101001110000011101100101011001000
011101010001100110010111111010011100101101111110100011101111
111011001110101011011111100011000011101010110100100110111010
000011100011110010111000011100100000100111001111010110100101
011001111111111111010010000011010111110100110001100110001010
001001100000011010011010101111101001010000100010110001000101
010100001100010101111010000110111001000111001101000001000010
100100111011010110111111110110011111000010001101000101000110
001101010001001100111010001000001111100001010110011101010101
100011000001001001101101101001100111101000011111000111011000
011100110100111111011110100000101000101110101000111011011000
001110010110010101010110011010001101011000111010100001110100
000111101111110000111001011000000010111011111111100100001100
001000001000100011100001110110000011101000010111001100110100
011011000111110101010111001111010110001010110100111011101011
010000111000011011101101110000001010101000100000001010000010
011100001010101111110111010001101100000111110111101100111000
101010000100011011000010001110000101111111100011100100110101
100011001100101100100100000011010000101110001111110111110110
100101111010110110010010111110010110101100010011100011110111
000100000010101001111111110101001110110001010111011111011101
110100110001001111000100001111110011001001001101010100110000
011010110111111111100000101001101110101001010101111111110011
101101110010000011100011101000001001010010110010110010000001
011111111101011000110111111010101010011010111001110110010011
111000111110111000010000011010000001000110101101001010011101
110111101000111011101000011000111111000010001011100100101010
010011110110010101111101111111011100000101110010001011001111
111101100000110101101100001110111110010001111010110010001011
