110010101101101101010001001001101010010011011101100000001101
110001101110011111011110001010011100000101010110110100111001
111101010011100111111100100010110011111100100111011111010100
001111110101110100100010110101100010001111010001011010001110
110100000111000110000010000111111100100001101101001101111110
010101100011101000010010010001001000111111101110100011011101
000011001000011010011011100110110110010100000010001111011111
111011110010000000011001101000111001010000001011101010011110
010000011110001111010101110100011110110000010101011000110000
010100101011111101011010110100100100110111111110010111010101
001110011011011001110000111010110011011011101010110110100101
000000101101010001100001011000101100011011001101011001100010
010011001101011111000100010111100000100100000001101000010110
000110100001100011101001000001110111111001110111001001000001
100101101010000011011010101011010000111010111101101010011100
011111011001110111000010000010101011011000001101111111011100
001000111001011111101000110111100101011101110111110011010010
000101111000110000101101011110001001110100100000101011111000
011011101110110011010111010100100001100111101001111111010100
110001100111101111100001100010010101110111110101000110011101
011110000011110100111101001001100001000000111001101000100100
110110100100100100000000000010111100101110100111110101000000
010000101110000001000101110011101111110110111010000010011110
010100110111100101001001000111000010011001010101111010001000
110000000101110000011000101110001101001000101110011001101101
010101010100100110101111101110100001000101000010000100001110
101000101100010111011111010001110010010011010010110001011110
010110100011010101000000111111110110110111001111110110000111
001110101110011111111111111011010010100100101111101111110111
100110000101110000101011110100110111101111011101001010100011
000110011110001100110010100111010010110101001101001001111000
101101111111000011011110000100110000000001101010011111111010
011110111011110001110111011000010000011100011001011110111000
110000101010001111010000001001000110001000010000010011111010
101000001100111010011001011001000100110111010101111000000100
000100100000011101011100010111100001110011100110000010101110
000010000011011001001011111001100001000110100001000111101110
111000001000011110000001000100000010100100001101000000010010
010110100101011111100001000011011010011010101010100110111111
001101011100100111010101010101010000101011010110011000111110
