010100001001010110101000000010110011000011000110101100011110
011000111011000111011011001010110000000110010110000100010011
100110100111011011111101000010011110011100010011111000111011
110011001101011011000101101100110101100101010011110111001011
000001111011011010101100000000100101001110100001011110010100
010000110101010011100001111000101011001000010010100010101011
101110010011110011000011010111101000111100000101000011100001
100100111001000010000011000000110010011000000001111111111000
000000011111011000011000100110001001111100001010110111011001
000000000011100000001111001100111010000001101000111101110111
100111101110101110001111101101100101110011001011001001111111
001011110100110111100100111100010011001000101100011011110101
001110110000001010011100100001010010111001101011010001001010
101111000101010011010011101100100001101100010000010100000100
111111100101010100100000110011010111000111100011101101000110
101101101111111011111100111100010111111010101011000001001001
111110010110111010111001101011011100010000110101001101100001
001100100010110010011100011010110011011001011101010101110011
000100011100010101101000110110001100000000100101001100010011
110101001101100111010110110101100000100111111011011001011110
111000111101011101010111010011101000011000000110000111110010
100001101001100011001000111010001111011000110010010101100111
011111000101110101011001000000100101101000101010000010001010
101010100000110110011011000010101000100011111011010110101000
001010111111000100011100101101111001000010110010001011101100
100110111010000010000010100001011100101110111010100100011111
101111000101111101011101010001011111000110011010110001101111
011010100101000100011110001010100110101100110111110100110101
000000010001010100000100110101001011111010110101001001000100
010100100101100111000110111001111001000011111111011111011101
100111000010111100110111111000000101110010001001011010101010
100111001011101100001100101101101011010010100100111011010100
010001101001010010100110111110110101000001110011101100100000
101110001110100010111000000111010010110000111110010110101100
001011110110000000110101111111111000101101101010010101001011
011110011011110001010001001011101011000111001111100100001110
011100011110101000001101101100001000110001011101011000000001
110110000101000001111010111010001111000110101010100111000100
001101110110100111101100011011001101000100001101111000101011
000111000010101110000010101111110000100110111100100000101010
