110111000000111100111011010111101100001000101011010111011011
111100110100001100000000111101111111110000100000100101100000
001110001111101100011111011110111011000000011111001111011000
111110101000110001101001011001110100110100001111011011010100
100100011110001011010111000010111001111010100101000011011100
001011100011010000000011001010100001100011011110111101010111
000101000000101111001100000011100101101001100001100000000001
100001101000110101001001000111110011011101010010101100000001
101001100000101000110100111110000110100011101001100001111111
000101001101111011000111101010000010010000000111010101010101
010011101010010011000000100100011011100010000000000101101101
000010100011110110000110000011100100001010100111111011101011
110001111110010111110111001110010101001101111010111011101011
101110100111001111111001001000100110111111011100011110000000
101011000010100000100100111111011011001001010111001000010001
111001000010001001011000100001100011100100101101111001101110
101110100110101101111001001011110101101101100111100001101100
011011001010011010100010011011000110000010101101100011100110
100001110010000001100001111100011110100101101011110110101101
001111000101001100111101001101001000001110001100010111101101
001111111100011000000110011111011000000000110101011010001000
001010101010101001101100111010000101110011101000101111001110
101111000010001001010110100000100000111011111101111111010101
001100100010001110010000110111101001111001001000011100111100
101111101011011111000110010010000110011110001010001110101110
000010100010011111110101111000111000011001011001111001001101
111110001011011001001010010111111110110011110010010110010100
011011000100010100100111111101011001101011001010101000000000
010010000100000010011101001111101111011000101010110001111111
010110100111011000000011111110110111111111101110100101000010
110000111110111110100000111010001011100101101110110010010001
101011001111001000111000011010110111011011010110101101110011
000011111101010100000001100000111100111001111001100110101101
101001010001000100010010000001001001110010101110110001110110
100010000111000111001101111011001000101101010010101001010111
110010011110011110000100110001011110001010010010010110001010
111010000111000011101011011111101101100110111100100101001101
010001001100001011101111110111111100110011000010011000011011
101011101110100100100000000010101000011101101110100001011000
000010011110011100001011001111001111011111100110100011000011
