100111101001101111011100110000101110000111110111010001100101
101000011100100001100000001111110001011110100010000010010010
100110101100001011001100001011001011111101001100110001001110
111110110001110011001010011100101110010011101101000001011001
010101111010001111001110001100110110100001000111110100101111
101110000001011000111111110110001101101000111001111110001110
010010010000101010011111011110010100101100101110101010010011
000000010111100001110011100010110101110110011011010010111111
001110100110000110010011001110110001111000100111000011110100
110000101101000001010011001000000001111100110110101110011010
001100111111110011100000110010111001101111101101000001101000
010011000111111011111011011000101011110111010010101001101110
010111111010101110000100100111110000011011110100100010000001
100100000110110111101001110111110001100111111100000110001011
100110110010101101101001001000011100101111100111010011010111
011011100111110011000101110010101001011001111100100011011000
000101000100111110011101111100010111001001001000110001111100
101010001111011110111000000011010110010101011011110111100101
010000011001111100101110010100111000100001110000000010111010
000000100010111011011000000101111100010000011111101010011010
101110000100000110011100010110110000011011101011110000110011
010010101010110110010111010000111001100001010001010110110001
111101000101010100101001011001100101011100011111001110000100
110010000011000011000000111110011100100011111101001000100011
010100111110000100010111011101100011110010000001100101001111
011000000000001000001101111011101010001000110000000110010101
101100001101101101011111110110110010011010101010111111011110
101010110111100110010011010110010001001111011000110110110100
010111101000110111011110100010111111111010000011111100101010
011110011001100001000010011110100000010000011011110000101001
100110101110000001100111100100010000000111011101011100101001
011110011011101000001101010011100111010111101100110110100010
110001101001111111011100111010101110111110010000011101111011
000001111010010011000000001010010011101011111111101100001011
001001111001000101101011010010100101001111100100000111100010
110101111010111111000001111001100001001111000000010111001011
000100100000100011110011010110100001100100110000111110100100
101110011011011010101101000001111000101011000110001110010000
101101000010001011111001000000011111110000100011111100100000
110011111011011100010100000111101001111100110110101001101000
