110000001111110010011110000011000100100100001000001111110101
111111010111010110001100010110001100011000110100110011011110
101001010110001000000101110011110101101110101001010111101000
111000011101010101010000010011010010011000110111001110011111
110111111110111001110010000001000011001010000110101010011111
101101011011001101110000000000011011010110100000101101011100
111101101001001011111100101011001100010001011000011001001011
110001101101100011110111110100000001110101111111101000000110
110100011000011110010110011101011010110000101101000000110001
010001000101001010110011010111110010000110101011110000001100
100101101100010100111000000011011100011001111010011111000110
000010110001100110110110001101101000111110110001100101100111
001110000000111100001010100000101100001000110000010001010111
011000101110011111111110101111000111110110000101101010101000
011100011101011110000000111001001010010000010110111001010010
111001101011101000100011101100100100011110010111101011101000
111111010100001010001100000101011101111110100010001100010011
110001110001110000101010000100001010010010010111000010001101
010111100000110111111101100000111110101111101010000000101010
110001110010001010000000100010010010101000000010011011100101
110101011000100011101010110101000011010100000101000110010110
011100010000101001111100000011000011101011010110101111001110
110011000010100111000010110111101100000110001101100111001010
001001101001010001011001101111010110010100111010010000010111
001001101100001111010010111001101101110011000010101001000000
001001100000001011111101011100011100100111110010001111001001
111001110110000100110000010111110001001111111010011001111010
110011111010100101101010101010111000110001111001111110011101
100101110110001010111011101011010100000111010100001010010000
110001011000010110011010001111011101011010111010010101000000
011000010001111011001110001011000010001001110101000011111100
010101110111000000111011101010011110110110000011000100001100
110111110101111110001101101000011000110001100011111000111000
110101110011010110010010001001100010010011001101101100001001
101111110001101101111100010010101000010010101111111110101100
110111110000010010001001100010100100001110010110101011001011
101111011111100111010011001101101101111010100011001100101001
010110100101011111001001000111011110101101001000011110100100
100100000000001101111000011110011001000001111101111011000101
101011010101001111100100100000100011111111111010001000001110
