110001110001101000100111010110111011100011001000100110001110
010111001000111111001011011110100101011011010110001011111010
101011111001110111001001001111101011000101000001010101111001
010110010110100010100101011011010100011011011100100101101110
001000110011001000010111001111000111010101001100110111100000
000010101011011011110101101101110000000111110011110111011000
111010100110010000001100000000000100100101111001100010111000
111000110100000001110111110011110101110110001011110000100001
010000111010000011110000011100110100100000101110110001100110
000000110001000101111110100001000011010101011011010110000110
011011011111100111011101001101000001010110011001011000101010
011011010110111010110110010110110111110010000010111001000101
000110000010010000000101010001011110001011010001000011101100
111010100101011101010011101010110111111110111100011111000010
000000101110100000011101000011011011101011010011011111101101
111110111101101001001011010110110011010101101100010101010100
100010110111100110101110110011001111111101100010001111110001
001101010000011110011111010111101110011101000111110110111000
011011001100110111000010010101010101001011110011000000100111
010010100100011111000011110011101011000001011111011110110001
001011101111011011111110100110001100111000011110110111100000
100111010010100100111100000010110010100110011100100000010001
100011101001010110010101111011000100011101100101110110000110
101100111101010010011110000110000000010100101110111110100011
101001010000101000100001001111001100011000000000010011100111
010010010101101111010100000111111011000110111100111100001100
110100000111101111110001100011101010100101110101010110111111
111010000001001100001001010010001100011101001011010010001110
110110001101000111000010101011001111110100101010000110001111
101001010010011100100100000110000011101011000110101001011011
010001011001111110101011000100110010110110100100100000100010
100110001011110010110011111101100011100000011010001010111000
000111101001000010011101000110011111011110011101100011101110
101111111100010001001001100001001001101100000001100010100101
110001000011110111110111111010110011000010000100100101111011
101110011011100100101110001111111111000100010000101110011110
011000111011111101111010110110110000101010010001001001110001
010011101000011110010111011100000011101011001000101111011110
100111111111110000010010001101010111100110111101000001000010
110100010001010010111010111110111000011101010011010010111011
