111011010101100111001101111011100100110001111001010110001000
111000010001111110001001100110110001100111001000110110101010
101000011010110101101000110111011000111110001111100111001001
001000001110101101101101110011001101101110110110111010111110
111110100010000000100010001010111111101110011010100000001110
000110101000100011111000111011011111011000011100110011101101
100111111110001010101101100111000111011001100100111010010100
011001101111001101011101000000111101000011111101110001001100
000110101001010011111110101111101101110110110011011011100010
010100001001000100111100000010010000100000101101100010000110
111110111101111111111110010001110011100000110011101110101110
110001101011000110101000100111110000000001111110100001101011
101011010001100101100101010001111101000000110111111111011110
000100101011010010000100101000010101100011001001100010101000
111001011000011110010001001011100100000000011000011100101111
110111101001011101100111010101110110110001111000111001101000
111110111010110001111110101110010011000001110001000111010001
000110110011011111101000001000110001000000111100101001110000
011101000010001100011101110100011001010011101100100011111001
001110101110000101101010010000000110110001010011000101000100
111101010111110110001001101010100000101001001010010000110110
100010110101000011011110111001110100011111111110001101001010
100011010100101100001001101100100110011001110111010111101101
100001000100100111001110110111101000111111100000011101000100
010100010110101010100111010011001010010100001100111100100111
000010111111111110101111111000010011001110110001011011010010
011000101010110010010001010011110001010111110010100000001110
101100111011101100111000001011101011001000010010010000101101
011011000111001010011000011011000110111001100110110110011001
000011001010110101011110010100000111100101011001011000110101
111000101110100000000001101010011011000100110100001011010011
000100011010000000110010111010001101101001101110101001001111
010000011010010001111110010111000000111111111010011001101100
101111110101111010100011100101010110000101110100000101001100
001111010011010010111001010101000000000110000001010011100110
010001110100101110001110110000101011011001100011000111000110
110010100000101000111010011010010110011000011100100100011110
001100010100011110011000111100100110100001100110111111101011
011110000100011101100000000110010011100010100101010001010011
111100011001110110100011001100001010101111110001111110101100
