100111110001001101111011011100110100100000001011111100110100
001011100100000000000011011001100000100111100001011111101101
000110001011110001110111011011101001001111011010101110011101
100101010010111110000101110111100101110111111111110101100100
111011000101100000101000111011001100000101011111110001100110
001001100001110000100110111011010100100100111100110100011100
010000111111010000010110111101010100100001110101000100011001
000101011010010011011111011001110010110011000000110100100011
010001011011000101011011001100110110000101100000001110100000
000110100010100011101001011111010101101001111010101000011111
100001110011110100110101100000110100011011111000010010110001
011010011101101011000010000100010011101010110001000011101101
001011111100001111000011111110001001101000110001111000101010
110001101010110111111100001001010110101100101011011010100111
111100010100000011010111100000001010010110110010011010000110
001010101111011010000101101010000010000110101011111011101101
101111010010101110011011101010010111110100111000001100000010
111011001100010001100010101010001010111111101001101110010010
110010011111001111101100011011111101111101101111010000010101
110001011011101100101010110011111110011000101110100010100110
001001101011111010010110101000100000010001010111100001011001
110000000011100000000110110001001110011000101010011111000110
110011111010100001010110100100001111011101000111110001010111
101011000000111111001010001100111000101100111111000011100010
101001001100000111010101110010100100100010101100100100111001
101111100111110011100111111100001001110110010011011001100101
110100100110001111110111010101101001111101111010000110001111
010111111000011110001111101001011110100101101010111001000000
001010000001100111100111001110111010001100111010110011111110
110000110000011101011110000010000100100101010011010010100000
001111011011001000101001101111011111101000100101110110110000
010011001001101100001000101011111001011110010111110010111000
100100110110000101000101001111011110101101100111001110011111
111111010011011010010001100001001101000100000110111001111111
010001101000110100001001110110000100000011100111001111010111
011010010010111110100011011100001101101101001001100010011011
111011011011010000011101010001101110101101100110011100011010
100101101000010111111101100110011101100001100001101010000100
110001101011100001011101001010110101101010111001000111001110
001110101101111110011011100011111111011011011110001010000001
