0010100100110110001100100000101001010111010101111110110011001100101100000100000000001010001110111000
1001001111101011010010100110010010011000111111111101101100101101111101101000010100100100111101110001
1110101100100000111111011110011101111010110100011001110011001010111111000000011000001110110100011011
0100001000010100100000110111100101011011000100101011011000001100000011111010111011110010001010011111
1011011001111110111100110101101000001100000010001000011011000100010110000011001100100000010010010001
0000111011101100010111101011100111001110101000000000111100001011000011011110100110001110111010011010
1110111101000100011111110100110111000101010111011101010101110100101101001110010001000110111001010100
0001111101111100001000110001011111000111111111010010010001000011111101000110010101110011011000111001
1101001101101010100010000111101000001000010001000000000000000000011111000000001110101000011100111111
1010100110010010101110110111100110100110000001011011100011001110001010111010110011101011000010111000
0101000010100111011100111101111111111001011110101111001000100110010100001010001001100010101101101000
0001011100010010111001010110000111111001010100010101010111100010001100111000010111101001000100001011
1001011101100001010010100001111100010010110011011111000001100011011000010110111100001001101000000110
0000100010001101101110010001011110001101010010100010100000011001010000110001000111111001001110000100
1100111011110100100011110011011101110111100111011001101001000100011011100101000100111111010100101010
1011111110011101100100011010001101000101010001001101000000101010111111001110110010001011111111010100
1111011110110110111010000001011111001110001111111101001110100000101011100110111110010000010110111111
0110001010110001001111110010010001011010011000010111001110011100011101010011110011101001000000010010
0000111111111100010011010000001111000010010101010100000001000000001110000101010111100010111001011000
1011011000010000000010100010011110110100110101100000011000010000000101001111001011111111011001110111
1111111011010101110110011001001000010000101101011100001111010001011110011110001000111101001111010011
0010001000000111010001110000111001001100000010001010000101011010100110001110110100011000000110111000
0111010110011101000011100001000110001101110111011010111111110100011101011011001100111100011001011010
1101101111110000010100100100101101101001010000011000101010000100110000101100100100101011010000011100
0010011111010010010011001011000111001110110010100010100111110010001110010110101111101101111110001111
1110110010011010001110010101010001011001101010111100111011101011101010011011101110010101111011000011
1101011000101101011011100101100111110010001010010101010110010100100001001000000001000111101010101011
0111110010000110000101101000000110101001000010011010011011010001110111001001100110011110101001110111
1110000111010101101100110001000001100110000100010000011001101011001011010011010110001111110001010100
1110110100001000010100101100010011110001110110100001101111100111100011000110110001100010111100100011
0011011010100100100001111100100001101110001100111111010010001011101101111010010111111010011100011001
0000100011100100111000111101101101111110100101011010100100011110001010110101101000011000100010001010
0110110001110010010100000010001010010001011100000000010000111010110011011000110011101110100110010000
1010111011111100110100000000010010001000111010010100101010010010000011110010000110000001111001111011
1011100001101011010010010111110110000101011000011100110110100111111010010010010001101110011101100111
1000000011101110011011110110010011000110011110111001110000001001001101010111000111000000011100011000
1101101110110001001110011100001001100110011000110010001111000011101010010101100110110000001101100010
1100111110111000100100110000010001110011010000001001010100001111110000011010011001101010111101011100
0110000110111110001000000101111010100101010000111010000111101110001101000011100100111110010100111101
0111010000110011011110101110001101000111000100011110010101100111001001110100101110100011110010001010
0111010100010011011010110011101111110100000110010110100100011110101011100110010110000111001000100010
0000100101110100010100100101001111111111100101111110100001111011100101001011100001101111010111100010
1010011110101011011110101110100110010010000011111000100101101011010000001000111101010011111110000011
0001001101010111010000000100000010110001111001100011010110100011000101010110011001001101110111111101
0111100101110110010011011000000100011000011010101001100010101000011101101000101000011000010001000101
1100101100000010010110100101010001111000000010001110110110000110111110101011001100011001001110010001
1000000000110001011000010010010110011111101111010101000110100000100100100000100011111011000100101100
0100100010011000101001001000101010010110001111100001011101011111101100011001100100011010010011111100
0111101000011101001010100101010001001100100011110011101000010010011111101010010110000101001000101110
0000110100100101010111011011011100010101001110110011101011010111011001100111110100011111111001000001
