010010010101010010111010000100010010100101111010111111101100
011110000010111101001100011101101101101110101000010101111110
010110100111101011111100001010101100101010010000010011111001
110011000011001001100101100110100100111101001100111010101011
001011110111010011111110101101001110101101101100111110010111
100111010100000001010011100100111100001000111101011001111101
101100011101011111011101110101000001001010000000000100011011
000100111000001010101000001011100001010010111011010001100001
101010110001101010011100100001100110011110100000110101011101
011001011100010011111010100000110011101101101000000000001011
110111101010000100000101001100011011110110000100100110001010
100010101100010011110001110111100101110110110100101100000001
100010101110010111011110000100101010111011010100101001000110
001110011101001101011000101100101011111000111011100011100100
001111100110110100100010111010011100001011000110001000010011
011011001110011001000000101110101110000010101011100010111011
001000100111001001000000010100110000001011100001101001011010
110010010110010100110010010001001101100010001001101110100101
010101110001000001011000011111001000111011000000111001000100
010100101001001011001011010101001010110011001110110010001101
001111001011100101110011000111101100010000100101010111100011
101011111000110001101001100010000101000111110111001010111001
110011100100111000111001111101001001101001110011100110111010
000110110000100100001111000100011101101110000011110010001100
001111111111111000101111100000101110101100111000010001100011
110010111110001110111011001011100011010011010101100100100111
010011010001100010010101000101110010101000111100001110010101
110000100000001100110110001101101010110000011100101001101011
100011010110100000110101101010010011011101110100110011101100
101111111001010010010010001010101101101000110010010111001100
101000110001001110100111101010000111101110100011010001100001
110011110111100001110000111011110110010011010000000011101000
110110011111100011011000100111010000000101010100110110001111
000001111001111101101000010000000000000010111110001110101010
001111100010110110001011001111111010010001000101110100111110
101011000000101101100111011000010001000000000011101110101011
101011110110100111001001010111000101010001110011101100110101
010100111011100100000110001110001101111111101110111101111001
000101110110100011001110101000000011101101010001011111100100
000110111110100101111101100000000101101011000101010011101101
