001010101001101000100111011011000101101000111010100110000111
110001011110100011001100111100110001100001000010100011001001
010001001111000000001101111010011010100100110001000010111010
011100001100010110000000000100001101111101001110010010011000
000110101110101000010110110010100001010100011100010011001010
100010000011111101111101010000111101011110100011100001010000
110011110000101000110100000110010100000001101010011010001011
000001100111100100100100001111100001111110000011000000111011
010100011000101001000111010010101100111100111111110111011010
111010111100100110100100010110001111010010001101000110101011
001001110011111010001100111000100010011000001001000001001001
001011011000001010011100001011010110000101100001011111011101
111101010110111000101011101000101011100100111101011001010001
010110010100100111111110010000001000001110010000101100111000
100001000101100110111011011110110001100110000110110000100100
111001111101001000000101000001110110010001000111110001001000
110001001011111101100000011010001001111010000011001010010000
111101101100111110000110111101010001101101110011100011001010
000000110111001010100000111111110000110011101110111010100110
011110001011010010110011110111101000111000010000100010000111
111001111111110001010000101000100001111101000101101111010011
011001010111111011101011011101110100001011111000110110100111
111101100001111110010011011111001001010101110110010011100110
101011001111101110110001100110001111010010010111110000001100
111110101011100011101001010100101001011000101111110100001010
101001111111001101011101111010011010110000011111100100110110
101011010011100100011011000010111000111001101111000101111110
101100110011000101111110101110001010111001010100101001101111
101110101011110111001001101110000001000101110110001010101100
001100111001011000010101011111111111011101110110000110011100
101011011010011101101000000010101001110000100011010010110111
001011000111111010010111010110000000111011101000001100110000
101100111101011010001011010000001000010000001000101000101100
000101100000110100101101110110000010100111100111011001000110
111010001100001110100000000000000011001010001110010001111010
010010110101000011000110000101001011101110110101111010101010
001100111101010001001001000100100001101001011110111110111110
111011111011001001011100001000110111000011011011110001011001
001111011010110001011111000111111010111010100010011110001000
001100100000111110001001000110100111110111001010100010001101
