010000011000010100000111011000110000101100011001011001110010
011100000100101010010111001011101111010001100011011001101110
011010011000010101000101000100101110001100010000001100101011
011000101001110010011011101110101001000010011000010011111001
001000011011100101010011010001011011010100100001010100101000
101110111111010011000011111000110101010000011100101001110001
000010000100001011110111110000011000000111001100000110010101
000000010111011011110110111100100001100010011110111011000000
110010000111111110000010001111111100111001001110001100010100
010010100000101110001101001011011110110101110010010011100110
001110001110101100110111110110111001011101001011001000110110
111001011111001111110100101110010100001010010101111100101101
011101100110101110101010100100010111100111001111010001011111
101011000001000001000000010011111100001001011110111010000011
110110001000100111000011010110110110001100111011101110101001
110101010101011010111010100110011101011100010110101011010111
001011001001111010001011010101111101000001001000000010000110
010110110001011011101011100101011011011111100011010001001010
101011101110110100001101100101111110001110000111101100101101
101110100101001111101000001111010100111110011111111011110110
101010011100001010101101100001110110011010000001001010100101
101111111000010001111100110010111001111011010011110110110011
110000110001110010001001011001101001100001011001111010011100
101111001010010001010011111011111011111000101101111100001111
011001011101011100100000001011001010010001010000011001100001
011001001100101100010010010101000110000101000111010100000101
101100100010111111000000001101110011110001100110011001101101
000110111000101100000100000000101110000101100000101011100110
011101110101010001000101011100001011100001001111000100110001
010101001001011110001011110111011111100101010110011001100001
010000011111111010110100000100011110100101101000100101100100
010011101111010101001100001001101010111001100100001111111001
001011000000100001000011110110101001000111010111000111100011
111101100101101010100111110111001010100001110000110010100010
111110111110010111000110011000101100100100000100001000000010
000110111110110100100010011010010100110100011010001010100110
000011111011011101001100100011110011001011111100000110010010
001110110100111110000000110100010000011111001001111011011001
000010101000001011110100111111101100110011011101001101100100
101011010101110001110111011001101110111110100100101110100111
