001011111010111101100000010010011110011101000111011011001110
111011001101110000000001100011100010110111110010010110011011
111000011001011000101110011001010010010011111110010000100110
001111010000011011101111111101011110111011110010100110001111
100011010110100110000000110110000001001111110011110110000000
100000110110011001101001111111011010010000100010110101011011
010100111101100101110111000011101010001010000110000111110100
111010011000110110100111111110100110101010100110011111011001
101000111010111100111111100110101001011101111111100000100001
111000011001011011111001001101011100101110010001010011001101
001111000111001111001101110011010010111011101110101111101111
100111101001101111110100111000110010100010000100110111100011
000001010101001001011110001111000101010100010011110111010011
001001110000110011100001010101011110111111010011010010001101
010100111101101000100010001011011100011110111100110101011111
111111110011110101010001010111100010000010010100010110100001
100001001010110111010101101110011101110100110110000110010001
011100011110111000001001100000001111000001000100110011101000
001100001011001101111001101110001011001101101100100000011000
110101010100000001011110101000110111001010111010010100111010
110000110010000011010011011011111001000011100100001000111001
000100000001000100011100100000011100000001001000110110100100
110111110001110100011001000001011111001111000110011010001010
011100100001011000100101111111011110000111010100010010000010
101110000010001000111000000010000110000101110000101111011100
001100110010101111101001000000101011001101100111001101110100
110011111001001110000000001111010100111011001101111000101010
101000100010111110111110110110111110111011111011110000111011
110100111010000000001001000110010100000101001101001011000111
111101111001000011000010001011100101100110110010001010000010
010100100000001001101101000111111001111010100010110001011110
011110111111001011110010110101000010011101110001111001111101
011100101011001101101011110000011001000101011101111001111001
001001001000110110100001011101000110110010101011011100011001
100111101010011100110101010000110010000010001010011110100111
110010111001010111011101110000110100011010000100011011111111
111010011101111010100011101111111110100101000111001001101111
001110100011100000000010110010010001000100000100001101011010
011110101100000000011101010111101100011010101010000010100010
100101010001111001111111011010111011110010111001100011011001
