000011000101011111010101011100010010011010111110101110110100
111001110111100101001101111110100000101010101110100011100010
011111000110001101110110001110110111111101010011001101010110
101011001100011111000010110001100001010010100101101011000011
000000101000011101010110000011100111000111011101100101110100
001101111111111101100111101010111100001010101001001101100011
101110010101001110100100011101101011111010100011001110100101
001101000110001001000011110011111100110010000011000001011111
111011111010000100011111101011110111001101011001111100010001
000010011000011000101000001001110110001110111101001110101111
110110010111011011001100001011011011110001011100000101001011
100111011101101100010000101111011111010100111111000100101011
000100000001111000001011011101010010100110110111001000101011
111101101110001100001001010000010000011101100000010100011111
110010001001010110011100100101011011010010101100100110101110
001010111000110100000101001111100001011011110000011001111011
001100001101110111101100111001100011001100110101111000101001
001000100101100010110010011101110110110011111000110000011111
000100010100111111100101100010100011011001100000100111001001
111011000110001100111100111100001000100011000000100011101101
100111111101101001100110000010101101011111100001100101000110
000011101000000110100011001001010110100000010001111101010100
110011011100011111110000000000111011101010011110110000111010
010101000110001011001011001101111100111110100110011011100001
101011011110001110011110010111101110011110001111010101011000
111100101011100101111001100011111101000011101100111000011110
001111010010000010001010110100001110110100110000110110101000
001111100010101101101100110001111010011111100001111110100111
100100101011010101010000010111111011010100000101111001011101
010111100110100111111001101010110000010100111000011100100010
100011010100001010001110101100111000000010001011011111010101
111101101001110000001101110010000100101100110101011011111000
000001111011001010100010001101100011001101101001111001010101
100011011101001011110011001001001101000110101111011101001001
001110011111101010101011101111110111111011111000010010111010
001100100010111010101010110011110101111000001110101110111000
101010011110101101100001111110000100011010010111001110010000
101011001110010111111101010100001100111100111010110111100111
110000000011110111011111010011100010010100010000000111010011
110011101010010000101100011011110111101000110001010001010100
