111001000110101100001100110000110110011101110001011010000101
101110000101111001101111100101000001011010011011000100101001
000101101010110101100011111111110000001010010001101101001100
010111011101000110110000101100101000101101100000011000110111
010010110001100110101101010000011111000100101010100011100011
110011010101001010011001100000011010001111110001100101111110
001011010101111001011111100100111111100111111010001111110100
101001111111111110010100011010001001110010010111000010110110
111111010001000000011000001101110011100110100001010111011000
100000010101001011011101111101000000001010100100111000001011
000110011010001111001101110110110110011011100000111101101110
000001110100000100000110101011100101110110111111011111101101
110111011100110011011101100111010000010101011010011000000010
000000001101000111100000100010010000111110001011001011111001
101011111010000011100100000001110001100001011010001101111011
011110100110011101000110111101110100000110001100101110011001
111101110111111101100001010001111110100001011011111011011110
000010101101110111110000001100001010110001101010000011000111
011001111110010101001111010100001000000110111110011010110100
000011110111001001110110100101000011010001110111110000110110
001101101110110001001111100010011001101011011000111111100011
000110111101011110000101110010011111101111000001100000000010
100110111010111000110011110000101011001011010011010000110100
101011011110110000100110110111001011100001101000111001011010
111000010101001101111100111101100100100110000111101100111011
001010010001100101000110111110101101011111100010010101001011
110010001111101100101011001100000001111011001010001111011010
111111101101100000110000111111101000110010000011011010110110
101011100101110011000011010011011011010010010101100001011101
111000000101110101111110001011011001001001010000001001110001
100011010110111000001001111010011011110011110101000110101101
111111000110111000101110111010001111101011100001001100100000
101001100001110000000010010101011001000110101110110101101001
010010010101100101101111100010100101111111001101101101000001
001001011111010000101011101111100000100101001110100101101111
000101110000101011000111000010101001011001110110101011110000
011100110101111011001010001011011101010111001011111011010011
001111010010111111000110110111100011111100000011011011101010
001100111111111101010101110010001011110001000011111001111010
101110100111100010000001000111001111010101101101111000101001
