0110100000101001011001100101000100010011011000111010100110110100010101110110000111011101010110110111
1000001111111001010000000110101111111001110011110001100000111010011011101110101010000110000110000110
0001010011011000111011010101001100110000011001010010001010000111110011000010101101001101010100110100
1000101010000101001011000010010101100101011100010010110100111011111101111100110000011101101111100010
0010101110100111001101010111100101000011000110000101111110100010010001000010101001101100101000000111
0111001000110001110100001010001100101011001111001010011111011010101011100000000101111111010111011111
0000111111000111101100001011110110101100011111011011101010010100101001000011110011001110000110001001
0000011011110111000100100110010011110001010010000101111000110010111101110110000111001100001010101011
1000101100111101010101000101100011000011100000110001100100110100000011100111100000100111001100100010
0011100010100011001010100001011101110100110111000110011101110001000011111000110010111110100010010010
0010111111101100111110100011011000011101001111000010001000101110000010110010011111010011010001000000
1010100111000001000000011011000101111011010101111010101101001010000101100111001101101110001001110001
0000101111011001000010100010010000101110001001001010010000100000011100110101010001010011011101001110
0011110100111001001001010001101111011101100011111010000000000000010100111001011010001111010011111101
1000110011010010001011011101100011011000010100100110100001101111111111110011111100111100100011101010
0111011100100000010100100100111000111110110001111010101000100100110100111000101110000011010101110110
0110100101011100101111011001110010110010000101011001100010011010001011110001000010110110011110100010
1010010110011110001011000100001100110111011001011110011110011100110010010101101011110110111101010100
0001001010010110100011000011110101001001001000011101001101101001110101110110001001000110001100110100
1010101101011010011100110111001101110100011010100100001111011001000111000010001001010000000000101010
0000111011101010011001001011011110101100001111100110111010001111001101110111101010111011100010100101
1100101010011111110110110100101110011111011001100110000011000101001011011011010111110110101011010011
0111001110010101101100101110000010010010010111001010100011000010010110100001001001000011000000111000
1110101011110110101101000110100000010101011011101100100011001110110010000000111000011000010100011010
1001000111000000101110111000011000100100100110111111001111001000100101111111101110110111010011101100
1100101010010100100110001101100001010101000101001111110110101000111110111110111100111110010111010111
1111000001100110001110001010111101001101100000001110110010100100110000110100011101000011010001001101
0010010111010000011100100110011100001110101001110010110110000000001010101010110110001010110011100101
1000011111000101001110000010100000000110011100100100000101111011101010010011101010101001110111001000
1101010100100100000110010000101100010111010111100111111110001011001011100111011001010110101101010111
1100010111010001001110001000110100110110110001101100110001110111111000010101001111000111101100101010
0111000101100000010111100001001001011010101110101101111000101010111100111011011100010110010110010010
1100110101110111101110000101100110000001000000101011010111010111111110111000000100001000101110110101
0101011101000100100010111100000010011110111010100101101010100101111100011111010001101011100010100111
0101100000110011110001001111001011101111111101010100000001100111010111010101001101100100010111011011
1101010110110100000011100001010011000101110100110100110010110111101010011101100011010011000100011100
0001111110111000110101111100101011100100111101001000000101001110100110010000101100000101000011110000
0011110000101011101110011100000101110101111011010001010000010110111110111100111000010111100110010100
1110010010010010100110101100000100000011000011011101101101100010110001110101100100011011010001111101
0000011101100110100000011101010101000101101010111011100110001101101010101010101110101110000101000001
0001111111111000100001111011110111111110010000101010001111001110001100101110000011110101111111100100
0011100110111001100011100101111110011111011101001011000011110111110011111100101010001101011101000001
0111000000100101011011110010110000011100010101000101001110101100100111001001000001111001010111010010
1101110101001101111111100000001100001101001101100011111011011000001101011011110110111000100011110000
1000000111010001011000000011001110110100110010110110101011110101001010100011100100011000111100111111
1110011110111000100101001110110110000111110010000000000110001011100001100100000110100010111101111110
1101000000011111010010001101100111101111000101000100011111011101010110011011110110101100101110010000
1000011011001111001111111111101011111101001111001111010101010101110010001110111011010000010110011100
1110000010101000110111001100100011001101101110011100001000101100000010111100011010001010011101100010
0011110110001110101011010110010101001110011001111111010111101010001001001111110110101110100100100010
