110100001100011100001110110110101100011110111011010010011000
111011010110100011111100010010010111000011000101111100000001
111001001010110110001111011111001000010010100100011000100011
111101111100110001101101001100000000000110110101101110011000
101010111000111101111110100110101100001110001010101110010110
000010101110111010011101001011010100110101010101010101010001
111110001101101000111100000001010001111001000000110011110001
011100010110100000110010011001011001100110011111101001100000
000011001110010110010111001000001000101001111001010100110010
001001010000010111111101000111000010001111100111010111110001
010001010000001111000111000100011100100001100000110000001001
100011001011010000101001000010110100000010111011011111001001
101010001011001001111010000011100010000001010100110001001001
111010111100000001011010100101001001100111101011001000000111
110101011000010011111011100100101011111100110111110111011000
001100100001001011100000001000011011110010101101001000100000
111001011000101101100000000011101101000011110110001100100100
101101001011101001100001111100100010110111001001101011111001
011101101000110010010101001100011001001111111010101110001000
110110100101101100010011011101011111001010110010110000010001
110111111001101111011111011001110011111000100101111111110100
101000110000100001010011010001010001010011110011110010100100
010001011101110001101100011001100010101110010110111100101010
101100001010100010000101110010000010011111000100010100100010
110010011000011000011110000110111010110000101101001100001100
011011111011000000110001010001111101000111100011010111001100
000101100110011001101000110111010111101010001011010010101001
001001111000000101101110100110100011010111000110111011111111
001100010001001011101010011110100111100001011100001010000010
101000111111100111100100110101100111000011011100110100000001
110011010100010101100011011100100010011001101011011001010010
111101110100100101010101110101101000101010111100111000000100
111010000110010001111001110100000110101001101001100101000000
011100111100111001101011100011100010010111100111011100011000
011000101100111010111110110111110110011110001111111001011000
100111100001111101110001100001001001000000111100011011000011
100000001001000000010101010111101101001100001110000111011110
010110100101100110110101010111001001110110000010000101001100
101000001011101100111111110111111010101101010011100001011111
001100111111001111011111010010101111101101010000100111100010
