010000101110011101100100100101111011100011001010000111101000
111110010010110000111101100110111010000110110110100101001001
101000010101010010011010001111011010000111110011110100100111
100111011011101111101011011001001100100100011010101101100101
011001100110000111001110010000111100101010100101000010111000
000101011111001101000011011010010110111010101101010110111110
010011111001100110001011011001010111101011010110101000011011
100100111011001101110001001100110010001011101101011101101001
110100010000110000011011001100011001010000110011001101001110
000001100011100001010000011111110010101010000000110101010010
001100000101010011101010011011011110101000101100001001100100
110000101000100001101011111001011101101011000111011010101001
011101001100110001110010001010110110101001011100100110101010
100111011111110000100001010001000011111100011001110011111000
001011010000101010001100000100001010111011001000001111101110
110101000111000111101100010110001001001011101000110010110001
010100011100010101001001101101010001101100110101001000000101
010110000011010001010111100101011010011010101101101001101010
011000111011001001100101011001000101010111100101100011010111
010101010100111000010101001011011011101111100100110111100000
101101001011000001110101101011011101110001111110010001110001
110110110110011111010100101100010100100000101001000100001000
111100011101001100010101000000111110001101111010101100001001
101010101000011001010001000000100011111001001001100111110111
001100110101111110110111100100110000001100010010101110011101
000101000001101111001110100000100101111001010111110011101110
010110010111010001100110111001101001001010111101000010011010
100010010111111001010111110000001110100110011001000101111111
010000001101000010000011111100001010010100111010011010100010
011100000011010010010001000011111011011111001001101001010000
110001111000001110001100011001100000000011010101100100001101
000100100111100001010000000100101101010011010000110101010111
100011101100010100110000010101000011111111010010001111101001
000101101010100101011101111011111011101100010010100101100100
101100100010111101100100010101101101101001111010101110101000
101011100001001101001000100000001010101110111000101110111010
000001100111111001100110100110010001011010000110110100000100
111101010110100001011010101010001111101111110101100011011010
010001000010010010111110011011111100101000010011100100111110
100010111110101101011111010011001110101010111001001101000010
