001111111010101100111101010100110111101011000010111111111001
101110001011000111001111101111010001000111011001111011101001
111001000101001011011011111100110010100011110110100001110101
100011100000111000010000101100100000011010101110000101011110
111010101001001011111001001110010100001011011010011110111000
000100010100111111100101111001111011010100001000010110010100
011000010011011011000000000101100111111011011011011100000001
101000110110000101010110011011101101001001100011101001111111
001100110001000010100101000011000001110100100001111010110010
110000100110000010101011000111111000100100101111111011010001
110101001101000111011000011001101001001010110000101011101111
110010100101100111011111011111111011100100101110001001011010
101110011011110010100010001111001001101110111011011110101011
010010010101001101100110000010111010100100110111001111110000
100011111001111100111010110001110110101001011000001010011000
101010111000100100101010111100111010000011000111001100101000
100100000001111111101110010100001111110110001110010110100101
001010111001001010111011101000001001001111101100110011111110
101001011010000101001010010010001001011111001010101110101011
111001000001010110111010010010011000101000000100100011110110
110100010011010010001000000010001111001001010001000110011100
100100101101110011111100110100000110010001000010111101110111
010111001100111100110100001101111101101000000111110100000111
111000111111000110100110010000010111000000010001000100000011
110100000000100101111110110111100011011100100000101010010011
000110001011000100111101000001010010111111101010000001001010
000010101111001111001011111000100000111011000101010011101010
001010100011111010010010110100101011101000110000100011101101
100010111001100011100100100000011010111001101010111110010100
001100100111101011101110011111101100110110100101111101101011
100100010010011110111110001101100111010011110100111110011110
110010101101100001001100000010010110100100010110100001110000
010101100110100010001101111010000000011100010111110011011001
100100000010010001000000110100111100100110101010011010110111
010100001110001111011011000101111110110100011100100101010011
011100011101001001011011110010110110010101100011100000010001
011101101000011000000100000101100101000101010001010001010111
000100010010000101101010101000011111001100010110100100000011
100111110010110101000101011110100111100011010101011011111100
101110101001100100100001011010000110101100101110110100011001
