011011011000010111000111011011001100011000110100000110001100
111110101010100101011101111100111100101001010010001101011100
011101010000000010101011101000101001101000100111101111101000
111111111110000001110001010110000000100111101000011110111001
111100101000010000011100010110010101010010110111111101011010
110111101110110101010011001010010000111000010000111000100011
101001000000000011101001001001001000101110110000010010011010
111100011100110001110100100101101101000111001111111000000101
000001110100010110011111000010011101011001011000101000111001
110101100001111111011110011011100010001110000011001101010101
100011011000100110101000000010101011000011100011001011001000
111010110001101011010001100101111101110001001110011110101001
010001001110110001011111000111001001001000100000111101000010
100111100010000100101010011101101100100001001011000011000101
111011001101001101001011001001100101110011110011101100000101
101111000111010011111101111100001000111011010111000010010100
001011000101000101001110110110101110010000001111000000100100
111110001101010011101011110101110010110001101101011101111001
010000010110101101101111001111001001000100011011111001101110
011000001010111010011101011001101110000011111110110101001010
011100101111000000000001010010010111000000010000001010111010
011001000010100100011100000101100100110010010100000101111010
011011110101111000101110111100000001001111000100001010011011
010110010101101000001000110001000000100001011100011100011101
001000110010011001000010000101001100000100001111011101111000
111010101111000110101100010000100100001010101111111110010001
000000011000001011010000101100010000111000111011001000000101
000100110000011010110010101001010110111010100001010010111001
110110000000100000111010011001011100110110011101100101101001
000110011011000010010000010110011011011011110011111010111101
010111000000011001010011011100100010101011101001010110101110
011011101011010111100001000100101111100011101000000000000000
011010001010101011110011010101000100001100010001101101010110
111011011111100111110000011011110110100011011111101100101111
101011001101001010101110100011111010000100110110001111100010
011011000110011011010011110101001101010111100101011110000011
100111010101101101100110011100010101111110111111001001101000
100011010101000001100111101010000000100100101101101100001010
001001010111010011010011011110111101111101111010101001110101
111111010111111010101101111110000001100101000001100111010111
