001001110000001111100011000111111101110001011110100101010011
110110010000111010100101001000011001110101010011100010101000
110100001011101011001100111001000010011100001110011101011010
011011100101010100011110001011110001010110111110110101001001
110111110111010100100101001010100110000000010000000110011110
011100011001000010011110110111100000100011111101100110100011
111000101101100000010010010100001110011100011110010010111010
100011001000111111110001011011000000110000100011100010111011
011010001001011010111001100101110100011100001111001101111100
001111000111100011101111000000000000001110011001001011010001
111001010010010100101011111101100100010011000110111000011001
010111001011001000110000100110110101111010110001011110101011
000101111011011111100011100000101100100111000011000101010110
111010111001101111100111001111110010111100011000100010111100
101001101101001000110111111101011101011001001101011100110000
111010111111110000101011011010101101001001101011000010001111
001010001010000011011100101001011110010010000011000101010000
000010000001011110011011000001101000100001101001010110001101
000101011000100101101110010100001111011111111001010110011011
100010001011001111101010000111110001100010000000000010001011
011110010111001110010001011010000101011001011011011010101110
010010110100010010110000001111010111011010111111111010011101
111110100010100110100100101111100100110010110111110000001110
010100001011010111100100010111000011000010100010010011010011
000101010000110011000010010110001000010101110100111011011110
000011110001000101000110110001011111110000010101101100101011
101101100101111001010101111010001000000001101010010000011000
001110101011001100010111100011011111110011001000110100010111
001001110111100011010010010011110100011111001100101111010100
110110000001100001100011001001111001110010101011001111001101
001011100010010110101000001000100101010001110111010111101100
001100001010111000001100100011001010110001110101111010111100
100011011001101110000100000111001111010111110100010010100000
111011011010110010101010010011111101010010010111101001101110
111101111011010010010010011011001100111010011110001100101001
110000001011000001110100111000011100110010100010001011101100
011100101101100011010010100111001111000000011101011111100011
010011101001011111011111011111000011000111101000101111110000
010000110101011110110000011011111101000101010000110011000011
110100000111011111011110001100100010001001010010001010011111
