001100000011110001100000110011000100001011111111111001001001
000000001111101010110011101100101011000100001000010110111011
100000000100101001010100110011100001110110100111110000101011
010011101110001000111011010010010110011101000101010010110010
111100101111011111011011111101010100010010001010110111111110
010000111011010111110101111001001001001101011001101111101100
111110110010111101111101110011011001100111110001001011001000
010001110011111110010110000101000011000000000010111111111100
101100100001111101101110111011111001000010000010100111000000
100000110101100101000101100001101010010000010111100010100110
011011100111011000100100001001010100100110100100100010001111
110011100001111010011111011101100010110111100001010101001010
001110001111000101101000111001111101010111011010100111011010
100111011011111000111011101100001001110100010111100001010111
101000001000111001011100110100100100011011111001010001000011
100000110111111011100010100110010011101110111010111011010011
011100001000111001011000000011110010010101001101111101011100
001011100100010010100101111001010111000010010000011011101011
110000101010100010001100000101010110010101011000000010110001
000001001011101010101101010010111110001100001001101011101010
000110100111000010100100001110111101100101000100000101100000
011011010000010100100011111010000111110101011100111110010110
011111010011100000100000110100101101110111000011101101110011
010011001110111001111111110010101000111000000111011010101010
001110100111101110101010001111001111001001000101111111001001
110100010011100100000100000010010010000100010100101001100100
110101101111110110111010000001110001101011010010111011010111
100100101001110010000010101010010010010011001000111101001010
000110100101010011101110001111001110101110110100011111011101
001100101010110101011001010110101111111010110110011110110101
101111100100010111010110110000000110101101011000110110001001
001101110110010000001111111001001011100101001000010001110001
001000100110111110001001101000111001010101011111010100010111
100110011010000111111011001010001101110001100111110001111000
100111000100100110010100100100000001001000011111110001010101
111110011111100100111100101000111100100001111111100101011111
000001011010010000110111010001001000000011010010010010111001
000010011010100100011010001000001010010111011101011110011001
111100010010100001110110010101110011101010000010100010000001
101110110001000110110111000110111000110010001111100101001100
