011010111111110110101011000111111101011001000111101011111011
010101111111100110101101010100101010001011110101101001111111
111000011110010011111111000010111101000100010010110101001110
000110111101010111001110111001000110101101011001011000111110
000110011110111101011100100101100110111110110000000111111111
100001011101000100101111101010010011101110000110010010110001
011100000100010111100101000101101010110110001011111001100001
110011110101011111001110111100000100100111010011110011000101
000110111010111001001101010100010000001010010110111100010101
001110100111100010010100111010011001101110100111000011101111
011000010100100011110101010010110110011110000010001000101100
111100001110101001000100001001010011111100000111101011110111
110001101110101100001010111101100100011010011110010000000110
011101000001001010101000000101010010111101011001010010000001
101101101000100001001011111111000011011001101100010110011110
100101100011110001110111100000110011010110010000110011110010
100101001111110001100100000101000110111111000110110011100000
010011011010010001001001001011111110010000110111110011010111
110000010110000000101110110111011001101010011101110110100010
101111101101001111011100101111101101111111011010100010100100
011011111001011111110110010110101001111001101110111000111101
010010011011011001010100111011000111001101101111110100110010
110100011001110011000000000010001101011101010110101000111010
011010111100000101110000010111011010001111111010011101000001
010110110000111101101000000000010000100010100110110010100010
111111011101111000110111000111000111001001001100000100000011
111111000000001000111010010101110001100010100011010101011010
000001011010111011100010101010100011001111110010111101001110
111101001001110000111110011110100110110001000011101011000111
100110111111110101101100000100001011111010110010001001000001
010000000100110000001101110100101011101101100001001101101101
001001010101010010000001010110100010110100000011010001011111
110101110101000000100101101101000000101001011011000011011011
001100001011000001100101100011111000101000010110011111011111
110001101000100000101111111011010011100110000010110001111111
011101100000001011010011010101010110100011111111011101110000
000111100101101011110110011010010111100001011110111111011110
001111110000011001101111110001100000011111000001011100110101
000111111110011100110101101011000010011011111111110111111010
000010111101101010001100100001011101111110101010010010011101
