101110010001010101110010111001011101011000001111000110001011
111000001100111001001011110010000011101000011100111000111011
001100111011001001101101010101101000000000101010101101101111
001111101111011001011100010011011000011111010110110010001100
100111000001100100011001111111100010011010110001100011010110
101010000010100111010110000010101001010110100100011100011010
110100100110101010101101011110100010101101100001011001101110
001000010000001011100001100010110110011101001011111010000100
100001000011001000100010001011001101101101110010001110011000
101001011100001101101000010100010011000111101101101001100100
110001101110011010111011011100001100111101100000000100100100
111011101110001001111110101000110111011000000011010101011011
100010011011000100110011010110001100110111110011000010010100
111111100100100000001011001111000100100001011110001100010110
100011100001101100111011011100100111100110011111111110000100
010001101000110110110000011011110010000110000110100111000100
001000011101010010001000100100000001010111010001100011010001
100000010001011101111011101110111111001001100000001100011010
001101001100100000110010110101001111100110011000011000110000
000100011011000001111001010100010101111011011101000110101111
111111110100000101110111001100100001001101100111000001001100
000110000110000110010101011011010111100101000101101101000010
010011111011111000111111100001110111101101111000101111001001
000111100010111100010110001010011110011101100000100110110110
110000001111001101100000011111101010000100011011110111110101
110101010101101010100101000111000110010110110100101001101111
011111011101111100001110101010111101101110100010100110101000
100100011000011011110000101011000001111111000111101101110101
001111010110110111101111110011010000011010001111111011101111
011011001000111100111110110111101010111100111110100110011101
001100101101110110110000110110100000111000010010111001101011
101100110100111111110111001111100001110100000110010001011000
100000110011000000100000110111110110011011011010111000100001
001001100110000010011110100100010001000101100011011010001100
110111100010111001110011011001101101000010111011010000111101
111110110011111111100101101011111011011010000100011101001001
100010011101110100111001101010110000010011101111110110001101
111011000000011001101101101111001001010000010110100101000111
100001001101100000011000001000001100111110111001010111101110
100010101110011101111010010011111000111110110000100010001101
