011110111000110110110111011000010110110100100010011100000011
000101101001110100110101001010001111001011111011100011001110
111101100011010010000010100111110100111010101100000101001110
011011001100000001100011011011000001011000110100110010100001
011110000001101011101110111101010110111100111111100000000111
110001110001010100111010110100101110100010101101111101000011
001101100000010001100010111110111110100011001010100001011100
101100011110010111110110010001001100011010110010110011101111
001001000011011111000010001100000100110010110110110110011010
100000110111100110110011111010101011110001100001100101110100
100001111011101000111101011001010010110000101010001101110000
010010100001011100000000111001001001111111110000110011110101
011111110000011001110101010010000010010010011111010010100010
110011101110000000001101101110010100101011101110111101001101
111010010100110010111110001111101001000111001010001001111100
101100110110010001101101011100011110011001111011111000011011
100101001000100011000000111010111101101010011001101110110101
110101110100110110101011000001111110100001011001100011000101
110111100000111100011011000000011010110000011101100100000111
000100001000001010011010111001100000101010010110111110101000
110000110010001110101101001100110100011011001101000110010010
100000111111011100110000011110010001100101100001101101001010
110100011100010111101011001011101000111011001011001111111101
110100000111111010101011110101001011010111100001001101000100
110111000011001110110110110111111001000100100110010110111101
010011010010101110010101010000011000001100111001101111100011
101001001100110000001001010001101000110101001010111011010100
001010101111001000000111001000101110101101110011010000010000
001001001110011011001001101000101000101100100111001001000010
100010101001110010010110000000100110011001111100111010011011
101001001110011100110001100110110111100001110100110000000110
010000110100111110001100100011010101100101101110010101001110
001010111000110110111110100101010010110110010111010010110100
000011000011000000110010010101011110001101011011001001111100
010001011010001101011101000000001010101110110001011110010001
011100001101110011110111100101100100110000111111100001111001
010011100100000001110101110101110111110100001010001011101111
110001110101101000110001001001011010001001001100100100000101
111000011101110011111011100100101111111010011011100101111110
001001010110111111010111111011010110011001100110101001110001
