101010110000111011011111110000100101100110010000111101111100
001110010110101011000001110000010110111111110110100010011000
001110011010010000001010100101110000100101000010000111100101
101111101011010111101111111010011100000111101010010000010111
000011000001101100001111001100100101001100001000000111111001
001111000101010101000101011100000001100010101111000000110011
101000110011110110001001110000010000111101001111001000010001
000111010100111100000001110101011000000001001110000101111100
011001011110111010000111011010010000011111011110110111111101
100001010001111111000110000100000000111001111110101100000011
111000100101011001000010110101110011010111000011010100110010
100100110100111101000011000001111000110000110111010100100010
001101110000111100010100110010001010010100111101110101100110
001111010111000110111000110111000100111110011000001100001010
001100101100101111111110100110000000110100001101111001001100
011111001101100010100101011110010011011111110010111001110100
101111000111010100110101100100111110101010000110010100010100
111011100001111000011111111001011001011100001111000100001101
111011011010011100000001110100010110001110001000110011110101
110000011001110111100001100111110101110010100000111000110110
000000011111010000011001010111010101001110000100101111000011
011010010000000001110100100011100101111001100110010100110101
110001010000111011001101001010111101110010110000100111000101
111000101010001000101000101110001111011000110010011101000010
011001000000101111000100110000110101011110000110100101011000
010111101000111101000111010111000111001101000000110000100110
100101000111011100110010011110110001111000000100101011100010
110111010100010100010101111001010011110001001111001110100011
100010011010001101100011101001110010110011000110110111011101
001011001001000011001111011101001110110110010111011011100110
111001011000110101010111001111100000111110011101000010100010
001101111101111111011010100111111010110010110000010011110010
100111100010100111100000101001010110000001000010101010010101
010001100101111110111110010001011101000101101100100101101111
101010101110101101010000101000100110111011100100001011010111
101010001110000001011101111101110110011111001101110101000101
000011101101110001001000100101101010101010010000110111011101
100010010001011101010011011001000101011010111000000011010011
110101000011011000000100001000001110011100111101001000111110
000011110001101010000011101011101001010110011110010000110111
