000000101000100110010001000011010101111010000001011111110001
111010101011110000100011001000100111010110011001011101101100
110111011010110001010111010011000001101000011010000010101011
000011111001101011000111110101110001011001001100110101001100
111010011110110101110011110101000100010111011000110000100010
100010111110100010010101111000011110011110111001111000101010
011000011001100011000110001010010111101000000001111110001011
001001101101111100110000011100111111001101111001010001001100
000110100110000001111100000010111101000111101010101111100001
011110001000000101100100011110010000001110001010010100100011
100110001100110101010110110111110111000010101110011001100110
100000101000010000011100010100000011110010100011010001001001
110110101010011001100000011110100001110001010011101110100011
101010011100011101010111000101011001110000110100101010011011
100000110101101111011000111001011100011100101101010010001100
011000101110000110101000101100001010001100010010010010101101
011000100001001011010010110010000010110110011101111100010111
110000000011001010111011111011110100110000100110111010101111
011110100111111000111010100111100110100000000001000100111101
010011010101110110111011010001000010100111111101101100111111
111101010011101111011011100100010110010100111001011010001001
101100110100011010110110111100000101110001011000101010000000
100101000110011000101101100110100000101110011101100110111010
100110111100001010111111111000010111001011011110100000101101
101001100110111110100111001001001100110001111000001100001111
100001110101010001001001011101111100010001010001111011110111
001101110110000101000011001110010010000111101101110000001011
010010010111000001010000001100100011000011111100111111000001
010001111110101110001001000000111101110111100010101100010011
001011001010101000101110101000000001110111001101001000111111
101111110101011101011000111010110111111010001011100111101001
110111100010001101001111011100111000111010100101101010010111
001000011000000100000010011010000001101010100010100100101111
101101010010001111001001011010110000110111111100010010000001
000101011100011001100111110001111001110000000000011010011100
110000011101011110110010011010001111000110010010000101111011
001111100110110110101100001100110101010011000111011000011000
101100100000011000010111001101011111000001001100111111011010
110010100001011010010100000001110110000111110011100111111000
000001110000110101010101100001101111110000111001100100000111
