101011010111111110010100100011010111100001100101001000110000
101001101110111111101100001000010010000111101101001100000100
000100111000000001000000110110100000110010000101011111010110
001110101001101000001010010011001001101101001111101100101110
000001100001110010100111101100110000001011000100100110001100
010100111100010111101110111010000100101111001010101100001011
111111110000100011100100010110011001010000111000000100010011
010011011100011001101111000010101111000101001111100110011000
111001101100101111111101011100011001001011101101000100000010
010011011000101110011010110000101100100101011110101011011010
000000101011010110101001011101100011100110000111110100011110
010001010001010100001001100110111111000101110010001010000010
011101110001111100000000000010000000100110101101000001010011
000110001001000010000111100001000011011010110011110111010111
100010010001011011001110110000010000000011000001001100010010
111001001001011001011010010110001010001101110100000100011110
001100111010111110100011111011101001010001000100100011001101
011101011000100010101010111111001101000001010010100110110010
000111110000011111101110001000011000010010000101001100000010
010110111001100011110110111000000101100000111010010100011010
101001111101000001100110010100111101111111011110100101101001
001111111100011011100100101111000001010001000000111100011110
110110011101001001010100001110011011000000001010111011001110
010010001100111010000110011011011010011101111101001001111001
011000111010100111110011000011110111111111100101000010010111
110000101001010010111010111000010101011110100011110001010110
010100111000111101000001101100111010000100001011100011000111
010010010010011000111010110101101100101100111000010000000111
110001011101101010111000000010111001101101101110100111110100
111011011101111100001100111101011100110010111011100100011000
011101011100010011010100111000001011110010100100111110101001
000000110111001100000110111111000001010010101010101100110111
110100011110110101011011100011100000110010011010011111110110
101010100110111000010111001001110010111011001101010011111110
010110001001000010001110101111101011110001000010001110101110
101110101001110001000100001010101101000011110010010110111011
100100110011001110100000101010011100010111101101101111100000
000110010001010010100011110111100001111111011011011000000001
100010000011011101000111010110010101111001000110010010110011
100101000110000110011000101100101100101111001111100001101000
