011000101001110011111011101001011011110101011011100001001110
101010110011001000011010010001010011010110000111000111000111
111101011110110101010111101101011101111111100001011000100111
011000000100000100111101001000001100000011110000011110100110
011110100011110101000000100101010010101110101101001111000101
100101101111010101100010010101101010110010011111011101100110
001100010000100100010000000100011101110100101010010000100000
111110010101100010000111101111101101010101100101100111110001
111110010000000001000111001010100000100111110001111011011011
111000000110001110110111011101111010110100010100100110011001
000110001100101110101010100010000010011110101101010101011110
101110011111111100101011001111100110111000101111111111011110
000000010010110011011101101001011011100100111111010000101001
011101110110100101001000101111011010110000001011001000100000
110001011101001010011001101010010011000101111111001110001110
110011111100011011011011111010111000101110001000111100100010
011000101111001001111001010000001100101100010000000010111110
101111111010100000101001101101000101100010110011101010011001
000101110001010000111101000011101110111101110001111010010010
101101000001101011111010011101000011011110101000010001010111
010110001110010110001100011000100110111110001101101100011111
111101110111000110001101100111001011111001111010101011110111
000011110101010010011010100011010001011100111010111010010011
010000011101001101001100110110000111010011011110110010011001
101111111101110010100010001111010111000000100010110010000000
101011100110111000000010111011100100101110111110100011100010
100111011001000010011000011010000111001011111110100100110101
100011101001101011101011001100110101011000010010011101101111
111000101000010000110001100101100001011001101100101000100110
100011011111100101001000111001100111110011110100000001101010
110111000000101101011110100011111110110010010011100010001101
101001000001000001110110100111100000111101010010111101111010
001001101111100001110001101100111001110000100100011001111011
110111000110100110010100111000111110000000111001111001000001
110010101110001101101000111111010010110110001101100111001011
000110001111101001111010011101101000101101100101110001001011
101100010110100100000010000100001000011011000101010111010100
110001001000001001000110001101000101001010110111101010001101
010111110000110000010100001011010111110100010100110111000010
100010000010010010101011011000011100001100001001111011011110
