000011110110100011100111010000100001101110111100011000000110
111101011110101111110011110100011110110001000110000101001100
001111010010111001100000010001000011110000110110001100100001
111000101011001000010101100010010001010011000100111000110001
110000000110001111000110010110110011110100001100010011000111
110110111100100010101011101101000001001100011110010101111101
111010000110010101101011110101111101110110001010000001011110
100111000110110000001000011111100100011111111100100111100110
101110010000011101111101101010110111000110000000101001111001
101111111001011100011010100110000001000000101011111100000001
111010101110010101100010100001011010000011010110111100111100
000011101011001011001011100110010110001100110101011001000100
011001010101110010011011000010100011110111011100001000111111
111011001011111111000001001111011101010000000100011011100100
011101000111100111011001100110011100101001001111110111111001
100100001001000010000011011000000110011011010100101110100001
101101011100000100000101000000001110110111110011011100100111
101010011011111110010100111001000011100000101000110100000000
101101100011111101111010111001110111000110011001000000100100
011001000010001010010011100000011110110010001110011011100100
111000000001110111110001000000011110101110011011000101000000
101001000111110111111010100111101111001010010010010110000010
001111110011010001001010101110010001111001011011101101000011
110111011000111011010100110101101101101000001000001101001110
110110111001001000101000011101101000001100110000111101101110
011110100111000110100101001100110101011111001001100100111001
100011010011110101100100001100100110011101000110101011100001
100110001010111101001000101000100111000100110110100010111001
110101001010000101000110011100101011100111011011101111110110
000110010100110011001010111001010011111101000101001001000001
110000101001000101100001101011111111001111110001110000101100
110000100101000000010111001110110000110010101100001111001111
010100011011001001010000010011010101110100100000101111001111
001000110001110101110101111001111101100010101100111101110000
111111000001000011110011111010111011110110011011110111100001
111110000000110111110000110110111101001010111110111110001011
000010100010101111101011011011010101101011101000011111011110
001000111011110111001100000011000001100001010001010110010011
001101110010011010100011100110101100010101000011111000011101
011101111101101101000000001100010011011100100001010010100101
