111110000001011100000101100010101000111010111110111100011011
101110011101000000011101010111110010000000000101011110110011
111001110010010101111001101101110100100000100010001101110010
111110001000000100101110110001101100111111010100110100111110
110000000111000001000100001100001001001100000000010011110101
100000001011010100000111100110000001101101111001000110000100
000001110000010011111111110101011111011000101000100111100101
111111110111001010010111011100100100001001111010100010011100
000000000100010101011110011010100111011110101000111000011101
010010111001010101101110011010101101111100110100000101111100
100110110011111100111011011110100001000111101000000001001011
100111101001101100101101100101000100010001111011111110000101
100100111010111001101001000001111101111100010101011110110100
110001010001001000000011101011110001111011110110000100010110
110001011100010101100100100100000100100011010000010101010011
011001111101111111010100011000111110110000111101110001111001
001101010001000111111101010000011100001111001110000001001011
111000000010110111000100011101100011000011011001100010010000
000101111010001110101100001110100100010101101011110010011100
100101010101100001010010101101001000010000000010001001101011
010011101111101000100101100100110101100000101110100011100001
000010001110000000001010001100111100101101001100110011111001
110111000111011001101011010100010010010011001100100001100000
110001110010100110110110110000100010111010010001010111010101
101010001110010011001100111010010001001000111100000101011111
011001101101110000110001111011001100110001011111000011011001
111001000010011100010111100000101001100010110111001111011111
001010001001110010101110000100001111000011100010000101101100
100010010100110010101111011111110010000111011111010001101110
000000100011110000000000100000000101000100000000010011011010
010110010010001101010110010011000101111100111001110111001101
101010110010011011010111001111110001000011011000111011110101
100000111000111000000000001010001011011100111000111001011111
010110001000110000001010111000100100000100011100001000101101
100000111011101001010010110110001111000011010101100000000101
011100100110001011001111010100010010101111010111001100011010
011001110000001001000001011100101111010011001011101110000010
000110000010000111110111011101000111010100000100101001101100
111110101110001111101111101101011011010001101011101110001010
100110100000100000100111001111011011101101011100000000010101
