111001010011011111000001010000001100010010010000101111000010
000100010011111101011001101100001000011000101110101110100100
010101100010010011111111111101100101000110001110101101000011
101000110011010100111011010111001000110001010011010001000010
011000110000011000010101110111110101000010001101001001000001
001101100111011110101100000111010110001010010101001001101110
001111110100001100111110011011110010011101001111010110010001
101100001011000101001010010111011111010100100001010000001111
010111110010110111111010000100011001100001110010101010000011
101011100100100000011010111101110000000101101011001101100011
000111111101100110111100000010000110100000101011101010010010
100011111111110100100000111001000011111000101111001011010101
101111011011101110111010011000000011110010000000011011110111
000000010010010000111110011001111010101100011001010011101001
101011000001111110000010010101101000001000101001010101110011
010100101010111011000111011111001101010000011101110001101100
100010111110010100000011111101010001010000100111010001100001
000101111001000100011101010101111111110110100111001000111111
101001110110110010110011111101101111011110000000010000011000
110101000011101000010111110101000111010011011011111101000110
001011110010101001011101101110110000001011000011001101101011
100011011101100001110001011000010001010101101010100011110101
100001101111110100110111010110010100001010101001101001001010
011000001000111110011000011101101011110001000111100001111011
100100010101101001110100010111110101101010110110111011100101
110001100010110100111100101000100101100101111110010111100111
010100110000100100001000001001010110010010000101111111011101
111010010101011010000011100010001111011011111011010000100011
011000010000110011111110010110010110100101001100001101110100
000010100001111101011011000111111111011010101011101010100011
011101111110010111001011011000110011001011001100100110110010
100011111010001100110010100111110101100101001101100011101111
111111001110001100100111110110000000110001100101000111010010
001010100010000001010110010110110101010101011011011001111011
000000101001010001001000100111110000000110101111000000100011
000011100000100111111110101010100110000011011110110110001001
111110100101010001011111100111111001101111100110010101010001
011100011110001111011100001110000011000011111100010111001000
111100001011110000001011010000111101100101111000000111010011
011000111010100000111001110110011110110110100011011010111011
