110000101000110011111010101000110000011101010011010101011001
001010101001011110001011010000101110111111100110011100100101
010110001000011110000100111010100010010001100101010111010110
111111011010101011111101011001110101010010000100011100101010
011011010111001010010110111101001101110010000010000010101000
011100011010111000001010110011000110100001100000111101111010
001010101101001111110011101111001101001001110111011111101100
100011000000101101011101101011010001110010001100111101000111
010100110110000000111001001011001001010001011111011110101000
001001001110100100010000101110100010100010101011010010101110
001101110011110010111011001101101001001010000011100111110100
101000111011110011111001111110100100110110111110111101001100
011001101011011101001011010111101011110011100001000001010010
111111010110101101101110100011010101101001001001011110011000
011101100110111111100001011100100100001100110101100111000011
100111111111100100100110011111001100111010010001100011100100
111100000111101101111011011110001110110010110100100010000110
011000101101111101100001001110010001010000101100001111101111
011100100100010010010110000010010110011111000011101101100010
011011000111110010000110001001111101111111100000111101000000
010011111010011011000001100110011010110100011010100110111100
111010101111110010011010000110111110010010100110100111000100
100011111110110011101011010001011001110000010001111100100000
001010010100110000010011100101101101001110100010011100110001
010000011110000111001110010010011110110100000001000111010011
001000001101001011110100001101001101101110011111010110111100
011100010101100000111010101111001100001111100011101111011110
101111111010101010110101110011001001011010000001110000001011
001100100101001111010001011000101010100001000101010100011001
111110000011100111011101111010100101000010001000111011001111
011111101011111101100100110101010101110110110010001011011001
010010001101001100011010011101001001000110000100000110100100
111110111101011001011100001111110000010101000110111100011000
000100111111000000010101010000011101101100110000010111111001
000111011010100101111110101110110000000110000110100011010100
011111001010001011111011000000101011111100000001110000001100
010011100000011011110010011011000101100011100000100100011100
001110001101010010011011111101011000000010000011000100000000
000110011110011100010010111111100010110111101100101000011100
110010011011101011101110001101110001110101010010011110111001
