010001011110101111101101000000100111111111110110011100100001
111001010100011101100101101010101001000010101000110101000000
000010111010011011111001010000000101110001010100000010110110
111011000000000110001111001111100101101011100101011111100111
010011011110101011010001111001000010110110000101100001110110
000101111101111100011100111110010101001101001001010010101011
001011011001110111011100111001000010000010001110010110000111
110100001000100111010101010000110111001100000111101010100000
111100011100101001110110100011011101001011100010000001100111
101000101111001101101101100011010011100010000100011010100001
111110110001100000110000010011011100011101001010111101001011
001000100010100101101010111010011000100110110100111000100100
110000001100101010010000010011110010010111001001100001011001
000111001101101110000010111101100110101001111100000000111011
110110011100001000101001001111010100001000101011000000010100
001100010101100101100101111010110010110101010001010101010110
111100000011101111110101110001100101010011111100111111100001
000000011111101111111001010000000110111110001111001011101101
110001100011000110010110110011010100000101110111001100010010
001101100011101010011111010011011000100101000111110110110000
011001100000000000001011000010000101110100010010110110001000
111011110111010101001101101110101101111101001000010111011000
011010100101001011110001100101101100000101111100011101010110
011011100101001011010001101010100110011111001100100100110000
010010100011100001110000000100100000100011100110011000100110
011010011000111100000000111111110111101011010000100101001101
110011001000010000011000111100110010110101110111011001001011
011101011011111010100101111000000111101001110110111100111011
101111010000110110110000000100111000010011100111000010101110
000011100100011010101001100001011010010100011110000010100110
101001001010100000111010000001111010111100100100000010101110
101001001001100011110010000100111011001110011100111101100110
000010111001101010100010010011000111110000101100011101011110
101001000011111010010100001101011101101101010010000101110100
000100100010100101100001010010001001000001110001100101111100
001100011011001101000100001001101100111100111011111000011111
100110111010100100111111000101011101001000110111101010100010
111101100000001111000010010111011101010001100110001011000011
000110010001110010100100010111101000110111011001101110110000
001001101001011101101100001110100101101001011011110000010111
