100011001000000110100101110011001111111111001100100110011111
001110101010000011001111100011110101010001000110100011001110
100110001101011001001100101100100010011111101100111111000001
000010000011111000001001000101010101111110111111000111011101
110011101000011001111110000000110010010001011011111011010101
111010100111000101110111110010100001000001100100100101111110
011110101101100110011010001001000011001101101111000101011000
100100010011110011110000011111001010111101010101110010001101
001101011001110001010000110011011101000101111100111110000111
010000111100000010100101101100111101010111011100100111111111
011111101011110001000000100110011011100011010010000111100011
110110000000110011111010001000011110100111110001101111011110
001011000010101000111011001101101101001000001001001100010111
111000100100100100010011100111001110000100010111100000111001
111001111111000101101101011001101011111100111001111010010001
011110001111010111010000000110001001100011111110101110000111
001100101100111110100110001000001111001111110111000011011111
100000110110100011111100110110100101011110001011001001001110
111001111110010101111010011001010101000110100100000100111110
011000111011100111010110110010111111100011000011110011111111
000110010110111100010010011110101000100010110001110001011001
110111110111111101010001111100000000100101010110110110001011
000100000101110011001011011110011001000010111110100111101000
110110100101100100011011011011011001110001010001100101001110
100000000011101110010100010110111110011011110110001111110001
100010011111101100111010101010000010011000010010111111110110
100111101011100111111000001110110010000111010001010001010110
010110001001110000011001110110001110111100100110001101010110
110011101001011100111010100000110011000001000010010011000101
000111110101010000010101000111111011000000101110010100011011
001001010101111101011101111111000110111111110111110111101010
001000000001010000001110001110000010110010010111111101001011
111111100010101110011101000010001101101011011101110011011110
010101000000100110111010101001110011001000001001000001111011
110110111010101100101001001110110101110001111110100001001100
011000111110011100101000010101111111010010010010011000101010
011101100110111111110111010011100000000010101100110100100011
110100011001010011101001011110011100000100000101110001110100
011100101101001011001001001100101111011101010011010100111101
101111100001010001010111110010101011010010011010001011001100
