111111111100101110101010000001000110011000100001001101101111
011110110001011011101010100001110001000111111100001110010010
110000010011001100000000111001010100111111101101001110110001
100100100110100100100000111001110011010110100001001100100000
010111000001100010010101111111010110101010000100100000111010
111100011110111100110001000111000010000110101011100101011000
100110111010000110101011001111000110100101001001101011000000
010110001101101100111000110100110110111100110111111000010011
001110010111111100011011100111010011001100111001100101111100
010101010111111100110001000101110100110010111110011111010101
011010100001001001101010110101001011010001001100001011100111
010100111111001001111110011010101001111100101010011100101111
111000111011101011110101010101000101101111101101000000100000
010100111101111000001110001110010101111001001001010100100011
100010100101001111100111111001011011000000011111010110100100
110000011100010000001001110101000011000100110010001000010000
000011000110010011101101000100110100101000110001000100000001
001001011001100000110000100010001010000100010100110110101001
000010111001111100001010110111111011010101101110010011100011
100001010101011111111001110010111100100101011110101011000101
100100000010101011100011011000100001010100000011111111010100
001000010010000110000000111111110010110110010001010010000101
001101100001000011010001010000010101010010100110101100111100
101000001100001111101111010011101011101110000010101001010000
100110111001011000111111010101111110101110000010101110101001
010000101011100000011101111000010000000010110001101111101101
111100000010011110111111001110101011100001001111000011010001
010000011100011111010101100100111111000101001010001000000000
111001010000011100000100100010011011010101010010010111110110
101001001100100010001110101110100100000000011100001100100101
010011010000001111000101011110100011111010000001000100011011
001001111100010101101110100001010101110010100110110011110111
101000111111010010100011101100011001010101010100011010101001
110110101100111101110000101010000111111111110000101010100111
001010101011000000001010000110010011100001100001010011100010
001111110010011010011010110100011100110000110011110110001010
010010000100101001111101100011000101000111110100101110000110
111100010011101011111111010100010110010100111100101101000100
001010001010110110110101001011001010101000101110101110101000
101000111001110001110110100011100010110010111010010011101100
