000011110000001011110001000000001111110100010101101010011100
000001111101100101110111010110110111111100101001010100110111
100111100101001011110011110000111110100011000010101001111011
100010101001000111101000111101110111100010011100000010010011
100010011100000111010111110001010100000111010001010101010111
101010111110101000011101000111001110000011011001001101111100
110001101010111000000001010100011011100111111111111110110110
101101001000100101011111001101010101110100100011111010011111
100101110001011110101000100011111100101111110110001101110100
011000000001001000011110010011001100110111100111110111111010
101110110111010000111111111111101100011011111101100011010100
001011111011011000011010000111001110111000110101110000011011
110110010110011101011001100000000100000001100001110101001101
111010110011100111100000011111110100000000000111000101101001
000100001001101111100101010011011100010110001001101111100111
100000100000111101000110110111111111001110010110100011010110
000000110011101101101011000001100000111110011001110110100010
101000110101110111000110101100110111101101001100000000011100
010000110000101011100110000101110111001001100001011110100111
110000010001000100100001100001100100110101110111101110011001
100000011010011001100100100110100000101000101110111100011001
101010111011001101010010010000000010001001101011011011111100
000100010100110110111000101100110010010100101001001110111100
101010000101111000100010111110010000000000010111100110000010
100011101010111001010001111101110111100101001101111111011111
001001110001111011101000000010010110000111000101111100111001
011111111001001010100001100100111101010101001100110101110001
111110101011110011100000000100010000110110100100101001000010
000111100011011010100011100010011110010000011011100100010111
100011100001000000100101000100100001010001010111101101100101
011010011010000101100111101011000110100111111110010011110101
010010110110110101011110100111101010111001110100100110010110
100100111110100010010011010001111000000111010110100011101101
101111111000110111011101001111100110000000110100011100100010
010000110000011100000101000100100011101111101011011001110111
100110111000110100110110010000010000001000100010000011111110
010001001000110001011110000010110110001110010100011000001001
001100001010101100001001101110111011010011100111101101011100
101011110010001110111101001111110011010110101011111110111000
101110011100010001101111011110101010010111011010111100010101
