1001010111001011010010000001110101011010000011010101011100010111000010110011101110010111000000101100
0110010010011010000100100110110001001010100110111110101110101110011101110011000001011010001010100011
1010111000010000000001110100001111010100101000010110010011111111110011101111110010110101111001100101
0110101101110111010110011110111111100011111000101011010111110101010011110100111110001110101111110011
1000010011001011101100111101010101000101101110001100000110110111101110101111001101000111101110001110
0101010100001001111001100000111001101101110100110101101110011111001010111100111110101010010011000111
0000010010101011100110001101001011011100000010100100000001111100111110111010000111010011001010101101
0001110000011110010111010110000100011101110011110111000100101001011100000001100000011010011001111101
0111000101011011110011011100000101110010001000100111001101000110010111110010010100001000010101000001
1111001011011111110001000101000101100011001011101001011110011010001000010111001011000100011011110111
0110001011100011111101100100000000010001111011111111111010000000100011001000111011000000110011100110
1000101111111011111000101001101010010111011010101100100000100111100101010010111110000011111100100001
1001111011011000111010011000101111101111100000111101001011011011100000111001000010000100101000100000
0100010110011000101011101000001000000001111000110010010110010110100101110110110000101011001010101100
0000111011010110001101111001111001011101100011110111000010101100010110011100110000001101010010111001
1110011111100101101001011001010011111100101001110001101000111011011011100100011011010010100011110000
0010011111000111101110100000010010001010100110001010011101101010100101000000000100010000000101101001
0110000110101110011011001110100000100001111101100110000011010100100100100110010010101101100001101111
1101110011110011100010111100001011101010000111001101001111111101001111000110110001100110010001111110
1100100111010010101001000010011010001000100010011001101111111110101110101001101010111001101110001001
0100111011001100100011100111111100101110111110000001101010011100000101001100000100000000111000010001
0010100010011001110001011100000010011100100101010011000101001100111111101000000011001000001000111001
1001110011101110000111100110111100010010010110101100000110100011111110111101110110011010001110011000
1001101010110100110001000110111111110011001101010101101000010000000100001010110010101011001111010011
0101110111111011001010010110111011111110110000010001000100110110011000001001110101111011100101110010
0110110001110000101110100111000010100010010100111010011110010011000101011111001110000100011001000000
1100100011101101101011011000110001101011010001110110110111010010000111001011011011010000000011101011
0111111001111110001000011110100000101111110000000011100100110001000011110111011001100011100100011111
1101100000011010111101111110010101101010100001001001010101110100110000110110111111001100010010010010
0101010011011001110010111001000110111111011010000111010001111010110100111000110011011110111011110111
0110100000010001011100000111111100111011110111101101001100111010001011101000111110000000101011101101
0000101010111100111000111001111101100011101011000011110010100111101111001111000110001111101000011110
0110000010011000111101000001001100001101010100111000101100111000011010011111011000000100001000001110
1000110001011000001100010001010111011010010110100000100111101111111100111011001001101001001101110100
0000001101100110000101000000110001111001101001111100010011100101001111111100001000001011100101111110
1100010110010010000011111101101000000100010111100010011110111011011110111101111001001110011000011111
0011110101110100011011101001111110101110111001001000110000100010110101111010011011100000001000110110
1001110110111100000000001000001010111010011000101000101110100000000011000001111110100001000010001111
0011011110000011100110110011011000010000101101111000101011011110101011001000001010010111100011100110
1000011110001000101011000110100101110011001100111000110101111010011101100100110111101110001001110011
0000111100000100011010010100011110001011011001111100110010011011000111011101000100111111111000111110
1111101001010011100000101001000101111111010001011000010000110010101010100101110010011101000111100011
1111001111011011100010010011101000101100110110111000001000001101001100010100011110110001001100001010
1111000110000000111111001010000111010111111100110110110110011000010000100101011100010110011101001111
1100010111010000011001010111011001011011001110011100111010010000001011110000101010000100101000010111
0111101111110000010001101010011001011010011000010011110010011100001010000100111110001110100001001010
1111001111001111100101000011001100101001001001110000011001110100010010101011111001111011111011100001
1101011001001011111011111110101011110101010101110111001001010011001001111111101100010101100101101111
0111110000110101110111100111010010111010010000110011000001101110000111100101010000100010000111100100
1101000000110101010110100001011011100110111000000101010110100100001000100011101001011000101011000110
