000010111111110010100001101111011000000100110100110010110001
101001000111011111110011011001111110011101011111110110111011
100111111001010111100101011111110100000100100001110110000100
001011111011011101101110101100111001101110011011010100111101
100011001100001010010101010101001100000110111001101010000110
011111010101110010111110100101110100110100000110011001011000
101010000111001001011010100100000111011110100100110101100011
011000110110001001111010010110111000011000010110100011011001
111010111011111011101010010000100011101000000010011001101100
100101000111101001111110111110110111110011100111101110000001
111010101111111111011000010010000010001011111001110110100011
100100010011010010001011110001010000001001110111001100111101
101000001010010101111011010010110010111011100110011000011000
101101100001010010111100011110000100110101011110101100100001
110000100001000010110000100001011110101001100100110101101101
011000100111001100001111111100101110010110110001011000001000
010010101000101101001010001100110010110110000111100000011111
100001000001100000011101000001110001111110000110001010001111
100110010011010000011100111101001000100100010101100001101010
101100000010000110000010011010110100111011100010110111110001
011101011110010010100110110011111111010111001010010010000111
101100111011011011111101001010111001000010100100011110000001
111100100101110101010111000101011001110111111100000111010111
110010010111101111011110100101010000001101100011010100001110
100101101010101100011100010000001110010001111111110001001010
111010101111111101100101111101000010011011110010001011011011
110110110100011111111010011011011100111000010010100000001001
110010110011010001110010010110011111001000100011101001111100
011001000111110000100001000000110111101101001010010110101000
111001111111010110011010001000111000001011101001001000100011
101110000001010001001000111001000101110010100011000110001101
001001000100001011011011000010111001000000110001110110011111
110010110101101111000001101110101001000110100010110011101100
101010111011101100010100001010101011010010110110010100000011
110100001011000000011011011011010101001010101100000101001011
000011001001011100001011010101101110111000011101101001001110
111000111101000101011001011000011001111101000110101011110011
001011110101110010011000011110100100101101110100001011110000
001011001010101111010011111101100011100001010100001101001000
100111000000110001001011111000011100010101011001010010010101
