000010111010011011111011011110010111011010100011101001000011
111011110011011000010110110110010100000111101100000000010110
101111111111011101110101011111000111000011110010011110000001
101011010110000110000111010111111100000010010010101111000001
000000111101000001100010101011110010111111010100111110010010
011000111110110011001000111110100110001111101010001100001001
101110100100110001001011010101010111001000010000011101101110
101011110011111110000111101001101101111001100110100100111100
000011000101010111111111010101010010101100010010101010110110
101001010111001001011010011001000101001000011001101001010000
000001101100010000000000111100101001110001111110010001000110
011111111111011101001011010111011111010101101100000101101101
101010101010110011010010100000010111101001001001110000000110
110001001011011101110001010111101101101000111000100000001110
001001100011001111100111011000000100101110011000000110011100
101110111100110001010111010101010010100100110011111000111101
001010010001001101100110110010000000011000111111111000100100
111110111101011110010010011000010101111010011001111110100110
000000110011001111010000001110000001010000101101110100010110
010100110011110010101011010011000111011100111111111111011101
110110010011010010110101011111100001110111110010001011110001
010111011111110101110000111110000010101011000001011100001000
000011111001111010110100000000000100110111000100110111101101
111110110001001111110010111001010101110110010001000010000111
100011001101000011111010101010101110100101100001001000100111
111101001011001011010110001010010110111110101011011101000110
101010010001110000000101101001111001100110111001111011101111
110110010111000010010011111011101110010010110110100011100100
000000001011010110001110101111001111011010010110110110111010
111010111000101101000000111101000010110000111111000011100011
011011001110001001011111001011001000101010111000010110100011
010001000001110100100011101011001111000011011111010111100000
000101010011001001110101100110010100111000111100101001001100
011100100010111100101000111000011101010010001111001101111000
001000010101110111010110010110001010101101001000011100101111
010011010110011000001011110011011111011001001010100000100110
000010100100110111010010110001011010101101110100000000011000
001010001110110101011011011111110110100100001110111011011101
110100000110011010010101001001011100101100110101110000110010
100011101011001100110010010101011011110101010001001100000110
