011111011011111100010001001100010100100101000101011010010000
111111010001011100011110110010100001100000111011111110110000
110100010110001010100011011011100000011110011101100010110011
001101001101000000001101100010000111011011101100001010110100
010010111000101011000010100110110110111110101001101110010110
101001011101010000011000011110001100101001000111011101010011
011101111100100110001000000011111000000100111110000110001101
110101110010101000001101010011111001011100000010100101110101
100111101111100101100010101010111110100101011101111101111111
100000110101111100011010001111111001100010110110100100011011
101111101101111111100100101001101110010100000000111011111001
011000110001101110100110100000110001010000111100110011100010
110111100001010100100010110000001111011011001000111011101010
010101000000100100101011001010100000101100010001110001111010
101111110111011011011010001111001100000110001100101001110010
100100111100011000011101001110000000001000001101000001010011
100110110000111011100111100001000110011110111011101111000001
000000000111011000010010001001111101011001000100111010110110
111111110001100110111100101101101011001010011110001010100001
000001011010110011101000111100001111111100010001010000001100
011000001100000101010011100100111101000001100011000110010110
111110111110111001010010101100100011011111011111110011100111
010001111100000111010110111111110010101100110011100011111110
110000111101001011110001001000001011111111111111100100100111
100110111000000001010101011111011111000011101000010100110001
000101001100011101001110110110111011011110111000010010011001
110000010010011010001111011001000010111001000001111011011011
101111001001110110101110110110110001100001010010010001001001
101111100001111100010011101011010001010010100010111100101010
010101101011100000010001001101011101101110111000110110101010
111010111101000100110011001110000010100001101011111010001010
000100101010100001110011000110111000010111110110111101110100
011000101001000001000110000011101001000101101011100101001110
001001100110101010100010011100111001011110101100010101101010
010110101001101010000000011000100010001000010011101100111001
011001001000010110011001000100100010111101011111101101000101
110110001010000111110000110101010010010100000011000010000110
001000110111100001110001010100100101011111100111101001001010
000001010011100000110010110101011011100100100110010100110111
111100010111111001100101000100010010000000100011110001010001
