100111100110001100000011100100000101110000111011100010101010
111111001100111110111010111100001111100001000010010100110111
010100111100011001010001010000110000110111011101010000111111
010100111100000110110011001010101111100011111001000000000101
101100111011100000110000100001010111110110011011010011101000
000111100100010111011110110100100101100010110110101011010101
001100010011001000100000010011011000111110011110111001110010
010111011011011011101001110011101011111011010101001010000110
000011011000111100000011111111100000111011101000101000111001
001011101011101110001011111111011000011001101001001111111001
000010111000010111110001011010011011010010110000011001011111
001000010001010100011010111011011010010010001111000001111010
000111001111001001000011011101011100011001000110100001111110
001001111101011001001110011011111001110110011001000101111111
000110010111111010010000101001001101011100010101100011110111
101000000010011001110011001111110010001111001100110000001101
001001101010001110011101011100111001011101101100100110011000
010001100010101011111010100001010101001110001001110111100000
010011110001010100011011101000000000110110010011100000000010
010000001000110111011111111000010110101001100010000111100110
001010101001110001000111110001011011100110011010000010110001
010101010100111110011011111010000001110000100010001011011000
011011001001010010010111101001101011000011011001000000100110
001110010001111011001101100101111000010100111011100111111010
110001110011100111001011100101000001100101010110010110000101
100000110100011100100110100010001011100000100001110100001011
000111011101110010001100101011010010000011010010110000110100
111011110111010101010111101000001100110011100010011001001001
101000001011111000101100111110110111001110110001011010101011
100010001110010010111111101111000011101011001000101000011000
010110011101100011111000101100101100001010001010000000111101
100111110101110110100000110100101110000100011111010001010101
011001000101110111110001001101100101010001011101100100010110
001100010110001111111110010100100011100101001001110110110111
010110001111001001000000110000000001010001101111100110010111
100000000101101011110110100110010111000100010111100010100011
101011100110011001000100101111001010111101000011010011101010
110011001010111101111010000100011010111110101001100010110110
011111010010010101011000011111111000000000000001111010010101
100011010101011010010001101100111001100101100100011111001010
