010111011110010011110011111100111100111111010111001100010101
010011100101011000001011001111111000011100000001011010001000
000101100000001101001001111110011011000101000010101001101101
001011001000100110000011100110010000010101111110001010010010
110110011001111101100000101111000100111011100110000100101001
111111011000000111101101011100000110011101111111100101000011
110110001000000001010000111011110110011101111011000110010100
000111111001110101101000011110100110001110100011000011001010
100001111110010000100111000010100110011010110010000011001100
000111100000001001100111100111011001110101111110001110001100
011011101110110100000010111011010000011000011111000100110010
101101101000001110001010100001110111111011111000001101110010
010101110111111110011100101000100001011101100001100011000101
001101001100100000101110000010010100111100011110111111011001
111001111101100111111111010001111011111110111110001001000001
111010010110111101111111111110000000010010110010011110100000
000111111101100001110010000001110000110110001011111110010100
101000101001111101011100001000000001000101111000111110001110
011110111110101001110110001111111111001001000000010000000110
011001000110000000111000001110111100011111011111000111000011
010111000110111110100011000010010111001101110110000100110111
010111011110111111110100101111001001100001001111011110111101
101100111001110000001010011011000001110011011011000010111111
010110000000111100000101110000101100111000101100111010110111
110010100010101001111000110100101011000011001001000110111010
010000111100001000101010111101100001001010011100111011101110
001010100000101100000111111001111110110000101101000011101100
000100011101110111000111011001010000100111100101100000001000
100111100010111101000001001101001110100111100010111110111111
110010110101001111010111100101100111100111101001011110110100
111100011010010011010000001111110111110001000010100111101100
111111111011100011110110001000110011101000010000101010010010
101100010110000101110001111001110101111111110111000010111000
111110101110111010010000111101001110101000100001110100110110
100010101100101000011101101010011111100010001101000100011110
110001100110000101110010110100000111011000111110000001010111
101101001010100100101101001000000111100111111000101111000001
100110100000101011111010011010011000111001110111001011111011
100000111000110111001001100101001001010010111001000011000000
011101010111010100001011110001110101011000111011000011101110
