111010000111111111010010001001010010100011110011010001111111
111101111011100010000000000000100010010110000001101110101001
010101011000111000011001101111001110011110000101000001111110
101100110100001000110100010111100011001010011110111110010000
000011000011000100010101010010011000100110100010000011010010
111101000111110011110001010001101100010010001010001100010011
111110001101100100000010110101001001111101011011010100100001
100000101110000100001101000000110011010111000101110000100000
111011011111111100001101110111000110101110011100100110101110
010001010101100111111011101000000011010101110110000001000010
001111011010000011101000110111101001101100001001000100110100
001010010110001101100001000111001000000110001010100110000101
100101101101000110010101110000111000100000100101001001001101
001000010111111010010000100000000001001100011011001011011001
101111100010101100010111001000111000101011101100010100111000
011100001011011011010110110101000100100100111101000000011101
001100011001110100001001101110010001110010001100001100100000
111011101111011010110010010000010000000101100100101100101011
001011100100101010010110011010010001101011001111001100011011
100001011011000011111100001011001011111010100100011111011100
111101110011001001011111011111111111001101010110011000010110
001001001110001011111100101011011101111101101010000111001101
010010101000001100000000000011010000110100111010110010000010
111100011011101010011110111010100110011010001001010011001110
100110011010010010101011011100010101010000100000000100010101
100101011011111100100011110100100110000001010011101101011011
110001110010010111001000001101000000010100001000100011101111
101011010010001100000101011101000010101011100111111111010001
000100101011111100110000100000100000111101111111010111100011
001110101111101000100010010100011001011111001101000001111110
100001101110011111101100111100010011010000110000100001111001
110101001001101010110010110011000101100010000010011011100111
000110001101001011000000111101101000010000010110010101101110
011101011000100100011100011001010111100101000000110111011000
011100000101110110111011000100111000101010010011010010100100
010111101101010010010101100011110001101100011001101000010111
001111001101101000101100011000110011110101011101011110010101
110001000010100111011110000101010010110001101000000110111100
011101100010010011011010110000011010011101010001111100010011
100101101100010100000001111000111111110111010001011110010000
