100111010111100011001100001001000011011010000101100000010000
101001101110111111001101000111010011011011101100101100010001
011001101101100000001101111011011001000001011001011110100110
010101110111000010101000001111111111111101001110001101111101
111111011011001010110011011011101100101100111111010101011100
011011100101110110010101001100110100101100001010000010010001
000011110111010000011111001001110010101110101110111011100110
110110100011100101000010110101111101001001000001000111100101
111101011000101101100010001110100111000011101001100111111100
001100000000101110111000110010111110100101101000111000010111
011110110100001001110111111011001101110101111001110110001111
010000101111011101101000110111110011000000100101001100111111
011000011111101100110001001100100010011110111000001100100001
000110111111101011001100010010111100100101101100000001000100
101101000000111100001010110001010110010010110101110100001110
110011011001001111000001100110001100011101101001000001010100
010110101000000000110110000000001110011110011000111011111000
111010000010001011001000001111011111000010000001011111001110
111100011011001101000110011011110110010010011000001010000001
010010111001011110010100100101100011010100010000010110011011
100111010001000001011101110110011000001010101111001101100111
100101001001110100101011110010100000100111100010011011100110
000111101101000011101011101000100000000110010011111110100100
111010111111001111001000100111010100011000100001100010101101
000111010100001111101100111110110001001001000110111000001100
011100011000001001110010000101010101001000010001010101111101
001010110100101010001000111000100010001101110000111100010011
101111001001001001110001110011000111011001111110101111101110
000111101011010011110011100000100111100010011011101011001000
101100111000000100111110111100100001111000101010111010000100
100011000000111011100010000010110100011011100010110100100110
001010101000011011001101011010111101010011001011000111110101
011010110100011000011111101010100001110001010111001111010101
001101010010101001011111110111011110011011110101010111000101
001011001111001111000000001001110111011100101011101000011101
101100100111110101111011011101100001111001100000100101101010
010100010101110011101110001001111110111100110111011101000011
001101001100000001000101101110110111110111001110110111100100
000110010001111001111111111110110100010111000110011110100011
011001010010001111010100111110100010011111000111100110100011
