000111000100011111010011001011001011111110111011111011100110
111001100111001110100011100010100100001010101011100110100001
000010010101111011011010000100010111010100100110000110110111
000000111011011100111000000010110101000101011011110011010100
111000100111110111100110000010110001110101001000011010011110
011101011000011000101001100011001010001010000011000110001100
010110110100011101011000110100110110000001101010001101011000
010010010110100000111111010110100100100010101101010000101110
001011010001100100110111010101100111000010001001100011011001
010101011010101001100001011110000011111000011100110011011011
010100000111110100000001001010101010101100110110000100011111
100110010011010000111111101111110100001010001010110001101111
011110011001010010100000011011011001001100110001001110101100
100110111010111101011110010110010000100010010110001100100000
011001011001001110001110010100000110000111110101101111000010
000100100001001010110111100000011010001011111010001000000111
001100010001101000010110101111011000110000010001111110011111
000011111001000101100111100100000001011110010010011110011100
011000000001101110001100111110111001001100000100100101001101
101111110101111000101101001011001100000000100111101001010001
100010110100000100101010011101100111000010100110011010101010
001011100001010111110111010011001110011000100010101001000011
010111111110111010101111100101100110001110110110111110010100
000010001010010111001110011110101000100011011111001101101001
101101111011010011010111011010011001101001110011111100111100
110001011111110000101100111101111100100100111110010111001011
010011001000000010111001110100010011011101010000011101101001
110100101000100111011000111111001010011111010001000100100101
101010010011010110111011111110110000000010010100110010000010
001000011000010011011000100010010010001100111101111110100001
011000001111011001101100000000100010101101001101100010100100
001010100100100001100001011111010111010010101110001111000010
000100001011000001100111011110011100010110001100110101000101
010110000100110010001110101111100011111100001010111101011011
101100111111011101101010000110101100100100101110100000110100
000111101001000011110000111111101100110111101000001101001001
010110000101010110001011011100111010001110000001010100111101
001001001010110110111101001001100011010000101100110110000101
100100111010000100001001010001110100110011001101000101010110
001111100000101000001111101111101110010101001101111000010110
