101110010100100010001101011000011010010101110011110100111101
111100111001010001111101001100000110010100100011001011101111
100111111010011110010101010100101010111101000001100111100010
101101101000101111001110000111000111111111000001001001100101
001110011101100011001010101010111001011011100100111001000110
111001100000011100000011100011111101001110010110111101110011
001111000111100011101101000111111111000011001010001000111000
110110101111011110111100100000010111001011111000101000100000
011111101100000001100010111111110010111011100001110001001101
011110100110100011011110000110000110111001100110101101001111
001011010110110110110001101010010110100001101010111011001100
011000110010100010111010101110010001011110110010101010011011
010100101000111101111001100100000011010110100001001111100010
001000001100011010110110110110001101010100000100010110000010
010010110101010101110100101001011101011100000110110000000100
101100100100011001111100011000000011110001100010111001001101
000000101010100011100001011010111001000011010101101101110001
100111111111001110111110011011111010101111101100110110000000
000111100110111011111010001000000000010111010101011101000011
001011101010001110011010010001000111101101110000101101010100
000001111011110111011110000100111000111010000010111010110001
111101010001110111001100110111111100010111101010101101001110
100100010010010011101100100110001001001011100101101111011000
001111100011010011110100000011001011110111001100100000010111
011010010001110010100111111010000110100010100101000001001001
001100110100010100010101011101011001001001000100101100000010
110101101010000011010001101101111010000001110100000011011010
000011100111101000011010000001001101100010011011011000110011
010001001100010001101100101111011111110101010011110100110010
011011110101100010001101100010110110010100010001000100110011
000001111001100011000001001010010101011011101110001110100110
100000110000110100110011000010111111100101101101101110110011
010010001000000000001101110100011100001101001000000001110010
101011010001010111010111110010010000000000101111101000000110
011110011100001110000111011001011101000100100111000010111001
111010010111001001011011001000100100101100101111000110111100
110100110000010100111100010010110111011110100010100011001000
011011010110101011000111111000010100010100100010000111100011
111001110011100110110000111010110101010111110110111111010010
100011000101111111000101010110111011010001111111110110101101
