011000100000010110010000010100010101011110011110111101100100
100101111110011010111001110110011111101110001111001011010101
000000001111000111111000011111010000011110111111101000111010
110110110000011111011111010001001001101001001110110101110010
001010011111000100101101100001101010000100111010101011000100
100011111000011111011010000111001110110010111001111100010110
110011100101011100000001010110100011001111101001001100010011
111011101011110111011010001110000110001011111011110111110010
000011100011100000001101101000000011010011001001011001101100
000101111101000010000110011010101101001101110001010000111011
001011001100001001111100011011100011111101110010100100001001
101000001101110010010100111001111000100101101010100011011111
111001001011111111011101000010000111010110001010111101010111
010110000100010001001100001010011010000110110111100011100111
100100110001100010101001110110010000000011011101001110001110
011001111111011111010100010001100110000000011010111101001010
101000010011110101111000101011111110110001000111011100101100
000111000000000000001110010011101101011111100010010100000101
010011110100101010010001010000001111001001101010101111011001
011011010000100001101011111011010011101101100010100000111110
110010010100010110110101100001000100101111111010101100111011
100101010111011000101110001000001011110111001000001000100000
100111101001100001000000101111000000011111101010000100010011
010111100110110110010110100010100000111101011001100001001111
001001010001000010010010011110100100001100011110001101110011
110001011010110111010001010001011101000100011100011100000100
001010111011100101000011101011000011000001011001100001000110
110011111111100011101100010110010101000010110111001100011001
000111011100011011110111110110011111111010011000100010100101
110011001100011110110010110010000001001111010010011101000100
101001010110001110010001010101000100000001010110011110011110
011011111101101001010001000100011111000101100110010100100010
100000100001110010001010011111010011101101010010111101110011
001111001001000000100001010000111011000001101110110111010111
101010011111101101010000101110000011010110001001101010010111
001011001010110000000001000101001100111001001111100110101110
101110001110001011101100011011010000100001110010011110011110
011101100100101000101000110100111101011101010101011110000100
100011100100100110101011100010111000001001111000101110110001
101001101101110110000110100010100001110000000011101011000101
