000110100101110100101111001010101111000100001110110111011111
111100011111000001001000001101001101001000101011100010100001
001101001110001110100111010011000111111010001101000100111100
011001100110010110111101100111111000010111001000101111010000
111110100110000101111011010011100011101111101001111100000110
100111101010010100110100110001011110010001100011011111011000
000001011111110100001100001111010010110010011111000110001111
000001011100010111100011010001100111110110011100000010110110
101101101110001101000110110000010101011000100000000110011100
111000001111101001000000001011100110000100101110110000000010
010011111011111010001001110100100110011110101100101011101000
100011010111110111010101100101011010010011001100010010000010
111001000111100110111100001111110000011110100010000100101000
010010001001111110000100101110101111010111101101010000101001
111110001000110000110011010111101001000111000100010111111100
101100111101001110101010111111011101011011101100010100101000
101110001101110101010111001000110000000001101110001001111111
101111111000001011111111010011001000111100100011010001000011
001010110011100101110101111101010100100111101110100011000010
010010111100001101110101101011111111010111001110110010100110
001011111100101011001011111010011000110111000101111000000000
010111001011010001000110100001001111011000001010000111001001
101001010101010101110111101001110110111110111001100000000111
110001011110110101001011001010000011101111101100111110110110
011011100011110101001111100010111111110000010101110010001000
001101100011100101011001011111100111000100101110010100101010
100101010001000010001011110011101001000110001001001011110001
000011001001111111110011001100011011010010110001110001100100
100010111010001011110011111101011010100111010011111111011100
111100111101101010110110000000101110111010010011101110010011
111000010100100011100110100000000001000100111010011011011011
110100000101111010111111011110101011101001110100010000101001
110011001011011000001100011110101110101011010100001111101001
001110101101100001111001000100000111100001000100010010111000
011001011111101100111010001111000111101101111110001010111110
100110110100101011000010101001110010100100011010101001110011
000110100100100000001100111100101100010110001101010011110000
010011101100000101011001010101110101010100111001001110010001
001001111100110100100011101011100101111001111101001000110001
010101100011110011101011110010011000000101101110101100111101
