100010010100001101110010100001001100100111001101001100011001
000001001001010000001000000101110001011011110110011010010101
101011010111101000010110100001001011101111100101000100000001
110100010111111000110010011000110000100010111000101100010101
111000111110011001110101101100101001101010000111110000001011
100111011111111001011011010011111101100111001000001010000011
101101001011100100010101010101111110001011110101101011101001
100111010100110010101000000100011010011101010110110100110011
110111110000100110101111100000011000100100000100010001010001
001110110110101100101100001100010010111111011101000010000110
000010101101100001010000100100100011001011110011010100101100
100101111011011110000100111000001011110000110011011111100111
001101000111010011001001010100000000101111110010101011110011
110011111111100100010000111111010101110011100011011011101011
010011110100100100010100000011110010110011001000010000111011
110001000100110101110010011010111011011101110110100001001010
001101001001111101101100110100111101001011110011010110011101
000101010001100111001111011111000100110100000100101110011100
000101001100111110011111111010001101000001001001111000100011
111001111111011110011011011110000101110101010001110111000111
110011011111100011100110001010000100011010000101100101100101
100101001101101110001101110011000110000100011101010000110111
000111100011010010001001001111011110110000100101001101100101
111000100101000001001110000010100101101010100010111001110011
010111101000011011101111100111110011111101010000010000001100
110110000101100000011000001000011101100101011101000111110111
001011100100110100101001010110101010100101110101100100010011
010010110011100101101101001001100111001110111001011111000100
001001011101110110010011010101001101110100101010101000010101
101101101001011100110010000010110011110011111110011101101001
111010010011100011001010110000010000110001001101101010100111
110110001111001101000110111111001001100000001010000101110110
001000010011011110110011000100110101111011101101010101111001
100000010010001101001001110111100110101110001010101100010010
100000000100001111011111011100010001011100011011011100101100
111001001101110111100001111000100110110101101010110010110000
101000100110100101110010011001101001100000111010110011111110
110101011010101111110001000101010100000001100011100011111001
100111000101001001010101111110110011100111011100000011100111
001110101001111101111101001110101101010010000110000000001011
