111111010001111000000100110001000101000011000110111001000110
111011111110100100100010101011100010010111011000001110010001
100011100100011100100001100111100100100011001101001111111111
110001110101101010010011111100011100100000010111110111001010
101110110000010101101000001000010001000110010110100100001000
011101101101001100111011110101101110110111001110001111000111
010100100100010111101111001111011111000011011101011011111111
110000000100111001001101000110110001001100101010010101011101
101110101010100010011010000000010011100010101000001100010101
010010011011111110000010000001010000101000000011001110100101
110100101101000100010001011101011100100111101100010100010111
000101010100011000001100111110111100011111011101010010010000
111001110110111100111101011110001111111100010010010000011101
000110111100011110001110110100011000010011000111101000110010
111101001001001111100001100110000100100011000100111111011000
010111011111011000000110001111000101110111101110010011111000
110100101111011010110101000000100110111001001110111100011101
101101011101010111010011101101011100111010001001101010001011
110010111001011100001100010001110010001010001001111110010001
001001011000000110110010010010001101101111111111010001011111
001010011111110100000000001101111001110111001110010001100010
000010010100111101101100011000001010010110110010110101100110
000110111000101100000110011010001111000000111001110101001101
001101010100110101011011011011101101000010110001101111001110
111001010011010010100110111010000010011101111101100110110110
111100110100110110110100101000110000011101111101111100011001
001011100010101110111001000000010010000011011010110111100111
010010010111100010011100011100000010000110010110010000011101
100011011100011010000011110100100101110011101101010100100110
011000011111001100011000000011001110011000111101101001010111
001111110111100100101101000100011110110101011011101011101110
010010101001100110111000101100100101001001100010111110000001
010101000011010011110110110011011110000010000011011000000111
100100101000000100010100001111000001100100110101101010001000
010101010110010111111011110000011110111001001100100101110010
110011100000111110001100001000110101110000001111011111110101
011010011100011001110101001110111101110101111111100011101011
111001011100000011111011101010011000001011011110001110110101
100010010010000101000101100000101011011100111100110100011110
001000010100110110100101111010001110110011111011000011100111
