100101010000100011111101001100001011010100101001100001101101
000001101011110000001110000111100011000001111100011110111001
111101000000100111010101101100100011111110010010101111010111
010000100110101100100111001010001000101010111111000101001101
000111100010010111101110010001101011001111101101000011001100
011010110100100110100001110100100100011111001101111101101001
000101000110101011001110001010111110010100111011000100100000
011111111010010000110111111101110111010101000111000000101001
110101010111111111010110100001011110111110000101000101001101
100110100101100000111111101000011111011011100000101000001011
111010001111111011010000101010011011111000000101111000000011
011010100100011011001001110111001110001011101010000000001010
101010011101010111001001110011010111001111001001000110100101
100110100010000010101011101011010111001001011110010101010000
010100000010100111110000010001010111000110100110110101000100
011110011111010011100000011000011001100111010110011000111011
010010110011010110011110111100110000111100110011010111100011
110001110010010111101110000011110110110010110101111001010111
011110100100110100111010111101110100011101100011000101111000
100000010001100011011000110111011001011100001010100100110100
000011101111100010100101111000010000010110000111110001000010
011101101001000110010110101011111000101011100100111111100000
001011110100100000000010010001111011110001011011010101111101
110101010010100011010110111001000000011100111111010000100101
100010011001101011110101100100000100100000011001100111100111
111111000101011110011111000011000110001000011010010010000101
010111001001010100110011101011101100110111000100100110111101
101010000011100101000000010010011010001011111101110111001000
101001010011010101111100000110011001101101011101000110100001
000100110001001110011001001011001101100101011111110010111011
001010011110110111101000110100100101111111011111010010001101
110111101111000100111011110100011010011001010000101011110000
010110101001100011111010000101110011100010100101101100111001
010100100100111011101001111111001000001000011001010000110001
111010010110001000111010001001110011010111010101111100001100
000110010000001110001000000111110100111100010111101110001111
000110000101111001100100000011110010111100101111000010111101
011100010010001010000010000001000110101001111101001010000110
010110010101101011110101101001001100000001110100100000010100
010101100101111011110111110011000010011111011110011011100001
