011010100110111111111110100011011111010101011111001111011110
011011011100001010101010110011101010000111111111111000001011
110111000101000100110101101100100100101010011110101111111110
101110000000011101111000010011000011101011011011010101010110
001110100011111011101110010000011111011101100100000100110101
110110110111101010110101011001100111010011110010001001010101
100101010010110000001100111100110001110001000001010001011000
100100000000110101000000101111111010000010010110110000101010
101000010100010010111100101101011110001010010111101110101000
111100010011000001011110000111011111001010001110011000001001
111100100001100111110111000111101010111010011000000101011110
000100011111001110011110110101111001111101001010111100111110
101011001000101011000010011100010111000101100110100010101101
101100000010111101011111111100110100010001100111000001011110
001111000110100110010101001100001101011100111110101111111011
111100000110010001011110110110100010110110101000000000110101
100001100000101010010101001110010111101000101101011000101000
111101011111111100100010011101001010011001111001000101001100
011110111100100011101011110100010010111010101111101010100111
111010010101011011100111011110100000010000101010010111100101
110101000100100001001101001100010011110010011111010101110010
111000111110110010000001010000010011100110011010110001110111
100001010101000000100111011000101001010111000110111101000110
101001110000001110010011101101111111110011100101010001000010
111000010010110101001100010011101101001110110001001000111001
101011010001101010100110110011101110101101000010111101100111
110111100101111110110111100001011011010010001101000111110111
110110010110111000011110000011010101111011110110110011001111
111101101011111010010101011010111100000100010000001110100110
110000011011110101101111111110100110001100100010010101010110
100101011000001010101011010000010010111100110011001011111101
101100000100100101010010111110010001001001011111011110111010
111111100000010010100000001111101111101010100111000110010111
010001110001011111110011110100101110110011010100111110101010
110100110001001001110111110001011110110000011011011110101001
101001111110001011110011101010111010111000010000000101011001
001011100111011011100110100011111010101000110000101100101001
010111011110010010001101011001011010010010100101001001101101
011100111001110011100010110100000010001010011101111101110010
100101101001111101100111110111010001111100101110110101011000
