110110111001110010111100000011111100101001111001000010011010
000011001001000101010111001101100010001001000001111101011000
000011100001101100101000101100111010010101011010100111010100
111001111110110100010001100001111000010101001010110100010000
011100100001001011011100100111100110000001101011000110101111
001010001100111011101110011010010101000101010111101001000110
010110000001101001011010010011001001011110000100011111100110
010000101000011000000000011101111111011100101000001100011011
111011010011001111011000100111011111100101101100101100000010
100001000001000000100100011011010001101100011111001010100101
000110000000111101110000000100111110011010101100000110001000
011000001011010100110011010110101111101001111111001101000100
110001011010001000111010111000000001011110101001000000101001
110001001001110011101101111000110011011101011011010111010111
111100000001101110000001101101001001001101100100001011110101
101001011100100010111100010111001110001111001011110110100100
010101010000100101111110101001100011000000101000100110111010
110101110110011010111110101100011001100101011100110001110011
111100001011111111100110111111011111101100111001001001111101
011000110001001010011100001011011010000011011000100111011100
011000100001010111001111100011101111100100100101101101001110
011101101110001010100000110001111111101101010100011111001110
010001010000111101001101010100111111011010101100110000111110
001101110111110110100111100101110001100101111001011100101100
010110100111100011000101111000011010101011011010111100111010
101000010101000011001000101001111011000111001001000010011001
111010000001010110101010000111001000100000000001110000110001
010000111110001110101011010110011101100100010000010110010001
110011101101001011010010101001111001100100101001001111001011
100110011010100101010010001110011100001110011010010010101101
011000100001110101101111110111010101100111111010110111110010
110101001010101011011111001000010100110101111100111101001111
011001001010000001111010100110100001011001110111110010010100
001001101010011101000101100011101100110010000111001011101001
010110110001000111001100011111111110011001011101010000101110
101000101000100001110111011111101010010010111101011000110111
011101111001000010111101000101010001011111101001000011000001
010010111101111111111110100110101011001001000010001110101010
010101101100100101011111111000010111110100010011101011010111
000100011010101111101111010001010011110111101101110001011011
