000011000101111110001000010010010101100011110101001110101101
101011010101001011111010011000100000111110101100110111001011
000010010110101101111101100100100111011111000000000110010000
101010100100010010111001101011001000111011100101110100000101
001001111000101001101100110111111001011001000011011011110011
011101111111010111011101111001001000010010000100011100100100
000110011000001110011111100101111110010001100111110110111100
011101110111110010100000001101011110101100101110010100010000
101010110011100110110110100101001110011000001010011110110010
100111001011000001010101001100010000011110001011000110001010
101101100011010010001100110001110000011111110001100111101011
010110011000010001100101010110101101101100010000010101110000
111011100110001000000011001010100010101110010011001001100010
101110011101010001110010101100010111010011110111001001101011
111100110100100011101111110100110101011000110111010001100111
111011110001000001111001011111100111000010101110100101000010
010101100000000101011000111100110011111110000010110010111101
001101101111011111101100101110101011100011010001100001110110
000001100011001000000001010010110001100011010010100101110011
100010011101111101111101001110010001111000001011000111011001
111111011111000101111011111101000110111111010011011000110010
110000100100111010011000100010101001000110000100110101001111
010010001000101010011010010011110000110100111000101001110001
000010111110011100110001000111100111111010101111100001011100
101010010101010111110011111110000011001001000111001101100100
110011110011001011110000001110100010110101111101100001111100
011001011011101001100011011000011011010001100111110110000100
000100011101101101010011101101010110011111000001101111001101
000111011101101011101011001011011000100110100100110100111011
101100001010100000011111011000111000110000100111100110010111
110101011100110001101000001011001101101101001110100101101011
010100001111100110111011100000101101001110001100001010100001
101100101101101000011001101011110101110101010001101000110011
101110011001011100010001111100010011000100110101001110101111
011111011000000001010101111010011110001100110100011101100111
100010111100110011011010011011011001010111011101101111011010
001111110011000001111001101111001111010010011111111010000100
101001100011001111000001101110100001110100011010000101101101
110111011101001001001001101000110111010100101101001000000101
110011101111001010011101100000101111011100100000000001010011
