001000011000011001100010000011011100110100110101110110011000
010110100101111011000001100100010100011001111110010011000001
000111000101111101110010001100101010010010000110111010011101
111000110000110001101000001000000011110011100010010001110100
101111011110101111101101111011101010100100100101010001000000
000100000000111111101010000101001000111110010001000010110011
101101011001011010111100100111111010010010000001100110011100
111110101101001011110001111111111000101000011000110010010100
100010110000111101111000000001110110111001001011010000100111
000011101011000110110000011011110110000000111111110001011110
111011001100110010100100111001000010100011011101110111100100
001101001110111100001111010000101011001110101110011110101001
111001011010011010111111010101000101000110011100001001110010
110011101111010000110001101011110011101010011111010110011111
001111110011000001111001001000111010111000011001001111011101
110110001111110100101011001111110101000100011111001111010001
101111101001011101100110011010010111101011001011101100001001
000100101110000100011100000101001011010111100011010101010011
101101001101001100111100011010001010100101111110100101110000
111011001110000100001101010110001111100111100001100110111001
011111100001101001011000110011101000100011010000100111111010
111000111010001001111101010101001110111100001011100001101100
010111111101111111111000001000101111110111000001100110010010
111001010010110110000110110100010101010001000010111110100100
010010011111110110000000000011010010000101100101101000111011
000110011100100100001111001110110000111010100110000010011001
111000100010110100010101010010001101011010010011000011101100
010111101000110111000010010000110110110011011011010110001110
000100110001111010000110000100011011001010110011100111100111
011111101000000010100111100101010111111001100101100011101001
010110001001111010101100101101101001011101111101000001010100
100000101101101011001100001011000011010111110100000100110000
011000010011111011100010011011010011010000111001010110000100
111111011000100010000101100100111000110100011111000001110110
100100001101000110111101111001010110010011110000011000101010
011010011111001110111100100001111000111101101111011000101001
000000011110001000001000000100111101110111010101010000100001
111111110111101101101101101101000011010111101100001000010000
010001000001100110001010001010010111001010010101101000011000
011001011101110010001011101011111111000100101011111001110111
