101011010010011110001010101001001101010111100011011010011100
000000001111010101001110011111111010001111100101111100010011
100010010111001000111001001011011101110100001001111000001001
101100111110110101100110110110001001011111001110011111111111
111111011111011011110100110011011111100111111011100010010110
111110001001001001100011110010111110010101011100111110101011
100110010010000101111010100011111011100000011101001001110001
000000010010110000010010011000001010000110010001000110100100
110001101100010001101011010010110010000100010010100101111110
110101100011101111101110011101001111111110000001010000111110
011101001010110100111011100101110110101010010101011000110001
110011011100010111111000101011000001110110001111011101000011
010011100101100101010010010011110101100111011100110110001011
000110000110110010010100101111011000010111111001101100011110
001001010100110001110001001001000111110011001110001011001011
010110110000111001011101001110010100010100010000000000011101
000000111110111001001011011100001010100011010101001111001101
000111001111000000110011000100110010101100010100010110101110
111110100010100010110000000101001101110100011001011010001000
001000011110110011100101100100110110101001111110001111111010
111010001010011000011110101111001111011010111101000001110101
101001110100011011011011000111111011110101011010001100011011
000001010010111000101101000011010110110001010110001100111010
111001111111011111001101110110110011101010011010111000110100
101010001000000010101000101111001100001101101011011110100101
001100110111101000000110000100100011101111000110101011101010
110100000001010000111100011111111011001101001111110011010010
110111111010100011110011100101111001010101101110110110011100
100000110101010101001000111000000011001100010101011101001001
100101100100111011100100000001100010000100110111100110110000
100101101101110100000000101100010100011010101100000100100011
000010111010001010010010001100000111111010101001011011011011
100110011001011001100101101110100111011010101111101100110010
110111111111110100010011111011110111011000101110100110110011
101101011101011010011001010010000100111001110001110100010110
011011010000010100100111100111100001011011001111011000101110
000001100000011101000011111011110100010010011100100110010011
000100110110000000110111101101000101011111101000010100100001
110101001000110010100010010001110010100011011101101101110000
000010001001101101010010101111110011010010010110100111100101
