010100111001010000111110101011110011010110000001000001011011
100110011001001101011010101110100011100011111110100110111111
110101100101111010110100011110111111011110100011001010111001
110000101111000111111100001001111100000000101111000111001100
000111001110101000101111001111000011110001101011011001011011
000101011011010100100110000111010000111111011011010010110111
011001000110101110011010000010000000011100011010010101111001
011100101000110101000001001101100111011011001000101010010000
101000110001011100011110111010000100011110011011100100111111
100110001110100010001010011010000110110100001000111000110100
100100100111111110011001001001111010001101101100111001100001
010100000001110000111100100110001101110111111011001011010111
011101111100100001100010111100011100001011011001011011011001
000010111010110101110100100001110111011001011011110001011000
001001001010011100010000000000000000011111001011101101011001
101011000100000111011111100001011001001010100100001111110001
001000111100010011001110110001100111101010100101010110110101
111101010011001111000111101000101011001110000011011111000000
010111011111111001000100100100001010111111001111000101101111
011110110010100011011010111100100110100011010110101000100110
101010001110111010110011111101111111000000000111001110001101
000100110011011111010001010110000010101111110100010100110111
001101010101000010110001100010010011101110110000010111000001
101111110011010001001000111100110000110101100111101000110011
111110010110010100101010111100011001101100110101101010011011
010101001010000000111000011111000010110110111011100000010010
111101000000000100101011001010011010110010011110000110010010
000011100001011011010000110111111010110001101101110110000001
110101001101111101110010100101111101111100100110001100100110
010100110101011001111000000000100101001011110000101010101101
001101000100101000111111010111100101011010010100100010000010
111101111111100110110000101000101000101000010101111100000001
101000001010000101111100010111000100001100101100110100011111
000000000101000111110110001101010110100000101010011010010110
110010101000111100010010000110101111101101101001001101100110
110001100111101010110000000001001001000000000110010110101111
110001011000011110110101010000110101001101000111010011100011
000110001100110001010111011011101101100000011011101010011000
011011000111110110100100011011111011010110001111010100111010
011101010101111001100101100110011000011001011000000011101010
