101101100000100101111101011101000000100010110000000010110001
010101101010001000011000010101110011000011110000010101000000
000111011101011111111000011001011010100100000101011101001001
001000001000101000010010001001011111011000011000010101100101
000100000000110000001101110000001000110010111000101011010110
010100101001010110001010110000111011011000001101011100011000
101001011000000111110001001000010000110000010000000001101010
101010001000111100001000100111111100011111101111111000010101
101001000100110100000111100011110100010100011010101100110110
100010110010111001100011111110011011111010100011011011111000
011101100000101011110000001010011011110101000011111011101100
100011100001010010111000101011110011011001000111001000110110
010011101000100101111111000010000111101011001001000011101111
001101001101101010101101000101110100101000110010001111101110
000010100111100111101111010010000101010011110101111001111111
000011011111001011011001001001111001101000001110011100000111
010111101001100101110101000110011000010001100011111000011011
000010011100000000100101000001001001001000110111110000001011
100111011010111001111001010011110000010011000111110100010011
110111010000001101000010101011011010000100101010001011001001
010110110011111100110111010010011010001110001100100011000111
111100110000010111011010000000111110000000000110100000110100
010101010110011111111100001001100001000110010001111011101010
011101011010110100100111111110101010100101001110001110001101
100111101000111011000101001101111110111111110010000010101010
010000111001011011010110101100111010111011011001011010100001
111111010010001001001110110101011111110001001010111111001001
000110010001111011011001110011001000001111100100100001010111
111000110101000001011010111110111010111000100101110010010000
001000000100100111111101010111000011010010011000100110100000
001001010000110001011110010000111101111100101100100111000101
100110010100110101010111001011011100000110110001100100111100
001111001101000011010001110100001011111000001011111011001010
000000000010010001001011101100101101010110111110110000101010
110111000011001110100011001110100110110011010111100110110110
111101111101011110010000101111111011110111000110011010010101
111101011101001010111011101110110111011011011101011010011100
110000111010000001111100001000101010000001100110011111110001
110000110001111111110001110010101111000100011011010000000001
101011100000100101000011101001111001011001101001011000100000
