011011110101101100011111010011011011001100011110100001000011
101101111100001001111101111010011110011101011000000000111111
111000110010010111000100101000011000011100100001110101010010
101101011011111000101100110110110110100001011111001111111111
000000100100000101100111011100100011001001000111010101010110
000001011101001111010011111111100111001101010101101110110011
001110111101010100000001010010111010101100010010000110001101
001000101101110011010001100101010111010001011110010010001111
110010001000111010011110000110001010011011101101111110110000
100011111011010001101001101011110001110001101010100100001000
110111000011110110001001000001011110001001110011100111001101
111100001100001111110111001110011000001100101100010011110100
010100000011110000001001000100001000100010000100001011011001
110100101010100101101100001010101000111010111100000111100101
001001000100000110011011011001101101011111111110011101011100
010000001101100010001111011001010111111000000010101110101000
010011010011111111010101101101110001100001011110110010000110
110010011011101111110000011110000001011010101100011100101010
101110111000010010011100001101011000010010010001001100110100
111101000000000101110010010001101001011001001110100000011100
111001101110010101110010011011011000010000110111011100110011
101001010101000111110110111000101110001101000100011111100010
100010001101110111101011100110011111001000000001001110011010
001001000100010011010110111100010010110011001001010000110000
011111001111000010111111000100111011010110110101011000101111
001101000111100110100100111010100010100000101010011110111100
101000100101100100000100111001110000000010100000111000101110
101100100000001111110111101000101110011101100111110101100110
111100001001010001100001111110010100000000011010101111000111
111100101100111100001011111010001010111001111001011110001110
000110010011001010010011000110100010001000011001111000100001
011001010111100100001100111000001001010100000010110001110010
101101111010001000101101000011101111100100000011100101011001
110110100010011000111101011100011100101000111101100110111000
110111111100101011001011000011011010111100011111101100010100
001100001111011011010011101001000001100101101100011111111001
011010110110001111001101001010100010110001001001010100101100
100010000011101101110100010001011111111011100101010001001100
000101111011100000000111100011000110111110001101110010110000
011010011110000101100101000010001111001101010111000001100110
