101110000001111010101111000001110010101001101010000011010011
010101111011001000111101100010001111101101100111001010101011
011001110100001111001001010010011001101010100001101110100111
101010101111010011101011011001000111010001000101101001000110
011011100100010000100001111110011010000110001001000100101111
101111101001110001001000110111011001000110010100011001101010
101001011010001000001011111010111001000000001011001100111011
000101100000001011101100011101001110101010001010100100000110
110101011100000010101001100001001001100011000110111101011111
110110101100100011110101001110011110010100010100001000011110
111110011000000001110110100110010001000010110100011001001000
011001110111011011111100000010101001101110101101010100001111
101001110100111101001101011010011111001101000000110001111101
110000111011110100100111001111011100010001011110001110010110
101100010100001010000001000000111001111001000010111111010010
001001001100101000101001011101010111011110111001101000100000
000101101011011000000100111111010001111100100000111101000111
011111000110111001100000110110001111110011110011010100011010
001110101101000100111111111101000111110111111000011001000100
001110110101111110011000011000000100001010101110110010111110
111100111110101011010001000100111111111110110100100100010111
101101101011101000100001001001010100010111010010101111000101
110010010010111011011100100101010111110110011100001010100100
001010111101110101000110010011111101001111101001111000001111
101001111111000001100111011110111101011011111011000111010101
011000101010000101011101000101011011001000101101110111010111
101110110111100100101011011111101000011011011111100000100001
111010000101000101100011001010110000100010010011010011001111
011011101100101101011100000000011001001000000000000111000110
110111111101000101100011110011001000100001001100100011010110
101010000110001110001100111000110111001101100111111001011010
111100000101011100101101100101110001111100011111111001011011
110111111111110101111111011001011111000111000111101010011010
011000111111100100101110000100101111110111111101111100100011
011011000101000011100011100011001101110100100011010100011111
011000100111010111011100000000100101100010010000001001011110
001101101110100001000101010110101000001011010000001000100110
100011110001101000000011100010111110101011010100100011001011
010101001001011111110101010010010000010001010110100000101001
100111011010000011101110000010101010100100011000110000100111
