000101100110011001111001001110001011011101001111000110100010
010010100010000101000010111011010111001101010001001010011101
010000101001011011001100011010111000001011101101010011111011
100000011011111010111000100110010111001011111010000010101100
011000110100010001100110000101001110011000111000100111011001
000111011010100101111110010010000010110010000000111111011110
011110001010101000111111100000110110110011100010011011110111
011000010010101100000010101001000011010110110100010100001011
000010011000000101000001111111011100000111111011010110001011
110011111010010010110111110111100010110111011001010100010001
100100110100011001010111000011111101110110010101100101111101
000000011101001001110000011110000010011010001100001000100011
101111011100101010111001000000110011011100011101100001001011
010011111101011010101000111000001101101111001110010100000111
110001110010010010001110101111100111100000111011001100001011
101001100110100001010000010100101011111110011100101111010110
110010011011010001101110110010011110001011010000101010011111
110010111110010101101110111011010101101110111111110111101010
110010010001111011100001000101111001111011011111111110110000
011000010011000101110010011010111100111001010110111110001100
011001011001111110001010010101001100011010001010010100011000
110111000000111101100010011000100001010100011000100111110100
010111001011000010001111100011010111101100111011010001010101
001101100001011010001010010101000010111101111101100110111111
000010101110101010100101100001110110010101010010101100111011
000000011110101010100011000100000100001100011111110010111010
100101111001100100110011001100101110011111100100110110100010
011110110111001010001001110001011101110100101111111010100000
010001011111011100100000000010001011010000110001101111101010
101010010011110100111100001110111111101101000101010000100011
101010110111011100111100110110000010111000111110110000101000
001111111111011101110110000010111111111011000010101100011100
111100010000010000101101001000100000001011100000100110100010
011000100100111111011000101110110001000011101000011101101001
001011001000010001001000001101111001111101110111000110110000
100100011011111010111011100001111111100100111101110000110110
011000000110100101110011101000100011101100101111110100110011
110100110110101111101010011100101011010000010000001111110000
010111101000100101000111001010110011000100011100100101000011
110010010110010100100100101111011010010010010000011011001100
