010000111011001000000000010001001100010101000001010010001100
100100111110001110111101011001000010010001110101010000010000
000100101110100011110110010110111001001010111010001000110011
000100000000011100000111010001011000010010010101110010001011
101011111010100001001100001000111101101111001110010001100100
011100110111100001010010001110110101010010101001111111001110
111010101101001011111100001001101000111111000001111110010110
001111010111100100101110110001100010111001111111110111011111
110011000110111101001001110110100000001011100101100001000110
000001111000001000111110110001000111011111101000111100010100
000011111011001011000011010110110001001011110111111000100100
000100100010101100110011011001000010110110110101000000111010
011000101000110101001001111010111110000100010011100100001001
000100010000110101001101000011111111101000010111011100000100
001110000011000101111100001010101010110011110110001011011100
001010010100001001100001110011010011000010000001011111110011
100101000011000001010110011100110101001010011000100101010010
111010011001100101110111001010010010010001001010011100001011
111101111110001110010100011000011110010000101110011111111101
011010101111000010111000100101000001110101001011011011110000
110011100101110000001010101100001101110010101000000111101100
100100011101111010110110100100000111011111000000111111010101
011011100100000100010011000010011110100100111111011111101001
101000111000010101010100001000010100010011011011100110011111
111110111010001010100000000110110111000100010010011100000000
101101011101011000011101100111110001110010001001011001100101
001011011001111100100111111101110101111110001100100011110110
110111101000000011110110000011011101110011100010001100100001
011110100100111101000101100111001001101111110110010101100111
010111011000001101010000001010101110010100111010110101111010
111101110111101000100000000010010010011101001000010111001100
100010000011101101010100011110110000100100001100000011001111
110101011001010011110111011001101110110110000001010010101111
010011111001110010001110011000000111100101011001011000101011
001101001000100110011111111100011111110011101110010010111100
111010010110111000011101000000111000001000001011100100011011
011000001000110010101101100111111001000111010011001100101001
001111100001001100100100001000011011010111010101011011111101
100000110011110111001000101010001010110111000011011101101011
101101110110111111000001111010011011000100100001010110110010
