100010111100000101100101000110011010111101100100000010001110000010111111100011011111101001000011111001110100001101011001110011011001110000101000101010011100011001110101000011101101
010110101111011100100000001101010001110101011110101000000110011010000110000110010101100000100010111000111101110100101111110001100000000000111110001001001001010011000001111011110110
100001110010001011001011100101010010011000111110010101101011000110111100111010101001101111100010100110100001100110000010001100111001000010110001000111110111011111011111010101000101
010010100111011101010011111111100110001011010100101110110101010111101001100111100110110011101011010111110101010000101001110101100110011101010100000011011110000111100011111010101100
000000000110010001001000111100000110001001101010011001111010011001001101110010101010101110011010110110001111011011001111011111110110010100010001110001001010101111101011010000011010
100111000110010010111101101010000001101000001111101111101101101111011100110001001010000100001101101100001100100011110001101000111010010101100101001100100001010110111011011100000000
000001111001010010000011100100001000100000011011100110110111110111000100100010010110110111100111000111001111111000100010010100010101101000101000100111100011101010000101110001010000
111000101111110001001101000100011010110100011110011011101001111100111000101111110101000111010011010000000001101010101101111010101101010100011110011100111110010010111101000010101010
101100001110011000111101111110110011000100011011101000011110000100100000100000100111011011100101101100010010010110010101100000111010101001011101011111011010011111001101010110011001
000000010010001010100100010101100101100011100010010101110101001010011111101010100100000000011000001100111011101110010111001000011001110100101101010000111001110000000101110010111110
000001010011111011110111001000010011111001000100101111110110000011111011010110101100110101000011111010111001100100000100001101011100011110101100100101100110001000010110011110001001
011010100110101100101001110000101101011011101001111110110100000101001000100010110101101101001111011000110011110110000000100000010111101000010000011110101011010100001100010001000100
111000111000000110011011100110011111001101101000011111110001000000101010110100101100101001001101100001100010000010110110011001101101110101110000110101110110101100101101011100111010
010101111100100111001000111100011010100111010101101100010001001001000001001010011011000111101000101000111010010100110010011000101100111110111010001001111100011011010010110110110000
010011010101010011011001001100101110100011001110010101010001000100000000111101100100101111101001011110011111110010110101000111001000111001101000100100000010101101011111011011101111
000010000000001001010100001100011001001010011101111000101110010101010011111010100000000111110100110011011010101110001000111100000010100101010010111001010001110000010110101000101000
010000010000111000111101100111001010001100000001100010010001010111000110000010100111000101010011011000100111010101111010100110000011110100000011011110001001010001101000011100100000
111011000100011101010010000010110110001101101011111001011101101011101000101111101100101000011100000111000001010001100101010000110111111010110001001000100111011110100010011101100100
001010100110000111001110001010011100010111010110001111110001001000111011111010110010100111011010001110100010100101000110011101000111000010110100000001100100100011001000110001000111
100011000101100100010000010101111001000101100011011001000111010110011101100011000110000100000110101111001001110010110001110010001100101001101010101110011110101000101000101100101000
100000000110110101010001001111000011000111010010010101111000000110010000001011010101001010101100000010000000110000001001001001110110111110000010000101001101000010000101111100111000
001100010100110110011011000101100011000000101110111010001010111001110100000111111110001100110111101010110001011011010011011110001110001100001011101101111000110111011110110001000001
101001010010010100100011101001000010010001110011111010110001011101101010110100010010100001100111000010101000111000101000111011100000101100000011110010101001010011001101101011111100
110010111001110000001100111100010010000000001101000110010010000100100111100011001100000010001100111001011000011100101001011111100110010100101101000000001101100110010000001001001110
110110101101101010001011010011000111110101111101111010000000100010000011000001111011100011001110111110000101001101001111001011110000100001111001110010100110110110101011000001110010
101000100011011010111010001101010100000001101000110001011000111111110111110011010110011100001000010000010101110100110000010001001001111111011110110011101100111101001010000101011111
001111011010001100010111101110111001011000110010110010010010101011110110101111001000010010101011110101010001000010111000010101101000000101101110100111111000110100101000100000010100
111110011111000000111100111100101000001111001110000011100000010100011101010101101101000000110101010110010001111001001011000010011100000000001100011101110000111101001001110100000001
010101010110101011011000110110010100100101011000101111101110111110100111011100010111011000001100110100011010111110101000111010010001101011101100111110010010010010110101101011100100
100010010001000110001000011000010010111010101100010111111011010101010110100000101011100100100001110100101101000010010111000000010011101110011011010011011100101001101000010101100001
011101100110111001011110011110011000100001010100011011110110101110011110111001111010010111000001001010000010010110100011100100110111110111101111110111100111101100110101000000101100
000000011111001110000010100101100101100100100010011101011010100000001101001010101011011111100011011010110111101100011001001100110001001000010110000000101100010001101111110100010101
000010101000110111100101100101110110101110100000100011001101110000000100101110111000010101100011011101000001100010111001001011000001011011010111000100110010101100100011001001000100
100100111111100000110010011000000110010001111010000000101101101011111111100001100111101011111001110100011001111101001001010010100000011010110101010100001110111001101111110110110111
101001010000011010100011111011111100100110100000001000100101100001001110010100001100100100101100110011101001000001111011110011101000101101100011011100010101110011110100111011000000
001101000111101001111100010110011100101010010010100001101110000100000101010000100010110011010001001110001110100100010010011000101011111110110110001100101011101110111011010001100111
101101001110010111101101110000011001111011001011011000110110001010000101101001110110111100101111100101011110000001110000100001010000010001000111110001110111110011100110001101011011
111101000111011010011000011010111110010100111001100010011000100101011001100000011111100110001101110001001110001101010000010110101010101010010101011010011111110010001000100110111111
101010111101001100000111000000010010110111011010101100110110000011000110010010000111001011000111011010000000101111111010001010111101110110100101001100000011001001100100001000010011
110111100100000011101110010101110000001110010100110000001110101010010110001011101111011000010110010110000000010100001010100101111011101011100011101111111111011010111000001000001001
010011001100001110001110011111100001010010100111111000101110110111010011101101000100000100000000101110010111011101011111100110011000111010010011101000101101000000011111111000011001
101010110100100101111111011010111100010011010000100011000010110001011100100101111000101111000000010001111110010001101110011100000100001011001010100101011010111110000001001001111000
000110000011111011100010101011111100010110000100110110100100110001110101110101001101111011111101011101001001011010011101100110111100011110100000010100011000011001011011110000100110
100110010101111111111101001010011110000011101000101100101100001000001000010111011011010011010101100000001010100101000100111001010011010011110001001011001101110000010111111110101000
010110111101100001001111100110011100011000001100110010011111110111011000100000110000001000111101111010100111100101111011000000100111011000111110100000101011100100110011101111001101
101011110001111010111000100010011101100011011111110101101011101111110111011011010110110111001101001111010110110111010100111100001111100100000110111100010001011001101100110100100100
110110011000000011100110001110101011000011000111111101001010001000011010011011111101110001100100110111011111010000001001010101001110011110000111001111011010110000100000001101000010
100111001101110000110010010001011100000011011111001101011011110010101111011111001110000011001101101000110010000000100101000011110110011001000000100001111111010000101011100100001010
011101111000100010101100111110001011011110010001001001100011100011101011001011011010101101000101100010111000101110001111111110010101111110001001010110010010101111000100011000111100
100001001000101111100011010100100000010000101001101111101000000100011011010100110100100100010000111011100111001111011110110000110110010101111000110010001011111011011110000010001011
100111111110000000100110011010111011001011101101111111101011011100000110110100000000000001010100011011110010101000100010011010111111100000110101011111000101111101100001001101000111
100100001110011101011011010101110010111011111010110001110010001000001011001000001110101110111101001111000001001010100101000100010100111100001010010110010000111011101011100111100000
000000000111000101110101100000011011101011100001111011101011010011111011000011101011100101101010100001010011111001100111000000000001000000110100111100011010001100110111110101011000
001101010011001100010000100101111100000000010110101000000010000011010100011101110111111001011101111010010110100110100010001011001001101000110111001010101011001100100111011111000101
000010100001000000011111101111100010111110100001101011011110010111100011110100011100011111011100000110011010101000100111110000110001010101111111111011101000101011000100010010101001
111110100101011011101100111010101011111011011000101000010101000001011100001001110001010101110000110000111100110110001000101110011101100001110010101011000110010111100111011100111000
000010010100110011000101001010001111110101000111111010111001110000000110000001110011100011111000101011000010101011111111000011101101000110000000101110001001011101011110111001110010
010001100001010100100100011101111001010010111110101101010101010011000100000100100101011101001101111110111000100010101011011111110100001100000101100100011101100000110100001001000001
001001111010111000001110001011010010011111011100111001111011001000000000101101101101011101101100101011110100110001101010001011110011000000001001100000011001001111001100110100110000
001100100101000000011000001001011011001000000000001111010011110111000001010011110110010101010111011011101100011101110110101010110100010000001001000100111110000000011111101001111111
100111111110011010111011101101111011101000111111101101001101110010101011011110110100100011100001111110001010101101101011000111111001000000110001110100100100010111011111111101101010
110100110010001011000101110100010110100010001100011011011010100000001111010001101100000111010101111001001001101100001111100010111101000000110100110100000110010010000010010001110001
001010110100001101110100101001010000100111101100100100011100110101111011110001110000011100110100001000101000100000001010000001010010111011110001111010100011010000100001100001110001
110101010111000011010100010000111100000110001010010000000100111110010010001100010000001101101001111111101011000101011001110000111010101011011001100100010001011001101110001011110111
101110000100110011011101000101100011000110010111001011111100101101100010100011101001101000001000111111011111111000111010100111111110110101001000000110111101101100111101100111010001
001111100101110000110001100000010101111110010110001101001101111101001000000010100011001000101011101010110000011111110001101011010000111110000100010000000011011010010000101000010001
010101100110010100111101101100011101001000010000111110111101110011001100110001110011100001011101101111111011110111110101111110010110001101101011101100110000011111101001101101101111
010010000000101100011110110001111110101000100100111100111010110000000011011100101111001110100000001000111011100000000111010100100110110100111000001011101011001001011101000101001000
111110101111001000100001011111110010101111101000101011111110000110100111010100011000011110011100001101110011101101010111110001011101101111110111011010001001001000101000110100110000
100100010010111111001110011011001111100100100100101001000101100110000101101110110111000000010111001101101011000100000110101011101111011001101110111101010001000101101001110000001111
000101001101000101100100110101101000101001001010001001011111010111001100101110111101100100001010000011101011110101011111011111101010111010110101100001111100001000011011000001001101
001011111010111110010101110101110100000100001000110010111101000101100001011100011011011100000001110101101011110000111001100111001110010010111010010000000000011011101100011000011011
111010110111000100011110000111101000001001100101000111100111011111110101011010010110100101001110111000000011100101110100111101100001011101011101001100010000100010010011111011010101
101101100100100100101011110011000110100001101001101100110101010011010101110010111011011111000000110011010110010001010101101110110010010000110111101111000011110010010011110010011101
100001100100110001111101000011111010000111011000110011011011011011100010111101010111100100100100000110100111001100110100111011110101101111010100000011010010010000100011111110110101
000100010000110101111101011100110111100001001111100100000001100011101110011011001111110010101111010001010011011010010111101100101110000000101101010101010010110010000101000011001101
011001011010001000101011100001101000111001000100101100111101000100100101000011111000101110010000011100100011110101001101001110011010001100010100111101111001111001000100100001110101
100010010110010011101101101000100000110100001100101010100100111000011010111100100110011000000011001011011100001111010101010011101000110110100011011000010111111001100010010001010011
110100100101001000111011010011011000001001100101100001000001100111100100011111010100111101101011010001001100100101110011101001000110110101100001001100011000101110101101001110110100
110000111010101101011111110000000101001111110010101011100001111000001011101111111110110101101101011110010111100111111101011101011100001110001010010101000011010110110101100101110101
011101101111100011000110001110011101011000111000101010000010111001000111001010100110110010011001110011101100010110010101011101110000000011100101001110011011101011100110000001000101
000011011100111011001001101001011110101001000110010001110110000010011101011111011111010100101101111011110010000000111001110111001010110100110011110011110111111110010001010101011001
110000110110110100101010110010010001000110111000111000111111011000110111000010110011100011100010110011100011100100000001111101111111110111011101100010101111101000110001101101011011
001011001010001111010011101101010011110010110110010111000000110100010000100110001101100000111100010100101010011111100111110011011100000001000001101100100010000010010110110011111000
011011100110010001000111010111100010011101111110010001101010110101111000101110001011001111101101111100111000101111000001001111001101100110010010110000011000110111000011010000111010
111100111011010001000110001010111111001110110011101101010110100100011101111100110011101001110101110101011111100000100101100111110001001000000000100001000111001001001100101100011110
011010010011110011100001001101111101100111100010000010010110011101110100001101100000011111011000011111011101000001111110111011011110101101110011001111000010100010001010110110110110
101001111011000010101011011001110111101000010100010001111101110100111111011101001111011110010010111011100111011011011100101111110001111100001110000110011011100110101111001111011101
000011011111100011100001001110111110100010011011011100011010000110001110010000100000110001000101110000001110011011101010111111010001111100100000010111000010000100101011100000011010
100000000000001110001100101110101000011010110101100101101010001111011010101001001100110101000111010001010010000010001010100000100001010100110101000011111011100110101010111011010101
001001001001011101101101110010001010001101101000100111111111011001011001101001100111110000000000110000011100000111111110100111101010011100100101110110001101010000001101011001001110
110010101010110011010010101111001001011001001000111010101000101101011000111101100010001101100110111001111110101000101010100101111000000011101101110011110110010110011010110111110011
000011100110111011001110011110100100010011110100011100111001011001000110110110100111111100000000110011110101100000001100000111001111110100100110011001001000000010011101101110101101
011110110010010110110010110101110100100101100110111110010000011110000101010001100011111100110111111110110001001010001101001011101100111111110011100100110100101011011000011111001100
100001011000110101000011100001100110000110011111011000000100010010011111010101100111000100011111110001011000110100001101010101111000100101111110100111001101111010000011011000111011
000000011101011000001010010010011000001100110010101110000110101111001111011101010101111100101100011010100100111111100001110001100000010110101101011001101011100110110101101111100011
111001000101000111010111111111001110110011010111100110000011010110000001101000110001011110100000101101110010010110000000100110101111001010000100001100001110110100111011000110101000
101010110100110000111101011000110100101011001111011000011110010101011100101000100011000110101101101100001010110110110101010111101101011001010010011011000100100111110000010101110101
111011100110111100101110111011011001001010000001111100011111001111100010100111111100011100110011101101010000010011101101110111101010111000011100111010001001100100110010001000101010
100100110101000011010101101001111010010000010011011111010001001100000001100000110111100100011000000111111000111110001110100110001110101000000010110110111110101001100111000110011100
