011001001110110011010100010000110110110110011110110110001010
110110101111010100000101011010111111011010011011100010100110
101000000100010000001010110100001001111000010110110001100101
000001111101001010110111010000100101010110101001100000010000
100110110011101101011000010010000010110110110100101100000011
111001000010000001010011111100100010000001110000010010010110
110010110001010111010010110110110110010001000010010001011100
110011100100111101001111000000100110110000111100110010101111
101100111010001011100001100001000101100101001101000011000010
110111000100001101000100101000000000100101101100001101110110
011101010101011110001010010000110001011100000100111010111100
110111100101010111010100111010000111011100001110110101011110
011101000000010110100100110101111101010010110111001011010100
000000110010011110010010101000001010101011110111000011111101
000001010100000110001110101101110010010100001110101000000101
101000110110000101000011000101111100001110000000100010111001
000110111010110001111010010110000111000100110001010111011011
010111001101011111101111001100010010101110111100110010101001
111011110001001111101011011110110101101011110001101111110110
010001110001101011000110010001010110110000011111100000101000
010100001001110001110100000000111011100111011101001111110001
100100111111101111010000011100000101101000111001010100011001
011000001111000110111101001101100111100101110111001101010110
100101100001010000110011101010100111110001101010100001110111
011010100011101101000000000111011100010110100010000100111110
011010011001011111111111110110110100111011101011011111010111
000111100000011000100001001101101001101111010101010010100001
101110011111011101010111110100111110101000011101010010010100
100111101110011000011010001110101100001100011011100011101101
000111010000010011100000101000111000000010101011111110100111
101101000011011011100011001111001110000000001101100110001000
010110110110100000000000000100010110011100110001101110011101
011101111000110000010010000011101111100111010110001100001110
001000011010111001111000010011111110110111110010110100101110
000001101100010001001010111111110011011000100101101110011111
111101010010010001101111111111100001111001011100111110110000
000000101110010011110011100101001111011001100010101010001111
001011001000001000110011111111101000000010011001100100111011
000100000011001111111001000100111010110010101110001000110010
110110001101111001111101111010001101101100111111111101100100
