101100011000110100011001001010101100001111100000000100011011
010111100111100011000101100100101010010000001111100010111110
110001010101100100000100111110110001001110001100010111110001
011100111100000110101011110011101001111000010000101100100110
101100011010001011111110010010011111001010111011101101111111
100001111111110011101111100101110011101000101100011001111111
100100000010111001011100000111001010010101011110010100111100
101011110011010111110110011111010110001111100010001010110001
100011100110101100100010100101001000001000101101000000010001
111110010110000111001110010110001000010100111001011110010100
111101110110100111100110101110010101101000110010100111010001
110100000110000010011001101100101100111010001010101000001011
000100000111111101011111010011001010001110011010001110100000
111010011001010011010010001100000101000100010010010100110100
011000011011100100000111001110101001101011100110111011001101
001111001011110010000011000110010011000001000110110001111001
100010001100010011100010010011001011111101001101111111100000
011100011001110011011011001001110101100100011000101110100101
010001101010010011101101001010110011100100110110010101110100
101110000111101100100010101110110111111110010101100100010111
100011010001100100101101100001100000110100111101110111011011
001010110110101000110101110000001001100111010000101011010001
110111000100010101101110110000110100000110001000111101110111
000101101101111110000011001100101010011001101001101100011100
100101010001111111110001100001011010111011001010100001100000
110110010010111000111101010110110010100100010111111010110111
001000111110000000011101000110101101010100111000000000110110
010000000011000000010111101101000011010111100101110111100101
001010111011010110101000111100101100000010111101100010101101
111011000110110100100100001001010010101101010100100011010010
011101001011001001110110110001010001100010000110001011111011
001001100111111101101001000011100110000100001001001011111111
101010110011101001101001100011100000110010011111100101110111
100010000000001010010101101111000111100010010001011101010111
001101111010110111010011110011011010100101011000101000001101
101011010001110011100111110011111111100011001100010110100001
001010010111001111011100101001001011100001011000101010110111
010011011110101010010000101101011010101001110011101011001011
111111110100101000111100110001011111010001110011101010011010
100000000110110000111011110010100110010110111010010011010010
