110110000100110010011110001001011010000001000011100001001011
111101111111011111100100100101101001001110001000010110010110
000110010011001000000111001011111010001110101011000100101100
000001010101010001111000010010111010100101001010100011000001
100110011101000001100010110110010110110000111010001100100110
100000110000101110100110101001110110001010101101111100010000
110101000110101111010000011010001001100100110000001011100011
010100000000011011110001111011001101011001000100111100000001
111110100001001001001111101110001100101001010010111010110110
111100110110000011010100010001101100111101111101010110001000
000110010101010000000101111001110000001100010101011000110010
100011000010101001111111010101100111010000010101000100110110
100010101001110100101011010110001010000010101101010010111011
010000110100101000000100101000010011000100111110000011011110
110011111000010111110001010111111001011101111001110011000101
001101001001111001010110101000101000100111010010100101010011
011001100100100111100110101011101101000001001000110100011011
101000100100111110000110100010111100111000111011010011001101
101001101111010101010101000100001101101111100100011011011110
001110111101111101100011110001111011011001011011100010011000
110101011000100001000010111111110001100110000110000111100001
000011001010011110000010101110110001100000001010111110000001
001110100000010101110100110001000101111011001110100101111011
101001000100110100000010111011010110101101011001010110001000
111010001011101001110010100010010101010110000001010111001011
010011101011100111010110101101111011001101000100010010011100
110001101011001111000100110000101111000100001110101010111011
101000001010010001001001010101000011000110100000111010110010
010100010111101000100100010010000100101110010001001011110110
110101001000001011111000011001001101000101010101011110000000
000001100111000000011010001100111000110000101010100110101101
110100101111010100011100100110000111000111010110000110001000
110001000110000010101111110100011010110011000111100011000100
111100100101111101001000110100110110111110001001101110011111
010101110110100100000011110100101011100011001011101001001011
001000110100000101010110011101111011100010110100001101001001
000100100101100101110100000111001011110001101101101000000000
011100001111101100000011110010011010000110000000101100101110
111101111000001100101001000001101010011010011010010111101000
110100101101110111100010001111100000000111011110001100011010
