001111011110000001001010010010010010101010001011101000110000
111010001000110001000001101100100010010100000011101111001010
011000000010011110110001011000000010001111011010110011010010
001111100000011000100110101010000001111011101011001010010110
111101010111100001111011101111011000001110010001000111101010
001001001010011100011010111011011111001001011101100101100101
110000000101010011101001111000011000111001101100010011000001
111001010110000011101101101110011101011100000001110101001110
000101111110101101001101101001010001111100110010010110110110
010110011001001011011000100010110110000001110111110000101011
100010101011111111111011001011111101101000010111000111000111
010010101010000010001101111111100000000101010111000010001111
010011000100000111111111110000000000000010100100011100001111
100100111101111011001011011101100110011100100010011100101110
111001100101101001100111000101110100001101001101011111101100
001100110001010011111101110101101010010000101101011011101010
101100110110010100001011001101111011111011011010001111111111
110101110111110110110110011000111011101101010010010101010100
110111001001011111000001010111101100110111000001000100111000
111001010011011111100111001111110111101111111001101001010011
000110010001110101000000101010001110010011110001110100101010
110111000100000100010000110101000001100011001110000001110100
111011101110010110011100000100001001000111110011100000001100
100101000110111110010001100011011000101001001001110111010011
110111000101101101100010000110111000010111100101001011000101
110101100000001100101101000101010000010001000010011111001000
100010000110111111010111100000011100010000101100101100010110
010001110111011110100101010111101010111100010011111001011001
110100111010111000100111010101101001010011111000111111111101
101001110000111010011110000111011101100111100011111011011111
011011010111010100000011011011011010011011000111101011101001
110001111010100001111000100010100010011001011110100100000100
010100011011111001100001000000011110000011010001110010111010
000110111010101011110000001011100101011111001100100011101101
101000111111011100001110011011000100000011000010100011000000
110111010000001010001000111011101111100000101111001011010010
100100011011011100100000100110011010100011001010101001001000
000101111111111100011010010110011100010111101110100011011101
101111001110000100111010110010000011110100111101001001110101
111100101000000100010000111110010010000010111011001100101011
