000010011101011111001011000010111000011010110011110001110110
101110011111011010101011110101001010011000010010111011101111
100000011000011000100000100101101011111000100011001001110111
001111100000001100001000111000000101000110111000011001111110
000101100001110010010101010110001101000000101010010010011100
110000100011010001011110001110101110010100101110011000001001
000000010110000011011100110000100110100011000011111111110101
011111011000110101110011000101110110010001101111101100011111
001011000111001110000100111101000000101000100110010010001001
010000011010101011111100010101101010011111001011101111010000
001110100110101101100010010001010001101011000111101101000001
110001101100011011010000010100010110010101001101110111110111
101110110100100111101100000000111001101101000001110111100100
011110100010101010001001010011110000010101011100101110011110
101111111111101001000101110111001011001011111110000011101010
100011101000111000010000011101110011010011111101101000000100
110101111010001001001010100100111110010100100011100100010100
111011110011100010011010111000010111101011100001111000001001
000001011011101101001110101101001010010110001000110110010111
010110001110011001100111001010101010011011010010110010111001
110101000100111011111001111010011000111100011011001111110001
100000101100010011000011010010000000001010011101000010000000
110111110001101001000000001110110010001110000001010000010101
011101010111110011001111001100111110001110111110000100110001
100000010000100011001110011000001110100101101011111000001101
011110011111000101101001011000110001110101001100011101000111
001001110011010101011000101101010100111011010011100000000001
100100101000100110100101011011011101001101101011101011001101
010101000101000101100010000110000010101011111011011100111110
100011101110001100101101010000100110111010111010001010001001
111011001000111011100101000101010110111101000110000100011100
111010000111110100011111010111110011101100111000101010110111
111110110111111101000001001100001110110011010001101001011001
010100010111111000111010111111111001010111101010011000010110
001010001000100001001111010000101000001100101000111011010010
011100100010010001001000011111000011001110101101001111100100
010110000001101000111011110011001100110010101001011001010110
001001010110010011100101001010001111011100100001011011000111
001010010010010101011000011011111011111111001011001011010100
101010011101001111100000011001111010111110001010011100110110
