000000100101011000100001010010110110011001011110011100100110
011110010000000010000010001110011000011100110111101100101000
110111100111100101011011011011001001001100110111000100010000
100101001010100101111101111111100011101001100000010011001001
110001101111111110010100101010001100011010111000000010111111
010110100010001011111100010111000111111101110111010000100110
001001100000010111100110100100111001100110100010111010001001
011001110010010000001111101011000000111001011111111110000000
000100001101001011010010100001010001001011010100101111110011
010011011011010110111001111001011011010011110011000000100001
001100111101100110101100100011110111010100011101010110010000
001000100110110001001100011110011010000101111000101101111010
011000000101111111011010110111110101101111011000100101111010
101110100001011100100111101111001100010101111110111100100100
011000010001100110111010110101000100101001100101110011111010
110011011101001000011100011000001000000001011011101100101000
011010010001111010001111011010101111011001100101001101110111
111001000100110000001111011110110110011111110110101101110110
001001111001101000110011110111111000110110010110111111110100
001100011101010110000011010011000111000011001100111101000010
110101010010110110001001110110000011101010011001001011101001
110000000010010111001100011001110010000101110011011100011000
011101001111111110011010001111010001010001110101001000000111
101011011011110010111010100101110010110101100011011000010101
111110000110110110101011000010001100110001000001011101000111
101011000100011110100000001101100010100000110001010001101110
000110010100000010110100110001001101110111100101010010111001
100101010110111010000011011001111110011011000011000100001001
111001001000010100011110111000101110111010101000011011001110
100001110111011110101100110101011001011001100111010101110111
011001001010111010010111110101110110010011001100110101000001
101011001010010101011010010101010111000110011010010011111011
000111111010100010100011100000001100011101000000001001010001
010101110011000001000111101111000100011000101000111000000001
011111101001100010011000101100011000111010101000000100101111
001110111101111010010110010010100011001110011000000101110001
110100101101111011010110000000011110100011001110111100111101
000110110001000011010000101011001110010010001110111001110111
001010110010010101011010110100100011101111100100101001110011
001101110111111011110110000111010000001001101000110101010010
