100000111111001100101110001111000110100011110011001010101000
001110101000100010011011011011100000001000101001110000000101
010010111110101010101010000101010111000001100011000100110000
100010000001001001001010001111101000000011011000101110001111
010101001100100101100110111111000000000001111000100000001110
101010110100100011111011110110000110111001100011110000010101
110000110010100010010000000001110010011100111101010000001011
011101010100100000001101011101000000001110100011111011001000
101011101000110010111111100001101110000001000001101011011001
010100101010110110111000000111001111101101111000100110100111
101011010010100100111100111000101010101111110111100110010111
100111101110110101011110000001101100101101011110000010011000
101100100101010110100101001110010011001110101001100000111010
000111011001000000101011110100111101110101000011100001011000
011010100011011110101001010110110101100011100111010011001010
100011110001000111001100001011100011011100110000001001111101
110101010011011001111010100001111011000010010000111101100101
100001100000010001010010101100111101100111001010111010011010
011001111000101000001111010111101010100000111011110010100001
110010011101100001111010001110000100011110101010111101010101
001110110001100111110010000100101111111100100101011011001110
001100110010011000001010100011010111101011011101000100111100
011010101101101000110111000001011010111001010110101011010100
111001100001001000101100110110001110010101000000101000011000
101111010001100001101101111000011100000111001010000000100011
100111110011011101111000001011010010000111001110111101010110
100110111100111000010011000111101110111001011111101111010111
100011010010101011110010100001100100011111101010101010010101
010001011111100000001101010010111110000101111001110101110011
101010101010100001111000001101100100010010111101101101000001
101101010110111110001011110000100110001100000000011100011111
111010111110100101001011000110110111010010000110101001010111
000001001111000000111001110010001000111010101000010010111100
110110101001111101110110000010010000100100000111000111101100
111001010111000101001000010010011101010000110000000011010001
001110010101110111011110111100110100111011101100000110000110
011000001001110110001010011100001000001111111011111000001001
101110010100001000011000000111001101000001001110110110000011
110111111010110111110001111001111001110110011000001010011110
101101011101000011011110110010011100110000010000111010111010
