100111100000000000101101001000111101010010100000000010100100
001010110010100011110010001110010001000111100010011100100111
101101011010110001100101100110110011110001101110100001011110
001111111000110111110101010010011010111111010101110101111111
011010110010011000100111000101100101001110111100010101101100
001010010011001010011111111011000111110111101001010011111001
011100000110110110001111111000010101011001000011010001100111
011101001010011000011011110101001000110111110100010101110110
110011111101000010010101011111100100001010110000100010111100
111100101010010111011111110111111010100101011011111100101110
111110110010011011110111011001001111011011100110111101000000
000100100001001100001001011001111000111111010001011001001001
011000011100001101000001010101001111000101010110011111110110
011111100111100000111001000110001111010010000101001001101110
011100000001110111001001100001010000100111100001111100111101
110100011101100011010111010001001110111000000111111011110011
001000111001100101111111111101110110110000000001010001100101
010000100100011000110101011101010010111011001110011010111011
001111010101010001001000111100111010011001110000111010010011
110111111111000000010000110111110011110001001110111110000001
010111110101110101111100001101010111100101010010100110001101
011010110001000001101011000101000011110001011110110010110110
110101101001111010010001100100011100001101011110000001100011
111101110000101000001000110101110010100101110001011110101100
100000010101011101001101010001111111100010011011000111001101
011100110001000011000011011100011010011110000101011011100011
000111000110100001011100101100001000111011010110010000100000
100010010000000001011010010000010100000001100000001010011000
110010010001000001010111111110111101001001110001111000101010
101011100010100110001110001011111100101101101010010101100110
001110010100101010000000110101111000111011000010010101010100
011110001001010101010101011011111000010010111111000011010000
000010000001010110010100000001111010111011011100101011010011
010111000011110100000100011000100101110011110110111101110110
010010110011010011101000011111110000011101000101010100100010
000110101001110000101001001111111000010111111111010111010111
011111110101101110110011000010000010110000111001011001101100
111111110110010110000011110110111110001100010111110001000111
000111111010010111001110111100111001011011001101100111100001
101010011110000010110101010111111110001001110101011101011000
