001000011001001110010110010011101111111100100000101100110111
011110000111101100000100000000110010110111000100110101001001
001111011001110011111111010011111111101101010111010100001011
101010011001010010001000011011101110100011100000010111010001
010101000110000000010000100110010000100011111001110000011100
101110101010000100000101100100111001110000110101101110110001
010010100010101100110110111110100000010010001101101111110001
110100110011010111001101001110100011100111000111110101000001
100011001111100100100110100011101101110000111000001010011000
111000111110110010001000010010111011111000001101000101001111
000101100001010010001111010110100111011011000110000110000010
101011111111000001010110001100001101101010001111110111110101
101101111110010101111011000100010101000011111101110111011111
110000010010000000111100111110100110100101111011101011000000
111111011101101100101010101011011000001101101011000110111100
011001001000001000011011001110100100101010001001000101011110
101000100010001011000100101111011100011011001000101100011010
010001000000100011011010001110010100111100100111011000010010
001110000001000110010011111001011011000101000001111100101110
101011001110001001011010000001111110010110111001011010101110
100011000100101110010010111100101101110000001101101000110100
101001100001101001000110110110100011101011000100111000111001
010110011010011001110001010110110000111011000110011111011111
111011110101010111001110010111101101000011111000100001111110
111110100111011110000100110001010111110001100100110111111000
100111101110110100100011010000101101101010110001100110101110
111111010011000011010010010010001110101111010010110010110011
000110010101001001001111101010100011111010010010000100110101
000101110001111101101101010011110001010001011100001101110111
101100000110111000011000100010011001101001000100110110101000
001100100011011001000110001011011110010001001111111111100010
001101110010011001001100101111011101000111010101100101001100
001010101100000000001111111000000000111101001101101111001010
111011101111110111110001100000000000101101011001010011111010
000001010010011110100010100011111011101110110111101100110111
010111011000110110100100001000011001101110110111111111101101
100011000100101001101000011101000111110000001110000010001010
000101100011111011010011000000001000110111001110100100011001
001001111111110111000011110010011011011101100110100110001110
000011111111000111101000001010000001101011001111100100010111
