101010110011101000010110001101001010000111010111010001000011
101011111000100001111100111000011101111001100001100110101100
100101000101000010100001100011111010000110010110111111100010
111101111000111101100011111010001101101001010111101101011111
011110001001101100101110011011111000010101110000111111001111
010011000111100101110010010111111000011010001011111111001101
000100010100111011101101011010101110101011010010111100101011
010000000000111010100001101100000011000111111100100111001100
110111111000101111010000111010000100110001011001100111111010
110001001111010101111100110010101010110001010000010101101101
001100000000101011100100101001010000001000110111111111100001
101000100111000010100100011000111010000011010110001111101100
001000001001011101101100010000001100101101100010110000101111
011110011010001000000100100100110001011100100000101110010110
011011001010111000011011000010101110110001000010010000101011
000100010100100100111000100100100110101110010110001111010001
111001101110011011110110100010000010000010101001001111111111
000000001101101011101100011110001010111111101000010101111001
010001010000001001111101001000001001101010000101010010011111
111010111000110101111111110010110100001000101100000100100001
001011010111101111111001000110110010000011000010010111100000
000000000001101001011111111110001111111010010000000100101101
110110011010001001011000000100111001000011001001011000010100
001101011111100100001111111001000111011001100000000110110011
010010001010101010111010101110010011011111001110100010001101
010011011110100001000110010001011010001110010010111110110111
001110000100111011010100011001110101001001101011001100000110
110010101011110111000011101000100111101110001010111101110110
001000010011111110011010110001001001111000010111001000000110
000010010110001110100110010000111100000111001011011110011111
011011100111111011000011010001101101101000110011001100111011
011111011100111000010110111110010101101010010101001111001101
100010100001110101110011111101110110011010101101010110100001
000001111101010000100101011000011111001100111010100111001100
101111000000011000010101000110101100011100111001000010110011
001000100011101001100110010100001100010001010100100011000101
011001111000110001001101101010011001111100111101101110010111
011100000111110111101000001001010100110100001011000011101101
001010101011101000010000000110111111110010011101101101011111
001001000011111000001110010111000010110011011010100101001100
