100011110011011001000100000000100001101010100110110010000011
100010010000000110000111100001111110100011101011001101100100
001110011110110010011101000010011111101001010101000100100101
011011000111001000101000101111100011010011010100100000001111
110000101101100100010001001100111111110010000000110111000010
000000101111101110100111100110000001101111011110110111100101
011000010011000110110001111110110111110011010101111110100111
101010011011100000111110010000111110110000001000101000001001
001111001110000111001110100001011100110110010001011001010111
000011111110100100001011111110000010101110100001010111111101
100000101111111001011011111011011111101000101101011001101111
000000110100000111111111110001001001110101111101000001101101
011100101110111011011110111111001001011000101101101110111000
111111101001000011010000110101010000011011110010110011110101
010110011011110100110111001101101101101001100000100101110011
110010001010011101100001111111001111100001110011100001001011
111011111100100000011101101001110100010110110100100001010000
101010111100100100011100000110010111100000010001101110100000
010011010011011111111100101110011001000100001101011101010110
100110110000011110001101000101111010001000101000101110110000
001011010110110001100001000010001111100010000100000000101010
000000010101110011010111000100011010011000100110110010000100
001101110110111100100011010110110101100111001001011100001000
001100111100000110111000110111011010011011110100110001110100
001000101011010010010110111101101100011001010100100011100101
101011110010000011101011000010011001100101011011010011001010
111110010101111001111100011000110011111100000010000110110111
010100011001010001111101101011111101100111011010010000011100
010111101011111000011010000010011001001010010100000101101110
001001101001011100001011110110101111000111011001101000001110
101110011101001010110000101010100110101010011010010001001010
011001010100010110000011110111011011100011100100000010101100
010100111000110001110011110001101100110110111010101001110100
010011001110011100100100101110111100000100111101111001010011
000010101001001100000011100010110110100011111011100001101001
100010110100010001001111110000001000100000000010100011111011
011011110010011111011010001101000011111000111110001110010010
010010111101001111110110001110011111111001110001000011010011
000101011010001100001111111011011100100000111111110110011110
100011110010001101010011101010011101100011100110011110010001
