000001011000010001111101111101111011100001110101000011111100
000100111010011101110111100010001101000101001011101010000010
000000111010101001011111001100011000111110111101010010001100
010010000100100100011101010111111110100000100000001100111000
111111011000000110010010111110011111101100011010000110100010
011001110111100001100010010000001100101011100100001101110100
101000001011110111101101111001101001001011011010010011111010
100110111101110111001011011100100110100110110010011001100110
001111101110000011111110011110110100000100010010111111011110
000100100100000101000111110100011101101111001110010010011011
101010010111010100111100011001111000010101110011110101000000
111101001111111000001000011100011001001011101101110111000000
101011110111110101100111110000001101101011000110110110110010
101100100001011000111100101111011011011111101011111101011000
100101100011100001000111010110101000000110001011000101111001
111110001000001111000110111100001010011111001100000011100001
111100101100110001010011100000010111111010011100100010111100
000010010000100110000011011111001010101011011101110011000000
110111111111000110100011010110101100100111111100110000001001
100111101101111000000111100000101011000100101000010000010101
011101111001111001111011100111110000100101011111000100101000
101101001111110101100111101010101111110111101001100110100010
101001011010100111000000101000100100010111000110010000111000
011100111000110001100011001101110000001011100011010110010001
001110110001011111101111101001110110000111010101101010011000
111101000001111111010001111101110001001101011011011010010111
010100000011010001000001010000011111100110101111101111100111
110010000100001101001111000010110000000101110101010010101100
000001111110000100101010001000110111110000010000110110010110
101001111011111010111010100111111001010001000011111001100000
110110101011000010101111110110001001011100011111100000111100
000011110010100111101101101110000010010111001100011011000001
000101010010000110101010001100101011100111010011100000011100
011011111111011000101010010101010110111011110001001101101001
101010110000110001011101011100000101110110100000110101010100
010111100110001001010010011110001000001110111100100000100001
001110111111110111111011001011110010010010100010100010101001
000000000000011001111010111101111111101010101101001100100001
111101000011011110011001100000100000011111000101001010110000
101110111100101010001101100111011000001011100011011010111100
