001110100111101001101100011001110101001010111001111101100000101111010110010010001111000111001101000100101111110101000000001010001110101100111110000101100101010110101011101010010001
011110111010001111101101010100010001000110001010011000110101100011001101111010001010010100011100011100100001100000100101000000011001011001101001010010101001100011000111101000000111
011000100001001111010100011011000111101100000010010000011100100001100010100001001010111000001001010100111100001001101111000111001100100000011101100001111000100111011010111101111110
000001011010101110001100011100100011011001001111110110011101100011101110111001100101011110010010010000000001000100101100010101101000100000010111000100001101110000101011100001001110
100101001100100011111011010001101100010111000010001001011100100110011000101110010011100010001101000111100100011100111101100011000010010010100100011101101011000010001100011010011101
001000001011101011000111101011101001000011011011100110011100101011001010100110100110110001000111010000000010111000100101111110001100010001101000110010001110101101010011001110100111
101001100100001111111100001110111000100010001100110101111010100011111001110000000111110000001101000000101011100101101111111001011011101000010111010111010111100110010111010001010101
000011001111001110001010100001100110001100111111011100001011101011100101011011000011001001111001001100001110010100011010100110101011000111110011110111110010000110101110110100110101
111110001100011111011111000010011111110011100011001100011101111010001111011001110001011010000100001110111101110111100100000000001100001010010001100000110010111001111001110110000001
101101111111011100010011110110111010100011111100110000101111101101011011000011000011111010101101001010110011011100000011010101111101010111000011111011010010111011110001100000000101
000101111111000100110000000111100011101010110111011001110100101000000101010011100010011000100111001010110110011100001011001110101100101111111111100101011100110111010001101000001010
100101101001111011101010110110010110111011101101000011001101001111011110101000011100011001110010001100010000100111000000101011011110100000101001000100100010100001010010011010100001
110000100111010100111011110010011000010101100110100000111010010101011111011101101100010001011011010010111101111011100010101110001110111101100101110110001000100010010010011000100010
110111000000101000000100001100100111010001011001000001111100110001010000001100100111110011011001010110011100100000000001011001100110100111001111111010100101110111010111100101101111
001101101000101011001010111010111101010000001110010000100011000111011111001111110100101111000110101000110001100111010010101100000011011111101101000101100110110111100001000001111111
100001010110010001100101010010010111110101100010000101000001001000110001111001111000011101111101111101000010011001010101101000100101000000100010001000000011100101111101101000111100
010100010100100001101011110110011111000011110101011011000100010001001000011111101011011100110001011011000111011110110011101100000110101010000010110011011101001111110111101001001010
100000011010010000110001101101000001010101110100000110001001000010110111010010001010110011000011001111010101011111011000011010001010111111001000011110011000011111100100111000101110
011101101010010101110101100110101100100101111100001101011001011111011010010011100010100011001111100000101100010100011100010000000001010000111100000001101111001111110111111111000001
010011011010001010001011101111101000010010100111101110110001110000001011011101111100101000010010101110101011101011010110100110101110001110101010110001000000110010001011011000110100
001101000110001001010000111000101011100100000001001110110100100111000011000000001111011001010010011011100111001010110111111111110010010011011100100110010001111000011110001010000111
101011101101010001001010110000110000100100011011011100100011001110100110110010101100101101100001111111110100101100010110111100001110011100100011100100100001110101110011101101010110
101000111101101010100010111110110111010010100111110101100000110111110000001101100000100000100101101010101101111110100111001000110010001011001101000110010011000001111101101101000111
110000000000110010001001101011100101000001010011100000101001000011001000011110110010010001001011011011101101000010011101001110010101010110110011111000000011011001010101101111001001
000111010111000110000100001000111000010011011011110010100110100101000010101001111111101001010110011101100110111001100000010011100101100001000010000100100100100001110000001001000101
001100011100111000100110001101101110000011001001011100011011101000010101000110011000110011000100101100010010110001110001110110111110100010000100101001000110010000011000100010111101
111111001001110010101111001100110001000010000111111100010001100001110001100101111001001111100110100101111010010101000010100001001001001011101111110010011101011010011110111100011001
111001110110000000100001111101111110101010001000110100001011111011011000111110101100010000000110100011111100000100111010001100110011001010110000001100100110100010001100100000100101
010110010011011111010010101000001111010101001010011100101000011100010101011100000111110010101111000000100010110001010010011011101011001111000010101101001101101011011101000010011001
101011101100110010011011010011010111000111000111000001111011100011111011110101101001110101000110010100001110010011110111010000010111101010100010010001110101001001000010011101011111
001110110111001001101100110101010001110110101110010010111010011000110110100110111101101100001111001101110011010101100010111101100111001001000011011001111010110100110100011101010101
111011000000111110100011100111100111001111110110110000101111001110100000101101101111111011101110110101100111011101010011110011010111100111000001001001001111100110101100110010001111
101111010111001011010010011110101111011111111111011111010010011100000001010101011010100111000001001010000001110100101110110011010010011011000101100101011001111010001100010111111110
011111110011000010101000110011101100110100001111011001100111001101100100110011100010111100011000101000001001011110101000101101111100001100000010101010010111000110011000010101001110
100100110011000100100011000111110010010011001010100110101100100000011111000001111101010000110111010101011111110001111011011110101110101101010100000001010000010010101100001010110111
010110001001111001011110000111110001101100010101010011111111011110110011101000010001100000010100000101000010010101100101010110111011010011011111100010100001111011001111110000101100
011001111111110110100111110011001110000011110111001000100101000000100110100101011110100011011010000001110101100010111111010000100001010101010100010111100000010000011101100010110011
011101101110110110000001000001110011000001111110110101001111010111001110001110100110000110111101010001000010010110111100100011011001111100011101001000100111110010101011101011001011
110100100000101100000001100011001001001001101000000100011011011011001011110011000111001010000111111111100100100111000010010100111000111100111110101110010100011111010101110100011100
111100101100101111100001001000000001111110001001100111101101100000010010001010101000001110010010000000110111100110110011101110001100011101101010100000001000010100001111101101101101
010011001001000110001111000101100101011000110000111010000011101001101110110100001100000110100100010110010001011000111010011101000100111101101101010101000111010110111000011110100101
001111001000001101000001011110011011001101000001111000011000010111100011001011010110011010001111010111001011110111110100011001100100001110001010110000010000100011111011100110110000
111100011011111111101110101100011101101000111110110001000110110010111101000111111001010101100011011010100110111011000011001011010010011010100011111010001010100010110110101011100000
010101101111010111111101110110101110101100110010110010100001001010100000110100010111110001100110000000010000111010001011011111000100111101111000111101010110011010101011011010001111
100001010111010110000010101000000110101111110001000110110110100100011101111010000111100111100101111101000010000110110100000010111000110111111100100100101010001011101100000100110111
000110011011010000101111001111111010011000110011011101010110011011111111111001111100100000101000010011101100110010011111111011001000001100110101011110101101000100011011010011110110
100110000000111100001001111000100110011110111111000100001001001111101110111101010000010101000101101101111001010110001001100001111010110100101000010011000111010100000000010010100111
101110011011011101111110101100010011101101100111110111110011001001011111101110011000011001001101110111110011011010101101011001101100101101000110000001010000111110001110001000101101
100001100101011100101100011101010000101000101001100111010111110010011110010001110100000010001011111111000011000101100101011101001101010100110100100001001100000011010001100101101100
100100011110100000111011000111001111001101110001011111101000001111011110110010101011110100101011101010101011010100110101100000111111111000100000101001111000111100000001001100001101
100011101100100100100110001010100010100101110101110110010001110100001100100111010000000110111100000010101101001000001101110000110010110100100100100100001011000010011001011111010110
011110110001000010101010110010111011011110100000100000110101011101110011001010111110001111011111000000100000000101111000001011111001011101101111011001001110000011010011110001011010
001010111000000001001101000111101101111001111001110111111111000111111010010000001101000000110101010000101100010101101101100000110011010001011110100110100010000001000001011010011000
000010100111100100001011110010011111110000011101010010000101110011010001110000101010110011110100101110000100100110110101101111101100100100000110110100001100001101011001010111001101
111100101011001000101010011001010100101000110110010010101001010000111111111010111101110011010101001111100101011011110001101001100100101011001001110100111000110010110101100011100010
011100010001010000011100000111001001110011001101101011000001111100100111010011100000111110111100011011011111110000001110111101011100000010011011100011011000100111001110011010010000
001111000011110001101010010110101110100010011111011110000101100101001100111101011101001101001100100001000100001011000010101011001100001110011010011100100001111111011110010110111100
010110000010101000101101001000000010010101010001101111110010001001001101111110011001000001100111111111101100111010111010100001110000011000100000100100001111110001101101001101001010
111101011100001000100100110101111011000100001100100001111110101101111000000011001001001010011111110101110011010101111011010001110001000101001100010101101001100100101100111010111110
111000000111001100011011011001111110000001111110111010010111001110001101111000001001000100101001010110010000000000001101011101001000001001110001001101010101101001010000111010111101
110010010010011110011101000111001001101010010111010010010010110111100110000101001100100101100010101000001000100111101101100111111010011000110001010001100101000010011010111000001010
001101101101101101110000000101000101100111010101111000100101011110011011001110001001000000000100101001001010100111011011011110111000010001011010010010000000100101000111100000011111
100111010001110101111010111101101100010101010010100111100101111110001101111010100110100110010110010010010111101111001011010011111100001010010110111001111010011101111010111110111101
011110010111010100010000111010110110010000110100100001001001100001010111100111011100011000010010100010011111011110101101001011010011100010110001100101111100101001101110110111011000
101101100001001000101110110010011100111111001101101010101001110101011000010110110001110110001011110110010001011110000110101101100000110100101110101101111101100101011000001110000111
100011101010100100011010010111001101100010101011100111010001010110100101010101001011000001101000110100000110111001100000100000011000010001111010110001100100110001000100001111111000
100110110111011111010100110010100011110011010011111101110100001100100110011010100010010111100100101110100100011001111101101100010100101010110111101001011111010101110001110100010010
010110110101110101010010001100111001010001101010001101010011000001011000101101100010111001100001110100111111001101010101011100100110111110110110100010100101110001001010010001100110
100110011101111100111001111010001100010001010111110110000101011011101111001001010110001000100000101011000011101111110111110011000010001000110000011111110010111111010111000001100000
010010101000110001101010110111001101100111110100001111101001000001101010110001010111010100101010101110100101101000101001001111101101101010001110001110010100011101000001001111111101
110010000011101010100011010001100110010101110011110010110110110010111101010010100101001111000000101010110101101101000101101110110100111000110111001000100011000010110010011101000101
110110111110101111101010110101001110111111010001100100010000010011110000111011100011100111100101101110110110001010110110000101011110000110010000111010101011110110010110001010111011
010101101100101001000101110110110001111100111101110110111000101001000011000110100010110000001111000111001100101110011110011110110011010000011111001010011000101111011111001011111011
011010101010101101010010101110100010011000101000011011010010010001111001001011010000111001000010101111101101011110110010111111001100000001010010011000110101110001111111111100111001
010110111111001111010101110000111100000111010011001100011111000111111001000011011001111000011101111000110000111100000100100100011110001001010111100010001101011101101100011010010101
001001101110100100100101100111111111001100101010010100110111000001110010101111100011110101010001011000000010110000000110010010001111011011010101011100010000110111000001101111011011
110111111111011101101011100100000010110100110010011101011011001010011111101111000010001010001000011010001111000101010000011101101110101100011100010101110110001010001111000111000010
000111110010111100111100110100001001001101000110001000111100110111001100110110101100110100010001000000011100100111110010100111001000101100000111001000100101100011110101110111100001
001110000011101111111000011010010011000100001101010101100100100101011001111110010001010101111111100110011011010110110101011001101010100110101101111011111001111000011101010000010010
001011100111011011011001000000000011110100011000001100010101010011001010111110000001100011111100000000111101000100000101100001110010000111101100100110101100111010111110101011000011
111111011011110010011101110011010010010100001100011101011010010110110010000010001011111010011011001111010110111101011101000101000100111011110101110000110110100011101010100011110101
101111011011000011001101010000011101010000100111111110111000001100111001000101001000010101010100111110101100101111001001011001011010101101001100110101011000110110100111000101110110
001001000000001011000110100100110010000000110000001001110011000111001000101000111101000011011101011000001111001000011101101011000010000100010010100000101010101101110101110111000000
001010001011011011111110001100001100101000011000000010100110100101101011001010011011110100101011101101001001100101111110011111101101001110110001010100001011010011111010100101011100
100100111110001010111101011000011011100101001111111010100110101111011100110011011101101100000111000110011000101110100100010110111111100001001011011110101010101111100011111001001010
000000011100101000000010011000110011011001111110110010010101110000010011001001011001100011111000011010101110111011111000100100000111001001111001000101110100111001110101000010111011
001110110100010010101100111101000111000010110100111100011000011101001001110001101110101001010101000010111000111000001010001001011101110110000011000110111011110110000110000111111011
011000101000100010111100110110111010111101100101111000011011101000101101111010110110010101111010001110111111011001110011000101100010111101001100100010001101111001000100110011001010
110010101001111110000101110000111111000001110000101011000100011011111100000101000001000110101111100101111011000101110010010100110111010011010001111111101100100001010111100010001111
101011100011111111001111100011000010011010011001011000000100100010001001110011111100001110000011100000010110011000100100100100100101100011110011001011010101111010101001101000001110
001001001110001110101111111101011011111000000011110111010011011010100010100101111000000010100000010011001100000000100110010101100000101111101101101110110011010111011011111001110100
000110111101110001111010010011010100110100011000101010111000110011001010010111101001100011100000110001010101011110110101010110111110000110111100101111110010011100010111000000100000
000111010001010110010101010101111010101000001011000010111001001100110101100011101101100000101100000000100101111100001000100101100111100010011000001001011101000001000111011010101000
110110000100010011110111010110010010111011001001011100101001010010111111000011011001000110011001101001011000100010011111110101111111110110110010011011000011011110110111000010000111
010100110011110000000011111010100010010101101110101101110100010101010101100010111001111001101010110110101100101010000100101110101001110110101010111111011100010010110110010110110101
010010001110001011010100000110000011001100010010010011000010000011011110110100111010111010011001010001111110000000001111100000011111110110111011000011011100100000011010101001011110
001000101010010011101000101000101000001101011000100110011110001010100100101000101111101111000100000000100011000101001011001000110100100010111100000101010101001001101000111111110110
101111100001110101110100001001011110111000110111111100000100000100100000010001101011101001000000111011001010101000100100110101000110011101111000000011011111101000000001100111011000
110011110000001000001001110011000111111100101000000010111011110010010101010010110101101001100011111000100111111100100001000011110100100010001101000000011100001001101111001101110011
100010111101001100010101000010001001001011010111111111101111010100011100111111010111101110100100101100100001011111001000000010101000100010101000101010010100110100000111111111010100
