000000111101111100111001101101100101010010011011010111010001
100111101111010001101100010001100011100001000001101000000100
111111011100001011101101101000011111101001100100100111110000
101000111001111110101000001000001101101011010110101111010001
101110000010110001100011000011011010010001011010111011010011
100010001001010110111011000111110111111110010100110010111100
111111100011001101000000000101011110101000011001111011100001
011101000000001100010011111111110011110111001001010011110011
000101111011010111110001101111101101100000101110111011100011
111101011111110100000100110001111000100001101011010110101110
001110000110011010011110111011000010001100110100110101100100
101100000110011000010010001110100010000110010110010111000000
000111000100000101011011110011111111001110101000000011101011
011001101111111011010111010001000010101101001100111101101010
011100111000100100011000010011010000101110010001100111001111
101010101111011110010110111111000010011000101000110101110110
110111010000010110110111111000000111010100001110001000010101
110111101001001100010000110000110110100001000100000010001110
010111001111010000010100010110000110100110110011010010001000
100101111011010010010011001101001111101111000101001000101001
010110101000110100101110100000111111011011010000100110001001
110001110100101110010101001011100110100100000001100110110110
110001001110000100111111010100010110100111101110001000110010
110000010011100101011001101100001000001011011101101000000101
100100011000001001100011001111110101111110010010001001011110
001100100101110001000001011101110111101110001000010111110111
011110011001000010001001001010011001100000000010011111111101
010011000111101000010111011000001010111010010011001011010110
111111101000100111011101000000011100111101010010010011100111
000101110010011010101111110100110010011101111111110100010110
000110100100000101011110011111111011000101000010011111010100
101000011101100010101011010111011110001101001110000010101000
100010110100111110101011000000101011010111010000111111110100
110101100001100110011011110000010100101100000111010110010000
100101000110000111010110001100110111010110111001001000001010
101100100110011110001001000000011011101010111110010010111110
001100100101000101110111011100110001100110010101110111011110
101100010011011011010010100001110101010000100000001001111011
101010010000000101001101001010110001011101000101101101111010
000001101011111111111000100100000011100111100100000001101000
