101000111101111101000101000100100101111010110100010111010101
101111101101100000011011011010001000101000110000001101000101
011100110000010010001100111101011001111000011001001111100011
111110101100100101010101000011010010101101110101101110011111
011011110111111111000101110001001011001010101000110111101000
110101101110011111101010110101010100001100100101010111001010
101111011100001110010000110100101011110010001100011101100001
000111100111001101100011001110100001010111100100001110111101
111100011010100000011010000011100000111111010100011001110110
100011101000111101010110001000010001100111101010000111100010
110000010110101011001101111000111011001000000010111110000001
110000000000011000100101101001101011010001101001000010011010
110010100110010000101010100000100001011000111001100001111101
000110101101000100111001111100100011111000111001010010000101
101000110110010010111100110001011000101011101100110100101011
111101000010010110100101010001110110000001101110011101100011
111000011001101111001000100111100111110100101011111111011100
110010101001111001111110011101100001110000110011000111100101
011000101010110110001001011010001100110101111111111111001011
110000111111101001100111101110101101001101100110101110010010
001010000011111110001111110100101001000110000110011110010010
111000100111011110101110101111000001011100110001000000111011
011110100011011011001111001100010110101110110101011100111110
110001000111111111010100011110011011010001111011101110101110
111110000001010010010001000111100011000011101000000001000100
000001111100001110010011100100110010100111100100101111000010
101001101011011111011001010100010110010100100001011001100100
111001110101000110010101100111111100000010001010011011100010
110011101111111100010000001101110100011011011110001010010001
100011111110110011110000011111001001100000111100000101101011
111011100001101000100011100001010001001111000010000010101100
100110010110111101110000011010011110001110100110011011011000
101110001100101111110101001110111010000101101101111011010001
000110001111010011101100101111110000011010111000111101000001
100111010110000101010100010110010101001101000011010100100111
010011100110101110001010101011110010110011110001111101011111
111110011100111100110100100110101101010110000100011001001100
011111011010100110100111001111110111110000100001011011001010
011001101110010001000100100100111100101101110011001010111111
011001000011110100010010111100001100010101110000001001011111
