100110111011010010101010100101100000011110000011010110001010
010001000001001100101010001101011100000011111100010011000001
100110111101010111100101010010100101000011011100011010100011
100110111010111111110010001101010000000111000010101111010110
000010110110110011000001101100101101110100101011111010001111
110000000011100000010110000111011011100011001100001011100000
010110100111100100111001101000101001001001000111010110000001
000000110000010111000100011011111001100100101011101011001100
101011001111101100100010010000011010011110000010010001111011
010100000100111111001001001110100111000101101110101101110000
100001110101000101000101111011011001001001100010011100101101
010000011110110111001000110010010001001101011101011011101000
001110101011001101101111001000111011101011100001011000110000
111111110011100101001010001011011100101110010001101010111111
010001100011000011110111101110100001111111110110111011100011
101010011110110101001001000101011011011000100110001100010001
111111100001010010000111111100100010110011001101101101001011
101001101010011101000010110101110011111100110000001011101100
011111010110101010111000100100010101000111101101001001111101
110100010011001110111010101001110110111010101111110001101010
101001010011110000010110101010000010000111010011111000000101
001111100110011000010001001100110011100001001110000100010111
000100000111011011000001110100101101011100110101100001101100
101011011000100000101011111010110110001001100110110101111011
100100100011111110110110101010111111111000100101100000001000
111110011110100110100011010010100000001110001101101000111100
001001111010000011111100000101100100000111010010100100111000
111110000110000000100110001101010110011101101111111011111011
110000101111101101010111000001101000101000010011000001100001
101100000110011011000101110000011001110011000010010001000101
100111110111100011001111010101010000100110101010110001110010
000011010010001010001101011000011010110110010011001111110110
100100000110011100000000110100110111110101010010010000010111
100011001001110111100001100110110011101001101100010010101101
100001001010011100101010111100110010011110000000101010111010
101111100010010100111011100010000010011011101011100011111010
001011101100001110010101111101101000010010001111110111010001
001110011010101001000100011000001000111001101010100110000111
101010011111000011001011011000111001100001010011110110001000
111010111100100100001000110110101100001000000110101000001011
