011011010011100010001011010001010000011111001010001011010110
010010000111000111101100001000110011000101001011100011100111
011101010111011111100111001111001101111011111111101101010010
110011101010010111101001000100110101100010111110111000011001
111010111000100011001001100110110011110110101011001110011000
111001011000100001001011100101110001011101101000111101000110
101011010001001000100111100000111001010011000110110001000000
001110011110111101110000111001110100011001001000010001001001
000111010010011011101100001110011000001001101101010001101011
110110001100101000011100101001100100101111101110111011100111
001101110001000001100110111001011010101011101001011110000100
001010000100000001110011110000010000001101001101011011000110
000010010111100011001100010000100111011111000001111100001001
011001001100110100010001100010101010100101000111101110101001
100110010100110110011101101000001111110110111001011001111110
100011101001101001101111011010011100110110100101011111111010
101011011110111110001100111111101101000010011011111000101100
100110110101100010001000100011111111001101000100111110111111
011111111100000101111111100111110110110110001000110010111010
101101001101100000101111110010010010001000111011100100110000
001000100111111010011011111011001001010101011001010000000110
101100100111001110100111001010000110010011011011101000010010
111001010110100100100011001111010000110010100011011010011110
010001101111110011111110011011101001101011110100100000110011
111000001010100101101011111110100011000110101111010010011001
000110010111000010100100000001100010111101110001110011100101
101011011001000001110111101101110101110000011001011000011100
100110011001111011100010011000011001011000011110000100100110
000100111101111000110011111111101101111011011000111110011110
110010010011111010111100000011010000011111000001110010110111
100001110101010101101000110100001100010111010010101111100100
110011011000000110000001001000101101001000011000000000100111
010011011101101001001011011001000111010111001110011110111110
101100010000111111000011000111010011110110001101011111100000
110011110101001000010110111011010100100110101101010001010010
000011101101011010101110100010110000010101010010100110011011
010000000101010001101111001100111011010111100101000001110101
100101111011011101100111000101111011011001001000010101111110
001111010001100111011011011010100000111100011011110011100100
000000100110100010100000000100100001101000100100001101001100
