000101100011101100100000100110010011000011000111011011011101
001100110101001101010101001110000001011111110011011001101110
111101011011110101100010110000100111110011101000111010100100
110001000010011011100010100111000101000010100110101101000110
011010010111100100100000101010000011011001010010000011000101
101100110110110101110100101000111111110100001010001010001111
111100001010000101011110111001000111100000100000001001010111
011011110111111100010010101010111101101101100010111000011100
011110000010011001110001000111001000001100101011001000101111
000110111111010001001010001100000010101011111011010001111101
001100000010110101011101110011001101010010100011101001111001
111111110101100110101100010101000110110110000111110011100101
100100111000101001100000101000100110000101100101110000100111
111101100110101001000011001101010101111101010100000101010011
100110011011001010100001000010001100111011011110001110100011
101111100111101001010111011101010011110101110100111010001111
001111100011010111110000000001001111011000111111010101101100
100011010001000111010100111000101011101110010111000100101110
011101010011111000001000011011111000100010110010011000010011
011001001110101010110010010111110010111110001010010011110000
110001001010101000001000001101111111110110110010100111010000
111110000011100011100011011101101001101000111010010000010100
100010111011110010110101100111100010001111010100011000110111
111110011110010101111100011101110011000010001100001101101100
010110101001001001101101010101111110100010010000101101111110
110111100011101010111111000010001000101000110101011110110100
011101101001101000110001010000001010100110101001010110001111
010001011111100110010100101011000101010110111100101010000111
111011011110000000110000010100110001001000101011111111110010
101001100100001100110100011011001000101111011011001011011011
001111101010011100110011011010000011000001111101000101110111
000010101111101010001011001011100100000101000010000010001100
010110111111100010101101111100010110001001101010000101010000
010011111110010001111011001100011011011101000111000000000011
110010100110001111101011100100100111011101000110101000001101
011101010101100100011001011011101101101111000011110000100001
000110100101010011001011011110011001111000101100010100101111
100000111010110001111101110111101101011110110011110001001001
100101010100001110111001110101100000100100111111010110100100
011000011111111101011111001110011101100001001010111010011011
