111011011011011011111111000100101101011110001111110010000101
101110101101100101001011001110100110100101000101011101011110
111000001111111010010101100000000010000001000001101011110101
011001110010000110001011011100001100000111101100010101101000
100001011100001101010100101010000000001010111111100110000001
010110010101001100110000000110000010101101101010101010001101
010101011100001111110101001010110010100001010100000000001000
001010010101100000100011100100010001001100111010011010111010
101101111101000101010100100001111101111001000001001011100110
110101100010101110010000000000011011000000110101100110010110
001011011001011111101101100000001110100001100000110010000100
001100011001100110101110000011010010001000000001100101111101
001010010100000001110010111001101111001010011010000010001011
100010100001010101110011011101010101111001110101011100101110
100011010100000111010001010011011100101000101001001100011000
100010010000110001101011000000001101110110010101011101110110
001101111001010110110010000101110011100000110010011001100000
011000111110010100100100000111001010010010110110111000110011
100110010100001101100101010101000010100001101101110000001001
111011010001011011111100010011110000000001101101110011100110
110011111101111110101011010010001000001100100000011101110100
001100110011111110000110010010111011100011000110010001101000
101011001001001000010000101111111010110011101011111000000111
000010001110001111111001010001110110100101110000001111101001
011110110110000110110111011100001110000000101000111111100010
101001000000110110000000001100110101100010111110100001001100
101001011010111011010010100111001001010111100110011000101011
100001101111010101010111000111001100001000100100101001111000
110101100010111010110010110011011010000011110011011110000001
001101000100010100010111110001101010000100010001101110010001
101000001111101111100110101111000001111000001100001010011011
010101100100111101100110111000011001100000100111101011001100
001011010101001010100011111100110110111010101101101111111001
111110000000100011100101101001000011011001101010010101011011
001100011001000101100000011101110111110101110101110000100100
000000101111111010000000010000111011001001011101011011000100
010110010001111111110011110100011010101101100010000000101010
010001011010100110011100011011100111011101000010000111001001
000010100101110100000001101100110010101110000000101110000110
101000010001111100100011010001110110010011101000101110000011
