011011110100111100011100101111010110110010110100111011100011
111011011110111010110101110000101001011000100010011101011000
110000000010110011011001000100101011011000000101101000011100
010001110100111011100011111000011010111110100001111101000111
100010100110100101010100101101001011100101000110111011110011
001010000011101010101111111011010111010101111100011011101010
000111100000011101010010110011010110011001101111100010010101
011101011101100101010111001000111111010110101010010100001111
111111001001100010101001000000011100100011010101010100101101
110101011111011011011110100010100111111101001101110011101000
100011000100101110010011010000100100010111011000010111100110
011101010101011010001001100111111011111011010100100101011000
000011010010010000011001100011110000010100010010010011110111
001000000111011010011111000011010110001101101010001100100101
110111010001111111011010011101111010111001000010000110000000
100100101110101010000100110101111010111101111011110101000001
101000001011000100111000010100110111010011111001011100111111
101000101110000110010010010100011001110110010011110000110010
000011000100101011011011111100011010010110110010111101011101
010110001000100011001101001100110111110111110110111100111101
011111101000111000000101010001111011100101110010011111010100
111111101111111100001110011010101010000011001100111000100100
111011001110100111011000111100011110000010100000011010101110
111111101110010001011000000000011110001011000001110100001110
010100100000100011101000100001000001011111100010100000101101
010111101101011000111011110100001001001000110001011001100010
010100101100111000110010110011000100110001110100011011100110
000101100101110110111101111110101110110000000111010011010100
110110010100001110010001000001101010011111001100101011011001
101011101010011111011110111011100010000111111011111110100110
100110110001010011110111010010001011110100011100001110111101
100101011110011001000111011011100011001101100010010011001000
110000001100001100111100010111011000011010001100101100010010
111010110110101010001111001000110010101011110010000111000010
100110111101000111110001000000100010001001000010100101111010
101001100010000000001010100110001011111010001010101010010101
101000010111101111101111010111100010100011100111111101110101
011111001000111111010001101010001100001010011001000000101100
001101000001001111110100111011111100100000101100010101000010
111010001000011110101001101110100100110010101000000000101011
