100111101000010011111100001010100000011111100000010101001100
110001011011010001000010011100111101111011111010000100000011
011100111100101110110111111111110010010111110000111110110010
101000110010110011111000100111101010100100001011001111101000
100011000001101000111010000001010000011101100111010110111000
100101011110000111011111111100110111001101011111000100110001
010000001110001011000101010000101100010011111100111001000101
100000010110111110110000100001110100010100101001100101110001
000101101011010000100000011110010110001111010110101100111011
000110001010011001001011100001010100101011110110000000100010
100000001100010100001101000100010011100010001110110110010000
001110101110001001000001101000011010110000101011001101010010
111100111001110101010001111000011110010011101101001001001100
100100011011010011111101011101010000011000111100010111000111
100110001011101001101101010101100111001011001001101110110011
010110000110101010010101111100111100000011110101100010111000
010011110010010101111000010100011011111011101011111101000000
111011110100101101011010110001110110011101110110111011110111
110101110101011100001111001111110111001000111010111010101001
001110101100101111000111101111000001100101011000001101111110
011100010100101011101101100101110011000000000100011100111011
110110111110111110010011011101011001011001111100001000100110
001000100101101110110011001101001111110010000110111111101110
001110111001100110000010110100001010101010101001000110110110
100110111000101011111011111100011011011101000101111111100111
000100000011000011111100000011100001111111011001111100010101
100110111011001100110100110010011000011110100111101011011100
011011111110010111100010111010111010001110011010010101001101
000111111111101001000110110011111101001000011001010010111110
111000111001110010000110100001110010010001000000001110001111
010111110001100101110000010010100110000101100111010010110000
100111000001011110001010110011011000000111000010000000001111
101101101100101100011010011001000101101110000100110000001111
000101111001011101011010010010001111011001001100100001001010
001101110010101001010000000101100101101001010001110101110110
000000011101011000100001001101000111001101101001000101101001
111010011100110101010101001011110010101110000101001111010001
100010111101110111011011010100001111011101101010001101000101
111111110011110101000000100100100011011010111110101010111110
001101011111101100100011111100100101100010111100001001110001
