110101101000111010111100111010010100010101000101001111100011
110010011100000011000100101101000100110010001010101001001100
100111011011010011101001101100011111110101101010011110100100
010111001110101000010001110011100000110100010101000000011101
101000111111111100100100101110111100011101000100111001011000
010010100100011111011011011111101001000100010111111101101010
101010000111000100111111000110010011000101001110011001100000
100010101001110100100100100111111110111111010010001100010110
011010001000010010010110000110010000110110111010101000110101
100111110100100010100101110110100101111110111010101110001011
111111001111001000101101010000010101000011110001111110011101
110001110001001001100100111011011101101000111100101101000001
000100101101001000100011010010111110010111010000110000010111
110011101111000101110100010010011010000101110011101000000111
001111001111111001010000000100010101001100101000111110010100
100010101110101000010011011000110100011001100110001100010010
100101010001110101110100001100001011110001000110110110101110
001110111001000001011110110000100001101000100100000101111101
111111110111110110000101101111010000011101011101000111100100
011011001000110010100001110101101101001110110101000001011000
010110100110010010111110000100001011001110110000010000011011
011011111111110101101010110011010110010010011010001001001000
111111000110000001110110011011011001001001011001100111001101
101010011111011101000010000000001110011111001101001000000101
101000000101111000100001011010001000111111000100010110000011
011101011000011000010100111000100111000110110001011001100110
011110111000000101110110000011010100010000100000111010111000
000101111001011001111001001001100001100010010000111110110100
011101101010010011100010011000010011101000001111100101111001
101011111001110001111010100101000001111100100110101001110011
100111001000011110001000011001110100100011100111011101100001
011101001110011111000000000001011011010010111001110000101100
000111011011001111010111001010101100100011101001100101111011
011110101111111000100101000000000101000001000110001111001011
010100000000011000010111000000100101011011111100100000100011
110101000001101100000011110001011000010010101011110010010100
000011111011110101110110001001100111101011110010000001001011
101111111000011001000100110001110101100100010011001100001010
011111110001000000111010111011111000111000101101010010011101
111100000001111010101111111110011101110011011011000011000111
