111000000101101000110000000110110001000010000101001101101100
101010111111111110010011000110101100010001100011001100001101
101001000001001101011000100101111000000110000110011100101111
011010110010110101100000110110110001111100110001100101111010
110100111011001010100101001000100000101100100001110110100100
101111010000000011001110101010111011001010101011100100110101
110100010100111000010001110011010000101011010111011001111100
001000001111011111111000001010010011110011011000000011000100
110000011010000000010000100010001101110110000111001010001111
011001010111001011101001011001010010101100101111100100111011
110111000001100101011011110000001010000010010011010101010010
100100110001010010000110100010011001101000001110001110011011
011100101011110001011101011011101000110101010011100010011011
100101101010000011101101100100100111001100011101000001000101
111011001110011000001000100100001010110000101100000110100010
110001100010000011011011011111101001111011101101000010110010
110100101000111101100000010011010101000010101001110000011100
000100010001100010100101010000001111010101001111000011111010
011100100000100011111001010110110010101101011101111010001100
100110011110001001100101001100100010001010101000100110011111
100101110011100111100100000001010100110001101100000110000001
111111111110000000010000010000100001111000110000110100100110
110111110110011000100010110111011100010001110101000000000101
010100110100000001111001101110110011101100010110111101001110
011110111100000010100010100000111101110100100010100110000001
100001101100110000000000111101001111000001010001011101000111
110011001100100000100110011010100101101100011110101000100011
110111000111100010001101100000111111001001001010100101101011
110101010010010110111101011011101000000110101110110010111101
111111110010011111000011010111111010010111110101101010111100
110010010100011111010010011100100010101010100001100010011001
110100001111000011011001111011001101001100001001000101011111
110111110101101101011001011100100100010011000100000010011011
001100110000011100011000101101011010000100101100110100010011
100111001010010010011110101001000010000010000100001011010111
001110000101010110000100011111100001001001000100110111000110
001001110001101111010001110100000111010101010110010110000001
001010010100100101110010110010011011001001000101110101000000
011110001001100111111010011101011010110000011110010010100001
111101011001101101100011101111111000010010000011000111000110
