010101011100100010010000000011101111001101101111101000101111
100111110000010011001011010010110000001111110111001100101100
110010110001001111111001010010000110101110001001111000010010
011101101111011100011100101010100010001101011111101100110110
101010111101110000000111101000111110000111110000000001111001
000011111011111001011110110001111110110011001000001000000111
111110101000100010010110011111100000010010101111110111010011
101111110101100000101111101101100010001111110010011111101000
010110010011000110011000000110101100000010100011101110001010
110111000111111110101101001011010111111000110000011011101111
000011100100011101100111101100000100100101011100110110101010
101111101110011111011001100001001011111110110000001011001011
100110111011101111111001101111110011100000011101011000010100
110100101101100111010001011101010010110000100011011001001010
110110111101100011111011010100011000111011000110011100101111
111011011001110001101110110100100010010111010010010001000110
011100111010111011101110010011010011011000101110000001100111
010000100101100000100011000000100001011100100011110100110100
010001100100100111101010101110111100000010111101001100111100
111010100100100100001011000010110011000000001011000101010001
101101110000011101001010000111001110111010011010000110101101
101100000001100101101011111110110001101001001100111111001001
111110100001101001110000000011111011101001111101100010101110
000100011110000010010111101000010101100111101101001111000011
110001111011110100100100111010011100111111101011011011100111
111001000000110001110110110101010000110111110011000111101001
100010111010011111100001001000110101000101010010000101010100
110110101001110101010001110100011010000000010101101101110110
110100000001101000111010001100000010101010001010101010001110
001110101000010010001010011110101110000011111011110011011001
101011110010100010010011010110010000110010111010010010010110
001001010111111001011010011010110110000001110010110100011010
111100111110100100110011110001001111111010001010011001110110
001011110000101111110110110111101100000001101011101110010100
011101001110110110001111100000100011110001111101111000101101
111100101010110000101111010111011011010001001101110001010111
101000110101011111001110000100100001111100100100011110001101
101001110101000000000110010100011101001000110001110110100111
111110010110001111000011010000000100101101111011110010000010
001101111110000100111001000110101000001100100101010011000111
