101111100110011111010110100111111011001101011101001010000110
111000111000010111101110101010011011000110011111001010011100
011110110100000001111000010011100101101010011010101111110110
011010001011100100000000000110010001001110011100011000000010
110101101100001010100010101100000011100111101111011010110010
000011111110100101111000110100011101100100010110111000100111
111101101011011100101111001110111101110010100010100011100000
010000110100011111101100111101110110000101111111110110001011
001101111011011000010011001110000100000010000101110101011000
111101011010110000100001110001000010010100011110100111000001
110000010111111011000000011001111110110011101001100010000111
101001010100000110001000110101010000010101111100000001001100
111101101001010001101101010010100100010011111101001010001000
111111001111000010110111000001101010000001110010001001001110
101001101101110010000111011110010011100000000111000000100010
000010100100101011011101011001100010000000111101011000101000
011101100101100010001000110110000001111000101011010111111100
110111101110010001010100111101011001010100001000101011100101
000101011000001111010111100110110000111111001100100000110011
101110111001000011101101101100000001010000001001011010001001
001001010111011001101001100111010110111000100001101101011010
100001000011010110010110111110110111100101111001100100011110
100101111100101110111111100111111111010010111111011100110001
000111011111101100110011100110101111111011011001001010000001
000110111110011100010101100111011000101000101111110100001110
011100001010101010101111111010010001010001100111001011011010
010000111001010010000000001001111100001100011000010011111000
111001110111110100010101011010000100001011111111010100010101
110100001011100000111100010001111010100010011100010011000010
100101110001011101101011000111111111110100101110111101010110
001000100100101100000101011100000111000011110010101001101101
001011011010110111111101101100101111011100001100000100000010
110111000010011000111000010101010000110100101110001000010100
110001010010000110110110001100100110010001110100100010011100
011011100110000101011101010011100111011010100110101111111010
010011101100101001000110010100111111011010110001010111111000
011010110101110011000010101101011111000100111111010101101111
001011011001110001000110011100110000011011110100001011110010
110100100000110101100100010111010010001100011000011001100101
000101001101100000101010100010100100001001101010010000101001
