000010001011000011111110110111111100100010100011111110010100
100101001111001100000110110100000001111001111010110010110000
000001000010100011111001010000100001100100111110100111000000
111000000011001011110111101011001110011011000010001011011001
001101001011001100111101101001101101001010111111100011001001
111101111011000001011111010001000110001111011010000010110001
101111101101001111011010011010111111101110010001000011000001
100011000000001110001111010011011100100110100100111101111110
110101010001110010000001000101001110110010101001010000110001
010001101011010011100000110000011000110101100011110011101110
100000101011001111000001101110010011000110111100010110000101
010001100100111111010110111111010010011001110011001101010100
110111010100001110000000110100001011101110101100101111000101
100101010000011100110111100100101000110111101110111111101010
010011101010111000100101001111011100101001100010011101001100
101000010110101011011011010100100100010101000101001011011100
010100000010100001111100111001111001011111110011101010010011
001000010110100101101100001010001101101010101101100100111100
111000011000111000111100100000001011011010100110011000101010
101010101111110001110011000010000001100100111011111001010000
111110110110011010100100000011000000001001011100000010110110
101000110100011110111011100001101101110111100000111011010110
000001100110101000111011010110111111011011000101011011100111
110101100100100001011111001001000111001011011110110101001111
110101101100011000001110111110000111100011001110100011010000
001101101011000110011111111110110101111111100000111111110011
110010110011011101100001010110110011110011001001001000111100
010001000111000101110000001000110001100010101010011110110000
111110110011100011101101000111010011010001011111001111101101
110110011000111010101010000101101110011101110001110111111111
111001000111100110111100001010100111110101101010001101010010
110011100110001001111111100010111011110001010101100100111101
010100000101101001100100111100111001101110000100110100001110
111111001001110011001010101000101110011011011111001001100101
001110010011000110110110100010001000111101101010111001111010
010101100111010001100001011100000000100000010010011110000111
101010101101001001010000011011100011001011110011101111011110
111111001100101111100110110001110011101011111100110101110010
101000100010100010011011011101111100100001001111001100011001
110011101010001100101001010010001101111011011010000001101000
