010100011110011111010011000101110010110010011110010000101110
110111100011001101001100110011101100110010111101111100100000
110100111101010111100110100000100010011010101001101001011011
100101101110011110110010101001001010001111110011110111100101
100100000111100011011100000001111110011011000000111111010001
010010000000000110011110100101111100100010101101111001001100
111110110101011010111111000110011110101010011110001111111100
001110111111010011010100000110010110010101000000000011111100
101011111010101110111111101110000011001101100001000011010011
111110010111010101110111111011000011101000110110000011010111
100010110011101000101111111011011110011110101011001110011100
011111101000110001111111110110011110000001110000111101111110
000100001111111011000110101111000001111111010011011110110000
000100101001001010010011001011111010111011100000010111101000
010100010011110000011111100101001100110111010101100000101100
010101001001010011100100110000010100101100001110001111110000
100101000110000101100101110011010011010011100001000110010111
110000111110101010110001101010001010111001000111110001110011
110001111101011111110110010101111010110000000010010011111000
000110111001100111111101011011101010000101011111100000100001
100001001011001001001000001111010101110100000100101101101001
110111010000000110101001110101001100101001000001111011110011
011011010101111110100001000011110010001110001110100110111010
111111100100011111010001110010111010110000111110001000001111
101001101001110001110111010010110011101011000010010010010101
101010011100011010001000100100110101001010101110100101101010
000101111110100100110110101101011011000111000101010011111001
001001011111011001111010101111010100101011100100001000101100
011101100011100000000001001101001110001001000101111010100001
110001111001011000011001101010010000001000011111010000010101
011111000000011101000111011011100011011011011110011111100100
000110001111101111000101010000011001000100001100100110010010
011100000000010010000110010011101011011000111111010100100101
110110000111100000010001010000011010111010100010001101110110
100000010100011101101000001001010001010010111101111101001111
100010100000000111001110011000001100101011111001000111010011
100110010010001111110011100111100010011001100111110110101111
010100111000111111100101110000101000101101110100101110110110
101100100011000000100000011000000000001100111101111101010100
100111100100110001010111100000001111010000101000010000010011
