111111110000010011100001000101001011110001000000001000011111
110111110010101000110100011010010110011101111011010010011100
100111011110100101101000101010100000000010111010101111000010
111101000001110010011111100000000111110100001000000011101100
001000000110011000111110101100001011001010110100010011000001
101001001110111101101111110010001111011000110101111110101111
110010000111101000010001011100011000000000100001101100101111
110100101011010100001111110001010101010001101011110100110100
110110100111111000001110011001010101010000100010101101011111
111010101100010001011001010110011111110001000101110110111000
000111100001010000111110010101001001111110010101010100100010
011000110001111010110110110100101101000111101110111011101100
000110000111100111110001011111100000100110010001111011001101
000010000111010011100010000000010100010111110001110011001100
010111110010001101011111000011000011101011100000110101111110
000010010101001001000100110001100011101100110011110101101110
100001010110011111000000001111111010111001001000000010010100
011011000010010010011110001001101101011000101010010101010111
001100010111111101100011000110101110101011011001110001111110
110001011010111010011100000010111110111110101000100010110111
010111111100011111011111000010110000110110111100001010001110
100010001000111100101001101110101100100111011100111111100001
111000100101011010110001001000000101001000111100110001111001
001000011010110010101011110011111001001111110010001110000101
001101110000011000110000011001001100010001010100110100010010
001001100110010011100100110010011000111111010100111000101101
001010101010000111101001000100100010010000111110101100011110
010000010101010000010101110110111101010011101001000111100010
001110101000001011101000100011000001000111010100100100000000
011010110011010001001111110001001101001101011011101011011111
000100110101001001100101001011011101101111011010010100000111
000110100010000110011100011111100001010101000001101110011010
001111110111101101011111111010111101011110011010100111101110
001010011001000010111110111110001001100000111000111001010000
110000101001000100000011111001111101100100011010010110101000
111110111000111100000100100001000000011011101011000101001101
101000100011101100000111010101010001111000001101010100011010
101100001010101100011110001001111000001011000010110110110101
100011111101100010011101111100111100110010010110111111110100
110010100101001100111010001001001011011000110011011011001110
