110001110110010001111010111100111111001011101010111000010100
001101011101110100011101101110111110010001001001101000111110
011011000001101110110011001111010010110001010011001110010110
110000001010010000010011101111111100010011000000010111111101
111001110100000010101000101110110101011000000111010100100001
011010011110000101011111010000010110110000100001001001100000
101110111111011010011000111100110111111100001011001010101000
111110011000101010101101111001000010010101001111000001111111
110110111100111111101111101100000001110000011101000101110111
001011100110011110010000111000001101011101000111101101101100
100000000110100101110110010011000000100111000011111100010001
111111010101001101000100011101011100001010101100101101000010
000101100001000001101110010110000000101011110000000010100001
111011110011001110111111001100001010001111110000111101000111
011111000101101010100101101100110000001010100110100100001110
101101100111000100111010011111100000110111010101111010101101
101001010010111011010001110001101010001100101001100011111010
111100100101100001001000001111001110110100110111001011011000
110010010010001100001101000011001000001100100011001011011010
110111111110110011011111110111010011000010110110101011001110
101000100110101000101010111101010101100011100011001000100101
001110100111100100011011010101111000010010000011000001101001
000001010000110010011011101100000001011011001100011001010110
100100011011001010101010000110011010110001000011000111010001
111110110000011000100100000100100101101011010111101101001001
110000111111101010000001011000101000110110001000100001100101
000001110100110100010011101001100111001100001011000011010011
101000000011011010000101000001101010101010000111110011111000
011111011000011110000101000101010000100010110111011101101100
010100001110001011001010100001010110110100110101000110110111
111001010111110111011001101001011110011110000100110000111000
001001100111111001010001110010001000011011101111011110111001
101010111001101110111010100111000101010100010011010011000010
111101000100000010110111110011000110000101011000100100100100
001100100110111101110011010101101010111011100101111110110010
001001000000010100001110100101110001111011101011110111010011
010101110110111101100111110011111100100010111100101101011110
010010011111000111100101011111001000011101001011000011100010
011000010100011100011000011111000000011000011101110110011000
110010100000010011111100000101100010100110111000000111100101
