000001001000001001000010001111011010010001001011011111110001
101100001001110000001011111000101011011010110110111010100000
000011110100010100010100000111100001101110011010111001000010
111101000011001011010111110100100000100010010010100111011011
011000010000010011000111100001111010110111000000011101100000
011000100100000010100010011001011101000010110011101001111111
010010010110011110010000111011100111111110101110000010010110
000001100001100001000000010000010101001110011111011010011011
010100000011100111010010110001011011001101111011010001110011
100010111000110010010100100110001001000100000100101000100000
010111011011111001101010011100100000111000101011101100100101
101011010000100111101111011110110100010010100111100110010111
110111100110001011111111000011001000010101100101010011111111
011000111101001010011001011000111010000001011110001101001000
001101100101101011110111001101010110101111010101011000111010
110001011100011000100101001100110010101000100001010001101101
001011010000110011110101000001101011110010101001011011001101
111100010110010001100000000111011111111001110001111111110000
110101101000010001100101110001010100111001111101101111111000
110100101110101000111000111001000101101011011010001011111100
000001101000100001001011010000101110011111110101000011000100
100100110001111001111001000100011100110001110100011010100111
110000010001001010101111101010101001010101100001000111011011
001001101100101101001101011110110000100010000010010001100000
101111011101001100111111000010010101001011111110001101001001
000010001111110101111100111011101010110011101000010011000101
111101001011100011011101111000010101010110110000000000001101
000101111110101101011010010000110000101110111110011110010000
000101110110011011101110000011100000011000111101100001011011
011111100110011110101010110111100100010111111000001110011010
101110111101001101111010000001111000101111101110110111111100
011110001111010010001111010001001100011000100001001111011011
101001001011101000011011001001000101111001010001001010001110
000111101111100111000111101111011110011110111001001011001100
001011000101001100101100100111001010000100011111111111111101
111011100101100001000100000001000011010001001001010100000100
001011110010001011011011111110100100001011011111000100001000
100100001000000110010001101011110111101101010011001101101100
101011111010110000010101000010011110001110100101010101011111
101000101110111001110001010110110101110001110000001011101100
