100110111011011101101010000010100011000010010011011001010001
001101001000011011011101100010101010111000010011001000101010
101111111101001101110100111011110011101101101101011100001011
010011001101101111010111100110110111111101011101011001011001
110110000110001111100011100111111010010100011100101111011010
000010010011110111010100000110001010100101000000110100110011
100011010110110010010000100011110111111100110001011101001111
010010101111101011000100011110001100011011000100111001100001
000111110001101110000111110000110111100111011010001001011111
110111110100100100011110111101010101011011111000110000110011
010111000001100110000001011001110001010101101010001010000010
001001111101101111110111101101101011001011000101000110000111
110100100010100100010100110111001111000001010001010011100000
011100101101110001000101110101000011010110111101001110000010
010101111010111111000100101001101111000101001110000110010000
100001111000010000000111000100101000101111010101000001101101
110011011111100010100100011000111110110100100101010000110000
101000000001000010100110000001100101110010101010110001001100
100110110111111111011110110001100100010010101110111101000010
000001100000110111001010101100001100011001010110100010101011
110101101111100001110001010110101000101000100110010010011100
101101111111010011011110000000101100011100101100110111101100
101111111110100111010110110101010110101010111011101000000001
111111100110110101111001111011010011000101101001000100101111
001110111011000111001111100010110100000110010111010001100110
011010111110011111011100101110010000010001000101101011101000
011011010001110010101100010011110111100101010100011101100101
010111100101010111101000010100011101010001111100110001101011
000111101101010011011011101111100110010010110110010111001011
010010001110111110101000111111111101110011101001000100000000
110101010101110101010101110110100000011110111110001111101111
111010010111101110011101000000100100000100010110011111110100
001111011110000010100011101110010010110101100110100111001100
100110111010110011110100110111100001011011011100010001110100
110000110010001000011011100001011100100110101100111101100000
010000111100011111110000100110000010100011000010001011110010
010110101111101010100101000101111110110010101010010100110111
001100001111101100000011101011111010101111000100001100100010
100100001000101110000100001000011110011101011110100111110100
101110000101101110000001011011101110100110111110000010010001
