010000000111000011011000111000111101000100100101110111111010
011101000000001101010001000111001010110111111110000111101101
010100110111101101000101000000011010001000100001111110010110
111001100101011011011101100100001111001000111011100001100001
001101110110011010111011001001011111000101101100110011101111
110111000101101011001101010111101000001011001011000110010101
011111000010111011101011010101100110101000000111110010000000
101010001011101111011000001111000011011001101011101001110100
100001100010111111010000001000000101101011110010000111001010
001011000000010101110011011010111000101010010101100001011101
011010010101001111111000101001010100101011010101100101010000
100001110101001110110111001011100111111011100101111110111011
000101100111100011111111001010111000101000110110101000100011
111110100011001001111111101100101011100100011010110101000010
001101111011011010100010100001010010001100011010100110001001
011001001000011011001001100111010101101110100011001000000011
100101011000111100110000100000111001101101101010001110000110
000101110010001001101111111100000111101100010110111001110111
110100101001111011010010010101110000001011110001111110100000
010010100001011011110001010010000011100111110100100000110001
111001011001011000011010011011000111001010110101000100111011
111100011011111100100101000101101010000000101111011100111011
100010010110000110010100110110011011010100011011000010110111
001101101010000110100000100101100000111010000110111010000100
101011011111011110000101010100010110011000000101011101101100
110101101000101011101110001101110001111000111100111110001111
001010111000010101010111101011111111011101100110100010110011
000011101100011100001011010000000110110000110000011010110100
111100101100100110000100101011000100011001111100100110010100
110110000101000100100101011010110001000110100110100001111110
111011101101111100011001010010100110101010101110110100101100
000101100111110101111111101110011011010100100111001110111000
110101010011100000110010111000011001111111011100100111010011
010101001101100011011001001101000001000111101101100010110011
100001011001010101100010100010111001010110101100000001001011
111111100100000111100010010101011100001010111111011011111101
100011100100000000101101111000001101110101111010010011101110
010111000100100010001001110100110101000111101001000110110001
011001110101110101000111001111000011010111110100001011001111
101101010001111101111000100111110011111000001000001100011010
