111001010111000101010000010101000111011101101010000101011110
100100100111011110001101001111001111000010000100010001101100
011000011110001100011101010000111100000101101110010101111000
101001110010010110011110100010001110011000001100101000100101
011001001111100111111101010000011101011010111110110101100000
000011110001000000111000100000000011100000101101100011101011
010101001011110101101000011111100110101011011110010010110001
011111000111010011001011011001100101001001001000100000001111
010011111100010101110011111000100111010110001001110011101100
100011100101101111000100100110000011011010110111101010011000
011110101101111010011101111101011000100111000001110110111011
001010111001110001110100001100000101001111110111000010100101
011111110101100000110001111011101001000111100011111110000101
101110000001101000100000001010111011011000100000100110010111
010101011000101100010110000111000111101000000101001000011101
011100100100111110000100111001010100100000001100101100111111
110101000001010010111100010001001101100010111010000010110100
110001100111011010101100110111101110010101000000100110111110
010010100001101111110111111010001111101010000111101001110110
110011000111011001000111010011000111011111100011010101111010
010111111110011000111011010001010000011011010010100100111001
010100101000110010011111001011100110010110000101010110001111
001110010101010010010101100010100111100001011011110110001101
111111011000000111010010010000010110110101001000101101001010
100001010100110111111110101001011100111010101111100001011011
000001100011010000100011001100111101000101111000000001110100
011000000000101001110101101010100001110001101011110010110000
011011101101010011011111110101000100011000010011001111000101
010111001110010101001011111111001110000010110000101111000011
000011111101010000111011011101110111111000000110000001000110
000001101000111000111010011110010111001111110111011011001100
000000001011101011100001001110001101111110110000101000001001
011111110001111100101010001011101101111111000011100110110011
011100010011111101000100101100010011000101011110011001001011
000100111110000000111001011111100110111010000100100100001101
011110010000100001110001001011010101111011111000100111001001
011000011001011001111110111011101010111010101010011011100100
011111010100110101010010011011101000001001101010010000010111
110010101111100110001000110011010000000110100011001101000100
000010011101001110001100100001111000011011100110100001100010
