100101111010011100101101100010111100101000111001011011111101
110100101111100000011000001110010110101111001011101010111110
000111010111011111000101001011111010010001110000000010111110
110100011010000001010101100110100110000000111100011111000100
000100001110110011001101100000110000010010110011110000111000
100010110110110000001000000100011100001010011010010111101010
000101011100100100010011110001111101111010001101110100000101
011010011101010111111100001011110100010110111001011001000110
100101110000001100100100111000110101111111110000101011110001
010100011100111100110101100010111001100001111110100010110110
011111001111011100011101100110000110110100010010000111010001
010011101110001111010100111111111001111010001001111100000001
000001010101001010110111101101001111001001000110000001100111
011110001010010110011101100011100101011010011110010010101111
011100000111100110111110111010111100010000011100111000001001
010101111000111001001111111101101111000001001100100101110101
010100100011011001101111010010010110101000011011010000011001
011011111000100111000101000101001110110011010110010100101111
011010111000000000110100111010000011110000101011110000010010
101101001000010001000001000100000011011100000000011101110101
010101101110000010111011100110101001001000110111011111101100
110100110101010100111101000000101010001110111000010111110100
101110011010101000000000011000110010111110111010010010110101
000101100111001111110111000010001011001100010011010001000011
101111011101110001101000100111111011001000100110011010100101
111000011000000011110011111010001000100100111111101011101000
101100101110101000111100001110001100100001101000111011011111
111001010100010011111111011101000000111111101000111111101010
111110000100011000001111000010010110000000101001011000010010
100100011101000010010001000111101110001000010001111111111010
011000010111010100011001001001010111000100100000001100101001
000101000101111000001101001110110010110001100100001011011111
000010010110011011001110000111011011100110001011100110110110
101000010000000110010110010110000111111011011010111011101101
111001111111000011010010001001101101101111011001110010011001
010100100111010000001111001101111110010010100010000110000111
000100110101011011010111100100011100110000100011101101111011
101101111101100101111111000000101100111100101011011000101001
110001111011111110110111100101111011101100000010010110001101
110100101101001011101110101010111100010110101001111011111111
