110001000010110010010101110001101011110101110000110000100110
000101101100100111110010011101100010001000001111101011011111
010010110101110001110010111011110011011110111000001000110110
100001000110100001100011101011110011011001100010100110001110
011001000001110100001000001111100001100000010001110110000001
100000001011010100010011100111110000101110101111110110010010
000110101001100001100101100010000100110001101000010001000000
111110111101000101001101110101100110010110010110111111000111
011100111011001101110110001011000001101011101001110011010111
000010101100001000111011111100100001000110101100010000011111
010011111010010011111110011100101001010011100101100110100001
010000111110011101110110101001000000111100111001110111111000
000000001110000001001100011110011010100111101011110101011000
001101111110101111010011001001100010100011100100100001001000
110110010000101000001011101110100001101111010100011000100011
010011001011110001100010110011000010110001011101000001111000
111100100011101110100101001110111110110110011100000111100010
001010111101011011011001100100001100010011110100011010001100
011110011100100110101011011011011101000011011110001100100100
101001101000001001110010110011000101111011100110010110101100
001010111000010101100100010111111110010101001000101001011101
010100110011000110111100011110000101011111001100110000000111
101111100110001100001110101000010101110100100111001100010011
011100110010001011100011100001010100001110010000101111000101
000000001110111111010010000100011010010100001011010110000000
110110101011010110000110001001110100001101001110110101111001
011101101100100001101010000011001000110101110100111100100011
111010101011111111000111000100111110111011111000111000001010
000001101001111000011001011110100010000001111001100100000111
101110100010101011010000100111010011000011000001011010001111
010101001001001010010101101010011000110111011011101011001000
101011001111111101001011100000110001011110010110010011011110
001010011100101111011001000000110010110110111000001001011111
110101011111000100001101100101001101111010100100111110111010
001011010100111011000100010110001001111011000111110101111000
011111111010101001111101101010110100100100011010000111001110
111000100011111110100111110000110100001101000111011011110000
010111001011111100111111000000010000101010111000111011100110
111010100110011101111110011010010101000110011000111100011001
111101011111111011011010101011111101000001001011100010111000
