001100010010111101110101010011111000010101101101001110110011
011111110110111100100111110010011100010110101000000110001100
000101100100101011001001011000010101000010000110101001110110
011111110100010011000001010001100101101100001000001101101101
111101000101000011111011011000101111001110110101100110010001
110001100010010001110110100100000111001100000111001001011101
000001101110110010001101011001010101010000000011101100001001
010010010101010110010010001100000100111000111010110000001001
010110110000110110000101110011111011101010111100001010000010
100110111001001100010001100000110001101010001100011001110100
011101101110111001101000001100111000000000010010100111000001
010000011101111010010001110111100100001011101001001101001111
100110101111100010000010001111011111110111001011111011010111
011001101111100011001001010000110101011001011101000101011001
001101001111011111111110001111100111111000000011110000010010
011011100111100101011101000011111100110000101101011111111110
011011001000000111101010111000000100101111101100000010011111
001111101111011000100101111100000111000011000000011111100010
111100101111111000011111110100111000010110000011100000001111
010110111100110111101100010111000111011000011111100011010101
110110110101010101001100100001001001111110010000100100000000
111010000000110101000101110101101000110110001011000100110011
011110100000010000000011000111011001100000111000100101001101
000101001011011101110000100010111100101001101111110110010010
010000101110101011110101000001111100010010011010001001100010
110100011100101111000110010010011110001111011111111111011010
001100110001101011100101111110110001000100101110001100111110
001010101110000011101100001011000010110110100001010001111000
110010001000100101001111001000100111100111110101010100100100
011001110110000100001100101001101011100010001101000001000101
011110001111001000111100000011111101110001100000110001100011
110100100100010110101001010101100110001011111110100101001001
010011000010111100101101000010111111000011010111010100001111
010100100001011101110010100111001101011111001110100010110100
001011110000111110100001011011101100101110000110111000110110
010011011101010100111110000010001100111011101100001101110000
001110100101001001011011001010110100001100100101001101100000
001010001000110010111111110010100110010010111111000111110100
011110111100011010111011111001001110111000010100011101100110
000110001000101111001010010001110110111010000010100001001000
