100010010110011100001001001011110110101101000010010010111111
100100100101100101001010101101110110000000100011011010101000
010111011110100011000100100010101110101101001110010101011000
110101111110011011011100110000100001110001100000001000110111
011011001011001011010100111100111010111111101111010110011010
010001100011011001111111001011001001100101010000101010110011
101100100010001011010100011011101010000011001110000110011110
111000010011110001010111000110100100100101000011010011010011
001001010010001110011100000011011000110110111101010001101101
100101001101001101110001001000001011110111011101001011101001
111011100000100101100100100101010010001001110101010010001101
001100111001000111110010010101011011110110011101000001111111
000010010000001110011011011011011101000100110111110111101110
101101101100110011111010011011001111110000010100010100111100
101100100000000100011110100101101010111110001011100101001011
010101011110010000011011000011110011001111110000001000101100
101100111011100011001001110010001010010101101101100001010101
110001110011010001101010001100100111000011111011010110111111
101101000001011010111100101111101100111010110100111111011111
001010111001000111001010010000010011101010100000001001010111
011000100111000101000001011001010001011001011010000001100110
100111001001011011111110011001010001110111011010000001001010
100111100111111111010100011101010000111011001001000110101111
000000100011100011000001010010111001011111100010100110001100
100001000010011000011010000000111000111011100000000010100010
000011111010100001011001100010010000001100110101011011000101
100011100011101000000101100110001101000111001101001111100010
001101000101011100011001011111100001010110010010101010100111
111100001010111000110010010110100011010000111111011010011011
010111011010100100110100100110001001001011010011111110110000
111100110111101000000001100011111011000010101101010000101000
101101010101001000111100110011101000101101110111101011001100
110001001000001101101000010010111010010010101101101101100100
000111111100101010010100110000010110010011011100001010111111
001111110011101001011010110000000110110011011011011010001011
101001110011110011000011000111000100011100101010111011100110
000010111111111010001111101011000110011001011110001101011110
101111100111000100110111001101010010011001110001101111010011
010011111011100101011100101110110001100101000111110101101100
010100011001101111000110111000000011100011001101010000110011
