111001010101011110001011101111011100000001000000001110000100
001110111011010001101010100000011001011110100001011011111101
011001010001000110000010111101000100001101100011110101111100
100101010001111001100101100100011000000101100001011111101000
000100001000111011111101111010010101001011011110100111110001
010100110010001011000011011100001100000010001000011001000100
111110101011010110101000000011100011110100011110001111110000
010111010101100111010101101100011010110001110001000101100100
110011101011011011101000110000100101101111111101110001111111
001101100000001000011010011011001101011111001011111011010001
100110001111100110110001001011001101101101011101000011010010
111010110110001001010101100010100101101011000000110010000000
101100011001000010000110101001001011001001001010101100111011
111011010011100101001101100111000001000110100101011000000011
000100010101010000110101101000110100000110110101100100010000
111101011101001001011001110010100000000000001000000000011101
000111001010010010110001010110110001101100000000011001001001
111101100000101110111110011101110101111011100100001011001101
111000000100100110100100011010101010000110110111111011001110
100100000000101110001101101000110100111001010101011011010011
100100111101110000001101110111000010011111010000001101110101
001001010011111000001011001000111000011111111101110011010011
001111101010010011100001111000100100001100101000000101001011
011011001101100000001011111000110110010001001100001000100000
111110100001000011010111010001100110101101000111100111010001
011100101100000110110000011001100111111110110011111111110100
110100001101001111101010100011101111110111000101101111110000
100000001011011001011100100110010000100110000101111011011100
110101010101101000001010010100000000010011100011010101001000
100111000101001110111010000100001100010110000110110010011100
000001000001100111000011111000001100100111010000100110100011
100000010000110001110010110000100011010001000110001101100010
010011101000000000000100111111000000101001010111100111010000
010001111101100100111011111101010111011111000001011100101000
101101011000110110110000001100010001110101110111000100001010
011001001110101010110111111011101001000110010010010010000011
010011011111001000101011000010000111110010111100010101101001
111110000111010000110000100110000000101111010110001100100001
110000011011001111011111010001001111011001100110100000001000
101010101100001111110100011011001010111110011110100000000000
