001001011001100011111000110100101110001101011101110001100000
000001101100000110000000011010100010101000011101101100010011
011000010100011100100001001101110010110110000101010111011100
010100000000111111000010010010011111111111011000101110011001
001001101011111000101001010110101011010001011010001001001001
000010111011100110010000001011000101001001001001011101100011
001111101000111110110000101110101101111101111111111100100001
010000100011100101001000011010010111000010101000111000111000
000011110001100110001111111000000100101101111001011001011100
000101111100011011110010111000010100010001110100100010000101
010100001001101001111101011001101111010110101100101110111110
100000101010100110100010111001101001110110001110111001100001
101100011101100010010011101100111110101000100101110011001001
110000111101111000010110001100001111001001001110001000001000
001101010110111101010101101100111011010101011100100100110010
011000001111000110110110010101111010101010000011100110000010
100100011011101000001111101101101011110100110001011111001110
010011101010011110000101000100000100100011110101011111111011
011110110110010001001100000111000011110111110000010001100010
100000111001000111010001010100111100010100101101001101111000
011100111011111011101000010000111101110111000101011100110111
111010101100111001001111001001101011100111111010100111111010
110010100011011010100110100101011101101110000111101001011001
110000110110100100100110101001000000011101000101010001100101
011111001100100100111001101101110010100111101111011111011000
110000110010000000000100100001111101001000100100001010100111
011101101100110011100100100000001011011010011010011100010111
010001101100101101000111010001001101101010000001111110111000
110010010011111010001110110001000110010010010111100000100011
011101000000001010011000110011110011001100000011100101010101
100001100010011111101101101111110001000010000000111111010000
010000100111011000000100011100001100010111000111000110110011
101000100111010101010010100010011110110010011100011111001101
110000101101010100011100010101000001101000101011100000010100
100011010000110111010101011111111001011001110010000000101110
000010110000010011011001100110101011110100011010010010110011
101011010101001011110010000110001001001100001101010010011100
010010011111101110000001111110100110000010101110100101111101
001100001101011101111001011111011000011011011010101010111001
100101110111100000101000010000111111001011111000111010011100
