110101100111000000001111111100011101000011010001001001000111
110011011010010011110101001000111111010111100100011110001100
011111001100000011100111100010001110110101011011000110010101
010011111110111100111011011001100000100001111000101100010110
000100010101011100100010101000100001001111101000010101010011
110011000000000001010010101011111001001110000001101001001111
110101001111111001110101100111101011000001110110011010010110
111011111010011100000001110010110001010000011100100010011101
110011100010101011110100001101100101011000001001100011000001
110000100111111000101101111000111010111000100011100110010101
000010101000101000111111001101111000010011001110101010010101
110111111110100001100111101111110000111100011011101100101011
001011100011110110010110000111111000101111011010000001110001
011110000010001111000110011111110101000100001000110111110111
010010111010110011011101110100001011111100001111000010011110
001000111100110101111000101110000110001110111111101000100111
101110111101011000000110011110011110011101101100011100111111
001000101101001101100011000101111001101001011010111111001001
110100111111011001111011101100011100111100101100010000011001
100000000101111010011011110111110101101011010010010100100110
101111010001000000000110001100001010010110010001101011101101
100010111111110011101000111100011111010111100011011011001010
011001100110110011001110000011000110010000011111101100100110
111100111111110101101110111110001001111111101110011011001100
010110000101100011011100000101111111100110110101001011111100
101011010000100010111100101100000110101001110111110001001011
101000110001100011111100010100000010011111111110000010011101
001101010100010100100001100101011100111000011010101001010011
000010100000110011111011100001111000101011010011001001100101
111001010000100110011111000101100100110011010101111100001101
101000000111011001101110001010011000101001010010111100100100
110010111101101001100111001111100111011000100001110100100011
111101100111101100101111011110100011111100100110000101000001
100101000111101111011000110111011101111100101101010111000100
000001101011110010000100110101101110000000001010110001111110
111111000001111101010000111101111111101101100111100110101011
011000111001000000001010001101110110001001110000101000100011
101110110101101001101000001110101101101011011010000110011011
001011100101111110100011010100001100011011100011011111110101
010101011000100000011010100011111000000110000110001101110101
