011100000000111111101001001101101011111010000010110010110110
001110011000010000010110000011011110101111111101110000011001
110000100000111111110110100110110101110100111001101111111110
000111000011100100100011101100011001000011010111010101010010
010111010011011010010110001100000001001001100111101110110010
111110010011011011111110101111101101010000010100110111101111
110110000111100001101101101100001101111001011000010100101101
111100010011000010111011110000101100100010000110011100100111
101101100110011000001001001100010000010100000100010111011011
000100001110110000011111011101111111101010000111010011011110
101000100010100111010101000101101001010101100111110100001010
000011110100110111010000100100000110101011101111100100110101
001111111011110101010010101100000100100010011000001110001000
011101100100100001110011111000100110000110100000110100010110
100110101110011010010011010111110001001100100101101100111111
000101111111000111000001011000011100010010111001110011011011
100001010101000010011111010010111010101000011010010100110000
010000011110110111010111111111001010000011110100101101101101
110011010011101000101110110000100100110100011000110101010010
110010010011010101011101000100101111011100010000010011100011
110101010111000010101100111010010100101001000011101110001011
111100001101100011101111000000011010000011101011100111110101
011100001111100011100000100110101000101010100111001111000010
101000100001100000101011110110010100111111101110011011011110
100011001101011100010101010111101001000011000011011110000000
111011011011010011110110000011111011110111111011110000100110
001101001011111101101100011001110011110000101010100101011111
011001011101011110010100010110111001101000011101110111001101
001001111101111000110110101011011000101010001011100010010100
011000101111111000000111101000001110011001000011100001001101
011000011011101010010001011000110110110110110011100111100111
100011011010011001010110111100100000111110100010101001110010
011001000011011100000011100110111000000010111001011011100001
111000110111000101101011101000000100111000010000011110101110
110110011000010000100111001111110110001110010011010100000011
111111011100101011000010001111111101010010011110011000011101
110111100001011110110001011011110101000000000010010111010101
111110010111011101101000010110111101101001001100011001100000
101101000001010111000010100010100101110001000000100100101100
100010010100010000001111111110011101101110101001101011110110
