011000011001110101010101000101100110010100000010111111111110
101110011101110111001011001000111101001101000001000001111100
111100110110100000000110101011111000101011000111000110001001
001111010010100011100000001010101111101000001110111111100000
101010011101110101100100001101100101100110000010000001010010
101011110110101011010010000111100111101101010111000001101011
001011000101010111000000010010001100010011111000011010110010
011101110010001100000011001000100100001111111111101110001000
111010011110011110011000001010100000100100111100100101000101
101000010101111011000011110011101010110001011111111010000110
100110001110110000110100011101111000101000100100110101010010
110001010011000110101011011000111011101010100001010010000010
001110101110001111000111101000011000111010101100111001100110
011010100011010111000000100001010011001111100101001110110011
101001110101110110101101111110110101001000010111011010010011
101101110100010101100111010010010010101111001011010101101011
101010011000111111111110011101000001011001111100000100001011
000100010011000110100000101001101110010000001011001011010110
011010110111101001111011001111100000011001110010100000001000
101110110000101011100100001010011010001011100101111010011000
011101000010000110111100001111111011111001111111000001010010
100010010001111101010001101001111000110010101010000001100100
001000001101011011100111110001001011001111001110111110111101
010101100100001011110011000011010100000110110110100011001101
010001001000010110101001011110101110101001101011011111110111
110101010110001110011110010011111111010110101010000111011100
010010010110010100111111000001111100100101101111111011110111
101100111110110110000110101001010011101001011100100101111101
110111001011110110101101001011100110001101000111011111101110
100000011111000010001011101110010111100011010101011001110011
110011110100001010000011100101000010100110011011110011010100
101011100010110001101001010101001111101101100100100011001000
000100101010001101111100110010010111010101001100011110101000
100101100101001111111100011111110100111101001100110110011001
101010011101001010001001011111111111001010010010010011100111
100101001100101101110011011010111010110110111110001101111101
010000111100100010010111101000111100110011010111001111001110
100011000001001100000010110010011010011101011100101101001101
100110100110101110111101000100101110110101100110101011011111
100101000010101001001100001100000000100101111000110100101111
