001001011101110011111100001100101000000000100001001000111110
100000001101111111110101111100110011010101010011100000010100
111111101000011101100001000110101100001101001100000010100110
010100001010111010000000010110111100001001000100110011000001
100111100101110011111111110101110010111110011011111010001011
100010100001100010000010101001001110110000010111000011000001
110000110001001111010011010000110101010110000001011000000000
110011001101110000010100110011101001101100110101111101101010
110010011000100010001010000011110011100001010110111011010110
110111101011011100000001000110001110011010101111110011000011
011100000001000010010001010010100100001010100000111101001110
001110011101101010100101100010111010101001101010110110101110
100100011000000001101110000010100101011010101011011000011100
010010001111011000101011000100000000010010111000011011010111
111000011110100101001001001011100000111110111000101101011010
101011011000010101001001111010011001101101100111000010001101
100011110111100001100111110011001101010100010011111101011101
100000010001001000001011111110101000001000011100001010001100
001100110000000010010100001011000100100001010011101000011000
100111001001101111001000011011100001001111100001010001001100
010111010011101100000101001111010001100001000110101001001101
011110000001101110110000101011110000100001100100111111101000
010111010000001011000111001100101000100011110001101000110000
111100000100100001110111010011011011111100001110011101011111
010010001110001000100001001100110010010100010011111110010110
010010111011100001111101011100000110010101011101110101111100
001101001001001000001100000011011111111101010011000001100001
101011000000001100110100101010000011111001110101011110010111
011011000000010001010100011100111010101010011011000100000110
101111110111110101110011111110010110001010000100001100001001
001100111000100100111010101001101001100111001111001101111010
000101010101010110011001000110110001011010010101000010101111
000011001100010101011001110110000100010110000101001011110100
011101100001110110001011010000110011000111101101001000011010
001111001001110100100110101111011110001000010111111100101010
000111111011111111100011011000101111001001110011110100010110
110010000111000011011100100101100011011000001110000110001100
011011110011101110100101000010000011010010111011101011101000
101111011101111100011110100111011100111101011000000110111000
100110010110110010001111011111001011111111001001101111110100
