100001111001100010000101011011001111001010011011011010101100
111001101110110001111000000001011011101100101110100101011101
011100010110011111101100100010101110100011110111001111011110
100110101110011000000110100101010101100111001100000111011101
101110110001001110111101011111110110100010111001110101010111
110001010011101001000101100001010111111001111110010100111100
110111111111111111101101001011011010110110111111011011101011
101111111011011001110011100100011001110001110110101111110011
010111100100000010100111101010110111100101000111010110100100
111001000001101100111001010100011001010111111100010001100110
001010100111101010001001011100100101110100110111100011001100
010110001111011010100011000111111001101011000101001011000010
110111100001010001011111101000111110111101101011000111101110
101001100000001001001001110001101011000001110100001111110011
110011000011011000101000100110000100011111110000010010101000
001000111111110001000010010011110101110011010111001100101110
110110001100001011110001110001001000110110000101001000010111
000110100101111000011000111011111011111111010010110101011010
001111100000010010001111111001101111000001011100100001000010
000011000010100011001110111011110111101111101001011000110010
100001010100101110010100100011101001111110000010110010110110
011100000111010111010111011010110010010000101111110011101100
101011011101111010101101010100011011010000100100011110010000
101010011111110001010001011110001001001010010111011000010011
110110000101101010001000011001001101111110000110100000100010
001100011110010010100001011100101000010000101100001000101000
100101000011010101000000111100011100101110010100111000001110
011001010101101001000010000110100001101011100101011001001010
110111101100011100110001111111101111110101000110100000100100
001111101110001011110001001011101010010101010110010110000010
010101111111110011100001010000010010100110101010000101111100
101111100000001011110001110001000000001011100001101100100111
011101001000110011111010001110000011111010110011001111010110
101100100111001100100111100111010101110011010001000011101111
100111101010011001111100011010100110001001001111110000010011
011010100111101001010010010110110110100011011011101100101110
100010101110100111110110101000100011110010001111111110110001
101110010101000100111101010000101100111110100010111110011111
001100010011100000000010110110011000101010111111000011001001
100101111001000010101011000011001111110000101100111110111000
