011001110001000000101100110101000111010010111100101000111010
101000100111111001100101001011100100110010110000010100110011
101011101111011100110111101010010011111010101111010100011001
000100110001011010100110100110100101111011000000101000101011
011000101101011001101101101101001100000010110000100000000100
011000000011010101001100101100011011011011111101101010101011
000111100111001011101000110001110001110000100001100001000111
111101111001010001010001101000011001100111010001001101111101
011010101100001100010100011111000010010110000011001110000000
001001110011010010100000100010101010101100100111111111101111
001101001111101111010011001110100010110011110100010011111011
101110010110010101000001011000010001000011001011010001011001
111101010010101001110000100011100101010110011111111010110101
001110001010100000010010001011000100101001111011001100101110
110111001100101010000110110010101011110010000011001001000010
010000011010100111111100000111100000101110011100110110100111
111001101010010011100100100011111101011101101010101110110101
110111011101000000101110010001101110011100110100101111100011
111000000111110100100101110111100010000001000101001111110000
001001100011010000100011001101100010010110001000000111110111
110111110001010010010101011000110011010001010001110100101010
100010101100010011111000110010011101111010111101010001011110
001010110111100011010100101011001100000010111011101101111001
011001101111011101001001001101000111001110000011010010110011
111001111011111011000000110111101000101010101000111000100000
000000110000101100100111010000011000011011101001010111011011
001010111111011110000110000101101010010110111101010010001000
100100001001000010110010111010100110011010100101001000100000
111000010000000010100100010101111000111000001001010100001111
110101110110101110100001110110111111010000111100000111100010
100000101110010101011000000101011001101011110111000100101001
010001010000000011110110010011111011111010000100000111110100
010001111100100001011000110011101010011110100101111110011010
111101111100000100111010100101100100111100010001010100011000
100000001100000110011010010110000000001111010110111100011110
000010011100011111101010111011111010000110010011001000010001
001101011001110011101001011110010111010010110011101111010101
100101010100011010100011011011101111001011101100000000101101
111111001001110000110011001010111011011001101100010100001010
100000111010001111110100011000100010100011010110101100100000
