000010010110100101110001011111001010001100000010101000011010
100111100101011011011011100101111110110101101101000110111101
001010011000001001100000110100111101101000101101010111000110
110100010111111100001111110000001000001101010010011110110101
011011000010110101101100001001000000111100100001100100011001
000001000010000111110010101010101011111010010111110111100011
001100100100010010000111011001111111110011101010111000110010
011110110110110101000101111110011000011011101001101001011100
111111111000100100011010000010101000111110101011001011100111
001010110011001010111100000110001101011101011101110110011011
110000001011101000110100011100101011011001111001011110001101
011010011101001101101110010110100111111111111110000110100111
111001000001001100011110111001100111011101011100111010001110
001001001101010001000001001101001000000110001110001110110100
011010100010001111000010011010100000000101111011110001001111
111110101100001000100000111100001111101011110110000101111101
101110100110001000000101001011101011000000100010010001100001
100001000001100001110011100111111010011010101011011110001101
000100011110101001001011101101000101100100110011110000111101
101011110000010011110100011100011011010001111001100110111101
000100010111011000000001011100000001000111111011000010111111
100011111110001000110010000111001110111000011011000110011010
100010011100011010010011110001100100001101010010001001001101
111000100000011100110111111101100110110001111000001011000100
000100111100010110011011101110010000011101000101000010000000
001101100011101111110010100111000011101110000110010101110010
011001000111011000011001010101000000111001010011000010000111
001100010000001000001100101110101111011010000000111100110111
011110101000101110101011111011110010101101110001010111100100
001110001111101100000000001000001001000100011111111001100001
110011101110100101110100111011101001110000101101100110000100
000001010001011110001000010000001010000111011010010011001111
011100100000010100011001010010110100100100100100101111100111
110110010000011001100100000101001000100110111010101010101011
110100100101101001000011110111111001011011010000000011010001
100011011110010000111110000111000000000111111101011101001101
111110001100011111010010100001110101000001111111011101001111
001100111000011000111100010000011001111001010100001000110000
111011010100011110001101001111101100111011001000110111100101
110001110111100010011100001110101000100011011111110010110101
