110011110111000000010101111010110001101001101101010100101111
110111110111110011101101000001001001111111100010011110001101
111101000111101001110101011000101110110011011101010101000111
110000010111101100101011010111001001101001001000011001001000
111100101001001101001111010111110111110101000110101110001111
010011101001010111001111100111100101110000101111110001100001
011111000001101111110101110101010011011001011011010111011111
000010001010110111100010011100000000001001101000111101010011
001100000000011001110110011101011111101010010000100000011011
000110111000100000001100101111110000011010010111100100011110
101101101101110101111010010010011001110101101101000001101101
100110011100101001011000110001011111100011011111011000111101
111001101010111000100000001111110010111101100011011001111000
110101010110110001000000001001101001110110111011000100101110
110011001100100000010111110110010001101010011001010000111110
010001001110111110000111110011101100011000110110110100000001
011110010011010101010101111011100001001010000011011011000011
000010000110011001011101111111011011010100000001000111001100
000101000001110001111001010010001101011000001100001111111010
111000000001100110101001100011011110001010000101000100011001
001111010111001000010000111101000111111001100001010000001011
101000101010010001110111001000000100100000111000100001111110
000100011100110111110101001111011101101010110100100101110001
100100111010100011001011000001110110100000000101010101010000
101111011101000010010011001110110111011001011101111111110010
010011001100011001111001001101100110111100000011001111101110
110010000111000000001101000110110100001001100010101010001000
101111000011101001110000110010000001100101111100110110111110
001100101111100111101011001110010110001000010111000010010111
101100011011110110111000110111101000010010011110001100101011
010010101100100101011101101100111100101101100010000100000000
101011110111110111100111011100110101110000100100010011011111
000011101111010010110000110101100101001111111011100101111101
100111000000011110111001000011111101110110010110010101001111
100111110001100110001100100010001101001011001110101001100110
110100101111011100100110000101111010011100101110101101000001
001100001111100101011101110100100101111000010010000011111000
010001001111011110110111100101110110110000110110111010101000
101010010000000011010001100010000001100001011010101011101110
001010110100000010001001101010110100110110111011000001010011
