000101100001000000000100101010000000100011001001110001110000
000011010111001111001101101001100011010100110100100101110010
011011111111000000011011101111111010000101111100100010111001
011101101000010110111000110011000011110010111111101000110011
011000000101100000111010010101011001010000111001111100101000
100101001111010101100011110111001010000100110001000101110001
101101111110010111111100110100000111010001100010110011111110
000101100010101011010010001001011011110010011111101100111000
010001100110110011100011101001111010001011011100100100101110
011110100001110001001001100001111010100000100100001110011001
011011100011100001101011111111000011001001011100011010111101
100010001001110010001000001011110011101101011011010010110110
110111111001010111000111000010001010001100001000001100101110
010001101111111011101110100000100100001110111110011011110101
101001000110001111100100011110111111100001011001111101100100
100111111001111101111100010100001010110000011010111000100000
010111100001101001101010110101101110010011101000110010100010
101010001001010000010010010000000101100000001000000111111111
010110111111100000000010011000101000010101010100110001110000
001010101111110111001011100001001110010001111111110001110101
010100100101000111111110011011011110111000111110000010100010
011000011111101100011101110001011000011010100101110001100010
111100011111011111001000111101101101010001011011111010100100
000011011000110000100100000001110001111000110010011100111011
011111101010001111100010111101000000000001110100010001011111
000111010111100010001110111000110100110011101101011100001010
101000000100010000001001110100000101101010100110010010001111
101100101011010010110100011101001000101010011111100101001011
011100111001110000011010101111101110101000001100001001000000
111011111011010110010011011100111100000111001111000001010001
111011001110000000001110010011110110001101110010000000101101
011100100111111111110101000001111110111000011010100001110001
001101010001011101111100001010010000001000000010011100100001
001111000101000100011110100000110011110011101101010000010100
111110010000011110111101111101011101111010111000111100101111
110000100111001001010000111111101100001101110101001111100100
011111101010111111111011000100011101000011110111001001011111
011010010100100010010100100010010100110101100011110110010110
100010001000011000100101101001110000100110000001101111101001
110011111011101011010010111010101001101011111111111110110000
