111000011100101110111010100101000011010101011110100100110010
100100010010010000000001011011100100100000010100011000000000
000000001010100001100000111100111100011111011101011011001001
111011001000111001110001010000011110010010110011111000000001
110010100000110101000000001010001000011100100011110010111001
011000110101111111010001000010100010010000010000111000001011
001100101010101001100000100101001110100100101001000110000011
110100100010000001011100110111011101101001011011001001010011
100101010101111111111111100111011000101111110111011101010010
011011111101010100001010010001110111000001011100000100110111
011110111011010000010001010011010011110011001110011100011110
001111110001101110100100010101110100100110100000101001000100
100000001100000010110011101011111010101010111010011000111010
101100110100110110111110110000010100100111000011110101111111
100100111101101100001101000011100100101000100111111000001000
010110000000001001110110101001001010101011110111011000100011
100110011001010010000100011010001101011010110000011000101100
001001011100101111111100001110110000100111101111100001111110
101111011000101101111001111100110001001100001100111011110111
011101101011001110110111100011100010110010110000000111110111
000100101000101111001101110000100011010111010000001110011010
011110011000011101101001100100100110111011111001110100111011
110011000010001011111011101010100000000101110011111110111111
100000010100110001111110010010001100010001011010011010000000
100010011010011000001011100100001011100011000111111110011111
111010110011011100101111100101011110111100001101001111101001
010010011000001001001011100001000101010110101100110001111010
110001000010111101011000111101001101011010100111101100110001
111111111000101100100011011000101001010101000001010101110110
101000001000000111011001010101011101001011100110100101100011
011001010001000000000010111110100111000010110011010010110110
000110101011111101011011011011101111100010100000010001111010
100110011001111010001001011111101000011110111010010111001011
100100101000001010100011101000101111001001111010011010111110
000101100010111100000011101001111001001111111101010011000110
100000001101010100001101110101101111001101010000111001010101
011100100001101110011001010110111011000000100000000000000000
010000110011101111100000100010111000100110101100110001110011
011001001100100010101001011001100001011010001111111110000001
000110001101101011010110100010101010011010010100001001111110
