010000100010100101000010011110000100110001010110110001001101
101011000111111101011000101001100011001001110010110001000011
000101011000111011100100110011111101111101000111110000000101
000011010000101010001111011111100011010001011010111001100101
011100100001010001100010110000001000100000101101000010101111
000111100101001001100110000001011100000100010110000001100111
000110001001111101111100100110001001111101101001010110100000
101000100010010111111010110111010011000010101100000111011111
011111011000011011100111001100100010011101011000111100101000
111100000101111110000101100001011111110100101101100111011000
110010001111001110010100101001010011101010000001001000101011
100011011010111110100111010101111101000100100011110111101110
111110011100010101101101001000000101001010101101110100101010
011001110100100100110000101011111110101111101100100011001110
100110111100110100111110101110000001010111110110001101001010
111110011000110011010110000010111101101001001101000111111101
101100011011110011000010011001100001100101101011000010011000
010010101010010001011110101000110001011001111111000111101100
100011011001110010001011101101101011011100011010010011100101
101101101010001100100001010111111110111111100011001100010001
010110111000001110110010010000010001111110111001000100011000
110010010000110010001110010100011000100000000111000011011010
111000011011010110110001111100000011011000111000110000010011
110101000100101010011011111101100011011001111111100100111011
010001101000011001101001000101001011000110000011010011100111
111001001111110001001010001001011001000101000100101110000011
100101101110101000010111000001100100011100010000001111110001
001000010011100010100111010011011001010011010111100011000111
101010011110111100000000110010001110011101100001110011100001
111001110001100010100001110111100101001000111010000000110000
110101001001110111010010011100111011101010001101001100101011
101001101011110100111100100000111111001100001001000010111001
010100111000111011000010100101101000001011101111011000100001
101101011000111001010111011101011110101000101100101101010111
110111010010000110101001011100100100011100010110011111101000
110111000000011101011111010001001110010000110101001001111110
010001000000110101110101101111011101110111111100110010000010
110101101010110001110001100001101101001110110000100001101111
100110010010000010011010011010011000111101010010001010111110
001111100110010000101101001111001101101011000100110100001100
