0000011111010011111111001001101111001110011100010000101010100000000100111101111100101110011010100000
0010110000001111011100010010110111111011000010111110001011010100111010001001010010111010011010010110
1101010100111100000111100101101010100000101010011110111001000110101011101100110001011111001101111101
0001101001010110101111001110011000101101001011000101010010101100010101010100011110111010101111101001
0001011110110101001100010111111100100010000001000011011110100011011111100011100100111101110101111010
0001000001011010000000011011110010001100000111100011110010111100111001000101010101101111111111111001
1110110110100000111111011010110011000011001111010000101010000011011101001001011110000100111001111011
0010011101101101001111100000001001101010001111100111010000101100011001101001100110010111000000111111
1110010101011001011010100110101101100100001111010000001100010101001001000000001101111010010111011101
0000101011010100000111000000011101010111110101011110100111001101011010110010010111100010101001011110
1110111110110001101101101011101111111010110110110001011001001110011000101011101100110110010010100001
0000100111011010100111000011111010110100001111100100010110100000010111001100001101100000110110111100
0110100111110011011111010001101001111101011001011101111011000011111011100001001001011011001101011111
0000011100000101101000100100111110100100000111010110000001001011110010101010100011101111011000011011
0011100111011111000100011101011100111010001001111101100100001010000110011111011001111000111000010111
0110111101010000011001011011110110010110011000101101111101100101001101010011110001000011010000110001
0000110011000110111001111001101001111110100111011010111100110101010010111011101111000100011011111111
0101111000111001100110111001111111011111010101011010110010001110010000111000011101000111101111110111
0110001111000111011111010000001010111100010100111000111111000111011001100111011000111101110010011101
1011001011010111000110011100011111011110000110011011100101010001110110011100001111010110101011001111
0110000001000100110011100011010100011101010111101100001001010111100000010111111011001101001010111000
0011000110011000011100110000010100010100001100010010101100100000010110011001111100001100100100100101
0101000011111011010000111001100000010100011011001100001000010010101010011111101111001001111101110100
1011010110000011111000110000110000001110111111001000101011011001010001001001111101011101101010011101
1001001101110110011111101010000010110110010110101000000010100101000101011100010011011110110100100100
0011001101010100011101101011100011101100000101001000111010011110100000010001011011101111100100000011
1111100000000101000000111101111101001100000010100111000111011101000000000111101011100100100001011100
0011000010011111010110111111100000010001010000011110110000101110001010101001011111111110111011010110
1011110011100001000111000101001011010011110001010111010011100101010011011110001000111001101111000011
0110101001111110101100100100011100001000011001011001000011101011001011110111011011100010010010000111
1011100011010100011110100111011000000001111011000001111010000011000100110001001111000110010110110111
1101011101101001101011110010101010111010010100011010101001001101000011001101011100110001011100001010
0101111001101011100001110110010110000101100011100010111010001101011001100101100110000110001011111001
0110110101011010100101110010111100101111111110110100001111110000000110011111110001101000101101111010
0110011000001111100010011000010111010011010011001011101010001110100011011101100011100001100010100100
0010110011100000101001001111101011001010110011100110001011110100000100000011001011000001101010001011
0101010111010110101111100110011111000101110000110111000111001111111111110100011101101001110111011110
1100001101010111001011100000110101100100110110000100000111001111011001101011000111001110001011011100
0101111101111110111011110011001101011100110100100011000101001101100010010100001111111001110101111000
1011110000111111101111000110010010010010001101101101001110000100001000101110000000011100110111000010
1011101101101001111010001110001111011011101111000000100110011011110001010101110100111001110100111100
1010001000000101110011111010000011011110110110011111100111011001001110101101101101100010101011100111
1010110110110011001011110110100000001000100000110010001000100001110000101110110110001101001000110011
1101111001001000001100101111100001100011011010100110000100001011101001011000010101011001011001101111
1110111000011110111011101000011111111100011011111101110110000110000110101011000111100111110110110011
0100100001101100111101000101010010101101000110100100000101000010111110011110110101100001001111101001
0001001110100101010100101001100101110010010011010010001101100100101100110100000101001011001111100111
0010100001100000101001000000000000101110011000001111011000101010011011000101011111110011010010101110
1110101110101010110010101001100010101000010101101111000110001000011010110100111110010000111100010011
0011011000010101100100000111010011010101101000101100101100111110100011100000100111110111010111010110
