001010101101100011100000111011010111100110111101110111010010
110010000010111101010110101010011110110000000010101001110001
110101011011001010001001011000011100000111011000111000000110
100001101001101111011111110000110000101010010011010011101101
001111001011101011010010110000000100001100000010110110111011
100101011111101101100000001000111001000101100101100111110110
000100001111010110010110110011100100000100100001111100000101
000010111011001001110110010001001101001100110011101111101110
101000001100111001100111101001110110101100111111110001100110
100000100001010000001011000001011110101110101110010101011111
101000001010111100110001100101111001101001010111001111110101
001010001111101101110111100101010000010100010000000010111010
000111111100110111010000000100000001000010100001101001010111
110101111101000111001111000101100110111111001101001010100000
000001000000011011000001010001100011101101111010101011110111
110101001010111011110001010010101000101111000100111100010110
010001010010110011010001011011000101000000110001100110001010
101000001101110000010000100010101100011011000001100101110100
000011011000010011000000101111110111101001000100010010101101
101100000011001010100000110101010010101000101001111111111011
000001100100000110100110101100001011011011110111100001101000
010101110010100101100000000111101010001101011101001000110101
000101101000000101010000001101000100011111100011010101010000
101101111100000111100110110101110010011100101011101001010001
100101110010100000011011001001101100100101110100000000000001
100100111001111001011010111000010000000001011111100111001001
001100001011111000111110010111001110001001111011101101001010
101110101110110101101011111101010001011100001010011110011010
001101000010110101001011001110110100111000110010000000100010
011111011010111011001011100001101011010001010110010011001000
010010100111000101110001010100001000100111010010101010011110
100011111101011101101000100000010101000010110000011101000011
100001000110111100101111101101111000011110011000110000101100
101011011010000010000001111100011100101110000100101011010111
011001011001101100110011101110001110011101110010100111101001
010011010101100011100000011111011111000110011011110001010101
011110111100001010011100010101110101010110000101100000000000
010011011000001010110101101000001111010100000010110011111101
010001010100010100001111010011000101110001110101101111100011
001011011011011010101101111100101011101000010101101010111000
