101000010010100000000001000101101011100110101010110001111100
001101110110001010111000000000111100100001101000110111100011
010110000100010011011010101001011101110001000010110000010101
111100000110110010000101011110110100111110000000101001110110
000110101000100010100110001010010010011001100110111100010001
010101101110110001011111110010111110010101111100100000111011
111110101000010110000101011111101011000001000101101010010100
110001000110100111001001100010011110001110001000011101100100
110110010110011010111010000011010100101011001000000000010101
001111110011100101110100001011111001010001100110001101000111
111000011111010001000110111110011101110111110110010110110100
011011000011111001001101011110101010110000101110000000010110
000001011000111011111111001100010000001000010011110101110101
000001000110000110011100111011101111010110110100011101010101
111111011011111111001001100111011101110001111001011000100111
100010110010000111101001101100011001001110010111110100001111
011001001111101001000010011010000010101101011010100100101101
000001011000111001110001011101011011100001111000110101001010
100001010100111010000011111011000111111011100011000001100111
110101101100101110110001011011110110001110111110010000001000
000111001101100011001110110011110111010000010100011101100101
011100011000111011111101011110101111100101011111001010110101
111010110111011010011010001001110111010001000001110001111101
100001010110110000100100110000101011011100000010010101001100
011100001010111111001011110001011110000101001100011110001011
001000110111011010001000110001001100100001110100101000001101
010011111000111000110001101000110111110010000110110000001111
111011101001110001111100001100111010010100111110101111011011
010000110010101001101111001000110101011001011101010110101100
110000111110011110111011111000001011110100100001111100100011
101001100111010011110100110010010101100011101100010001011111
000110010000011010111101011110001000000011100010100000110000
110101001011101001100010111011111010001111011001000001100001
101010001111101000000001101110100100000011010011101111100111
000101111001011100100101010111010101011010101010011010101011
101010110001101011100101001100101000000101011001110111111100
101100100111111010011111001100010100111100111100000100001001
000001100101011001001011111011001001010101010111100011000100
111111101010001010101100000100110111111010010010111001110101
110111010100100100111101001000010100000011011001001011101110
