110000010010110000010011010100111000010110000011100001101110
111010100111111100101001010100000010000101110001001010001110
110001111010100111101111001010110000010010100001011111010010
001100001011001111110101100010110111001010000110011000111010
001011110001100010100000011001001101010011001111111010101000
000001011101001110010001011000110101111000001111001010000001
010000010000011110110011100111110011111001000000000100111010
101100011111100010110101001111110110101001000001100001111110
010011110001110110101011001000010001001100010101111011000100
110101000100111001010110011010011111100110011100110000101100
110010100001100000100011010000010011010101011000010100001111
000000110110100011001010101010001100111111100000110101001000
100010100000000001110110111100001101111100111011001100011010
110111111111001000111101000001010101011111000110111100001110
111011010110101011011000100100111100111000001101100011011100
001001010110110111100010110000101000011100111100011010100010
011111011011111100111110010001001110111111010011000101011101
000111110111110111000110111110110100010001101100000000110010
011011000000010110001111101011101111110001001100000101011101
011110100001000101101111110101110111101010111100011111101001
101110110100110000011101011010101000111010110110011110011110
000000101111011010011101010010110111011111111110100011010111
101000001001111000001110110110111111001000111010101110111100
101100100100000100010101000010101011011000111000001000110001
010101001111010000011100111110001011001001010100101100011001
011110101001100100011100100111100001011100101110111101011011
001101101111000101101001010101110100100111011101100000110000
110001010110111111010101110100011100010011010010111001100011
000011011101000011011000110010100001011101100000101111000110
100111110111011010010010001001100100011111011011010000111010
010100011001000110000101000110011010001111001111000001000100
100001000001110001010001100110010101110110000110110111101100
101100001011000101101110010011100010011011010011011101011100
110100000100000111001100000001010101110001000010110100011110
001011000101110000010010101010100010001111001100011100010011
100111010010101001000111111100001101101010010000101010110111
100001111101010100101010011111101010111001111010101000110111
000011001010000000011001101011011000101110110111100010100011
100001111110000111011010101100000000110011010001111110110011
110111011010000111011010100001000010101110011011100110001011
