110100111110010001100011110111111100001011110111000111101010
111100101010110111010001111011100001101101110010000000011011
001110001110001001101000000111001001101100010000111000011100
010110110000000110011110000001110001100101100101001111100011
010101111010111101001111110100010001011011001110110000110101
101011110101101001001110000000010011010101011111001101110011
001100100010010000001011001011001110101110010010100111101001
010000101101101100000011001001100110001111101101000001100010
010100001110110101010001011110010011100011010011101110100101
101011011110001110001011001010010111001101011111110111000000
001111011100100010111110100011111111001010011111110010000101
100011011001000010011111010100000100000000101111000100000110
100101100001100100101010101001110101010101110000110010111110
001111111110010011010011111001011000011011000110010010110011
110011001001001000110001011110001101011001101001100100111111
101110010011100001100010001001100111010101001111101100010010
111011101111110111100011011100001101111001100110001010011101
011011000101010101011001100011001010100011001100001011101000
001111111110001101011100100111010011010111110101111011111100
110010001100101000010110101000100100110100111101111001011111
000110100001001011011010111001110110100101111000100010010110
011101111101001000000010100101010101101001100000110101110011
110110100001000111010100101111110000100010000100111001110001
100101001101000100011111001000110001111011010000000010000100
001000001000111000010111001001010001110111101101100101001011
010110101111101111010001010001100110010011001110110110110000
101110011111111010101000100011110110010101101010111000100010
010111101011100110110100010111101010010101000011010101011001
011001001010000111100001010101011110000100110100101110100000
101100001001110000101000011000000011010011111110001010000100
010001010011000100110111101100000010111000111110111011000101
101110011100000110101100011110001101001101101101010111011110
011010000111000001010000111000101100011000011011111011110000
100101000010011010000000010011010111001000001100110100011011
101110010101011000011101010110100011010001010001111001111111
101000100111101010010001101001001010110111101010110001100110
100010100001110111010111111100011011111101111001100000111010
011110000101100111010111100000111110101000010101110100101101
000101110100001001010111011110001111011000010011010111010101
100110010001100011001001000001110011010000001101100000110010
