111011000100010011001101001001101011111000000001000101100010
001100101101110000101010001101111010010010110001011101110111
101111000110111100100000001101001001011001010001101101010011
101011100011111111011011101111111001100000010110101001101000
100010101000100010110011100011000110011100110011010100111001
011000011000100010110101111000010011100010010101101111101011
110010001010100001001100100010010001011101010001110010100100
110110110000101101001101101010110101110111111111000010101100
001011001001100111011110100110101001011101110110100010001000
100111011001010001000010011100001010101011001100101111000111
000010001101000010001010111100000001100000101111110010110001
011010110111011100010100000011111000110100010011000111010111
010000001101100101101110100010110100100111001001010000001101
110010000000010000010011000110011110010010011011001000110111
001000010011101010100101001101110011001000011100101111111110
010010111101000001110001101110010010101010101010101011010100
111011100101110101011011011001111110100011101000110110101101
101001011010111101001100010100011111110010101010100110111111
010100010111111000110101101010100000110100000010101100110101
110001100110001010110101010111001011010010110001010101110001
010111010000111011101000001111010010001011111111001011011000
111101101110000000111111011110010011110011011101010101101001
000011010100001001110110100110011111111011100011101001100010
111001000111111110001000001011100111011011101101001111110110
000001011010100100110000001011010011010111111001100010111011
010010111010110011010101001111000001010101110100101001111111
101111010001010110101000101001000100000001111111011000101101
100001100101010110111011001000011110010001010111000110110010
000101000111111000011110101010001101101001010000101000101110
000010000101110101111111010100010100011111001000111101001110
110101001011000100100001110010001100001101010000110011001110
100110001010010110110001100010001010100110101100110101101010
110110110100010111111100010010000001110101110100111100100101
001111111100010010011111110000101000100100100101001110001101
110110000111110001111011000101000010001111101001101010000101
110111101011110011100101100110101011110101010001110111101100
111100001111111101111101000010101000001111111010101101110101
001001011100011100001010000010000011001010000101100110010110
111110011011001110010100001110011110111010011100111100001001
100111100111011110000111111101100010010000101000110110000001
