010101001100111101111010000111100000100010000001100110011100
000101010101100101011111110111101101010000100011010011001001
110101100111101010011001000001000000000101000010101111010011
000010010100100110000010110010010011000101111011010010101000
011010010000001001101010100101000100010000110110111110000101
000011110001111001000000010110010101101000011010111001010110
010010011001111111001100000101110100100001011000010100111001
100001110000110110100001111111110000001111011101111000000100
011001111001101001101101000110100011010110100100010110100100
100101011011011011011001011010010010111000101010001000101011
101001111100000010110100001100000010000011111111000010000101
101111011011100011111011001110011111110101000111001101000011
111011001011101111110110100101110000111010101110011000011001
000100101111111101010001011101101011111110110110000100011010
001011111100001101101000100111011001010000101000000100101001
010110100111111001010111000100001100110000110011001011100000
110101111011000101011101110101100111111111010010100000100100
010111000011011100001011000101001010100111010001100001111101
100100010010101001101001000010010001101100111001111101110011
100100010001111111000010101010100110100111001010100110000101
000100110011000111101010000001001010111100111111001101100011
001100000010010001001110100011011111011011111101001111011111
000111011111010001101111011000101100111000111101010110101000
000011110100100100100100010010111100100000100010111111100010
010000011001100011011111001001100011111011100011011001011011
111110101111001111110010011000000101100011000001110101000101
111100000111110111001101101101100110011000000110011010111100
101010001001111000000100100111110010010101001100001000010001
010000100001101101010011010101101010010011110111010101010011
111111110111111101011111111111001101010001100011010010101010
100001000000111110111110101101000111001000010111001000010001
101001010110100001100001100000000101101011111111111001000000
010100100010010100111010011101001011101100111000001001010111
101000011000010000000110010100110110001110101010011111000110
110001111011000100001011110000101101111000100111101100000000
001101010000110101000111100000000001001000001000111011000001
011011110110001010011011111000011110110000010000100011111101
110001000100111011001011100001001101110000101000000110110011
100101110100100011010000100011011100000010001101001110011000
110110111010011111011011101010010000110100100100100101111010
