001001001101101110111011111000101111100010011000000111100000
100000101111101011101110000011010110001000001101000100110010
010100001001010100011100001000111110001000101011000010000001
000110001100101110100001110110110011101011010111100100000101
101001000110111100100000010010110011000001101100010101100100
001100100111000011111100011110001010110000100111101001110010
100000000101001110111101011110001101101101000010001010110111
010011111011111110111011100001110110111001100001111110011111
000100101111100111001010010001001000001100011011000100000000
100000100110111100001101101000100010101001100010101101000100
110101011101011100100101010000001110101000010011001000000100
110101101111011010000011010011001110000010111001111001011011
001101000010011111111100011001111011010011100110110000101000
110110110011111110101111110011101100101011100100011011100100
010000101100010111001001100000010101010100111110101000000001
111101100011010111011011010001000011001000001010000101100101
011100011100101001001100010101110011001101000110011011101101
010010011110100100101111101011001011100011010000010110011110
100110011100100010010010101110100010101011110011110110010100
000100011100010100000001000101101001100000110101111100010111
000010011100100010110010110101101100011110101000111110100100
000001101110000101011010000110011011100100010010010011001000
110101111101110101111100001101100000011010011110101010100111
100100001001111111101111110000000111111101111011111011111011
101111010110110010001101101011011101101101001101111110010000
000101000100011100010110100001001111100001010010110010101000
010011110010111001011011010101010100100111101010010100010111
000101010100001110100110110110101010000101001000000001011010
000000100101000011111010011011001101010011000000111100011000
000010111011010000110001111101111000000110111110010000011011
011101100011011101111100001110101111000100101101101010000111
001001101011001000100010000110000101100111000110110110111000
101111011110001101110111111001110101111010111011100101011011
100101111001111000110110110111001011011011111111010100111111
101000100101110011101011111001101111000110001111100000000001
011100000011000010010111100010111011001010101000101111000000
011000011000000000001011011100000001000101000000110111010000
110111101101000100000100100111011011100101101001100111111110
000111111100110011010111110001001110000101011001110101011110
011110011000111000010100000001000111111011001010001010101011
