001110001001000000101001010111011100010100010010001001001111
101011011000010100100101110001110110111111010100000010010011
110100001100100111100000100011011100011000111011001100110000
111111101010101110000010101111001100100010100111101011011111
100000010111010001111010010000011000010101000110001001110011
100011110100000111111101010010011010111010100101110100010110
011110101111101000100010111010010000110011001010101011101101
011001011010111111001100011001010101000100010010000000001000
011100100001001000111000001001010111101110000010001110001101
000010111000011001100110101100001000011000011001011011110110
000010111010101111110000000011001000110000010001011100011011
001110001000001110110010111110010101111110010010010000100110
010100100010111111000010111111011111101100000000011011111110
100010001111110000011111111111000110001101111011111111011001
111010011110011011100001100010111111011010111000000101110011
111101000101101100110000010100011100011100110100010100100000
010110001111111000000111010010110001010100001110101000111000
110011100000001110101001100000001111000111011100000011111111
110100000010000001111100011010100101101011011000111011000111
010001000010011100000101111001111101110101111111111101101110
000011111001001111011100010011111011100100011111010001110001
010101110011101110010111100110000000010111110000011000100111
000111111101101010101010010011011001001000101001101111101110
010101010011100111100011100110011101111011110110101101000010
000100110100111010000110100010010000000001101111100110110000
100011111101011100111000101000010110000111000010100011001111
110011001000001011001001111011100101001011011111100100101110
110010000001000000111100101010011100010001000011100110101010
111001001100000110110000000111110111100010111111110110100011
011100100100010111100100110011001000011000000000111000001100
101100000101011110011110100101110111101010000011011100100010
010111001001010011011001100011011101101001001101000100100111
010100101110100001000110000001011000111110111001001101011111
000111101000001010011011001101001000001110001000100000100111
101011000111111000110010100100011111111101101001011101100000
001000110101011011010111110001101010011001000001100010001101
011111011001011011000000101001110010111111100011110100101010
110000001101001100000111100100001000010111101101111100101100
011000100101110001101100110000110110001011100011111000111000
100011110101110111111110101110110101010111111001110100011110
