011011111110111111110100001000000010100111101101110011010100
011011110001110010000011000101101110010110110011101001001000
101110001100001100110000101001100000101000100110011110000010
010010101000111110000001000011100010010011101001111001001011
110101010000110100001001000100101011101100000011000100011100
011011111101010000111111001111110100000001000111101011000101
101111011111000000101111100110011000011001011100000110110101
000010111001110001111101011111000001100010000101101100110110
110011011000011101010011001101010100011101010101110101011001
111101110100111010110001100011011010000100000000111101010011
000011011000000110011100011001011010100101110101000111011011
010000010000100111101001011011000110100100010010001000101110
110101000110101001110011011010010110110101010010001001011000
111010110110011010111011101010101111110110100111000101001010
100110000101000011101100010101011100110110101100000011011000
110100010000110001001101001001100110001000011110001010100111
111010010100000111100010100000011001011000100001100101101100
001000001101101010011011011001010000100110001001100100110011
100000000110000110111110010011010111110001000100100101101101
011110110111111101111110001110000001100011011111101111111011
111101101110000000001100001010100010111100100010001100011010
110111110000110111000010001110001111011001001001110010000111
001001101010000011111111100010111101010110000001011011001101
101000110000011010100011110011110111110101111000001010001110
111010001101000000001110101110001001101111000101111000100010
110110011110111011000000100110101100010111011110010000001000
110011111110001000110100001000111100101011110111111101011111
110000010010001001111010101000100111010111110000010111110001
011001110001010011110111110010101111100101110010000011100001
110011011110010100110001111111100001010001110110110010101100
011110001101001010011110111000100111011000011010101011000101
001011001001001000100100011000011100011011010011101110000001
100001100000011000010111100000010000110100100110100001000000
011110100000010110000000110111001101010001000111000111101110
000000000101100111111111110100011111111101001001000011110100
110011000101101001101011101111100101110010001010111111110001
100110001010011010010010111010000000011110111100110110010001
010011010011011010100011100111010111100101101111010100000110
001100000010111000100111100110010110111111000110111101110001
100111001010110100101111011110110100110100001011000001111100
