010101011011011100101111010100001010010010111111011100101010
110000011110100011100110110100101010011111101111111010101001
111100100010011110000010000111001100110110111001000000000010
000110011011011001011011111000000010011111101011011001001110
001101111101111111100011010011000010010101010000010111011100
001000100101001011111101011110011111010011010100110001011000
010101000000101011011111000010101000100010111001010010001111
100001001110010111100000000001110111100110000000111110010110
101011100011111011001010100001100110100110001000111101110010
101111010100101100100011001111101000110000000010000101010001
010110111100101111101101101101111101101101110101000101001111
011010101110101010110111100010101111001110101110101110101111
010000000010111000100001100010010000011011100100010100100100
001010101001111001011010011011001100111101000111101111000110
001011101111001110110100000111100000111100110101111110101001
110001010001010010100010001111000001001011110100001001110100
100101101110110010011001110010001000100000000010101000000001
011101011111011101110011100001100110100011011111011100100101
101101000000101100100010111111000101001010110100010000011010
101111111110110001010010110110010110100111101010011000111001
010110000001000000110001001100111000110101011111110110111100
100101000100000001100011110110010101100011001001101001011111
010001111011101011101000001011101010010000001101100101000111
010011010001111011101000000110110111000010111100010011111101
000001000110100001001111111100011001100101100111001001111111
001100001100100111001010010000000110001111011010111101111011
100001111101100011011001010001011111110100001110101111100011
110000100000000110000000010110111110110101101101011000010100
001110010010111101100101010000011001100010101100011101100010
111001011101010110011100001010100101100010011010011011101000
101010110111110001100011001100111101101011001001000011111010
000011111111000101101111001100110110000110011010011111100001
011000010011001110100001010100011011010101101100100101010001
111101111001111001010000000110100000111000100000010000011010
100010000111110011100011011110010001110000111101000001011110
101101111011100011110011110001101000001010001100011110111000
011011011111111011001010101000100111110001110001011111101111
000010011000111110000001101100110111001011110101001011111001
101001110100110010100001010101001110111010100111000011011010
101000011001100110001111001101001110101000000101100100011000
