011000001110000010100100011111110010011100100011100110011101
010010011100000101000100001010011000111100111100110011111001
101110001111111000000001011000101011101100110100011111111001
110110011000000100011110100100100001111100101111111001111001
001110011111000010010110100011010010000011001100111100010000
001010001111001010100010001100111111110111111100000111111011
001110010010001110111101110010110010101001001001100101100101
010010011100101111101100100100000101101011111110010001110101
010000100100110000011011011101110100101100001111000011001000
100111110101010000100010110100000000001010011100100000011110
000010001111011011001001000100110011101100000111111101000011
000011110011101100010001110010111010011110100010100101110100
001010110100001000100001101111001000111011101100010001010001
111101101111111001111011001100110111100100101111001001101101
100011001111101100001100000101000000000001100010010101101100
010010001001010100110101101001100110010111010110100001100011
110010111110110110100101101000111101100110110000100110100111
101011010110101000000001110100110101001100101000001001110111
100111110010011100110011100010000111010100001111100100101011
001000111001110011011000010100110010010111100000010101100001
111110011000011001000111001111011010110001001001110110001011
100100110010110010010010101011011010010110110100001001010101
010011101111110110111010010101110101010000011000001011011100
101111111010101000011100000110100000101000001111011111011001
110010110101011000011010000000110100111011111110011110111000
101110000011011010110101100100000110111100000101001111011100
001010111111000001001000010011101101010101111110101100100101
101100010100011011010001100010111000011011010000000010001001
100111110011010000011000101011101010100111100010101110010010
110100111011110111011100000000000111100011111100101111001100
101110001010110001001001000000001001010001101110010001011101
110101011001100101101111011110110010011001001100000010011100
110010000111010011111101010100111001110000101010101011111011
001110000011101000111111110010100011010001011111101100110011
000011111100000011100110010101110001010001011101111000111101
011111101001111011000111110010110011001110111110101100001100
010100101001111001101111001100101000010001101101010001101111
011110100110010111000000101010000110110011001111100110100101
000110001101011100010111101010011111010100000110101111000001
001100111011110101011101001000100100001101110011011111111000
