101001111011110110001110111000111100100110011010010010010000
001011010101001100111000111011011011101100110100010111010001
101010110101001000001110010001011010000000110011011010111010
111011010011011100011111101010000110001010101011001010011001
000000000111011110101101100101010001111100010100011000101011
000001000100101011011100101111011000000001001111100110011000
110100001001010010000001100101111101000001010011010000101101
011001010000100001011110010010110101111010111100110000000111
000011011111100100001010100101101010101100010010001111001011
100100010110001001110100010011110001100110000001000001110101
000101001000110010011011001110101000000110110001100101011110
101110101101110100000001010101001010101010001011011010001110
011011101110001011110000001110011001001001001000110001100001
110101110110110011001001011001111000010110000000001101100011
110100110000011111010100001001110110010011010011101010001101
011011001011010010010101000111110000000011001011110100101101
000111011011000000001100101110001111110000100110101010011011
011101001110100110100111111101001111000111000010001100000101
001011110111010001111100000100010011101001011101100101110111
010100010101011000100101111111010100001011111111101001001111
111001110111011000100111111101000110000010000100010011000101
100100111011000000000010010101111010001110110010111000011100
111010110100110101001010101101010111101100010011101011011001
010000001100100100110010001101011110101010100001100011101110
010011100101101011000100110111000000000000001110010110000110
111101101011001110111110100000010011011011110111101000000100
110101000011101010000010011110110100101110010000010010101100
100110101101001011100100011010101010000101011011000101100110
011100100010111010010110010101000100110001001001000011001011
101000010000110111100100010111000101011110010001111101010110
000110111111100011111111010110100000001110101101101101110011
000111000000001011111111111010001101101111011110010001011101
011100110111011100001110011100110110111011001110100100001011
100010011111100110111001011000111000110010111110100100100000
010101111101011001000001011110011011111010111110000110101110
101110001101010010101101100110111011000001010011111011010001
011011000010101001110010110001111011100000000111001111110000
001100111110110101111111010001010000011001000111001110000000
101010100011011011011001011011000001001001101101110110100011
011010000011000110110011001100010011100111000001010100001000
