101000011110010000000110011110001101001100111111001000010110
111001111001110001110111011000110101000110110000001100111101
100100011100000101011000100101110010100110001010111111001010
100100011011101101111010101111010110000100000100000000011011
101101111011100011111110000111011001001100001101011101100001
001010010011101000111000001111100100101111001100110010111101
010000011010001101000001101110100101111110000001010111010100
011010100010101000000100110101110011010101110101101001110000
000001000111100011100001000110000010001110101101011101001111
111110001100011111111010000101000101010111111000000000110000
101001011000000011111100010000001001001111111101000000101001
110111111100100010111111000001011110010011100101010011110101
100000001010011101111001111111000111000101011001011101101100
110100000000101110100111101011000000111011001101011100000111
011100000010011111111010010001011101000011111010001111100001
001111100010011101000000001111111100010010111011000100001010
010100011100111101001000101001110111001010100011111010110111
101100101000111011010110010110010111001101101100111000101000
111011110101110011101100010000011100011011100010111101111110
100010100001000111110001101111101101000010111000100110011110
110010010010010011111101101000001110110000010010110101110001
010000000111000011101001100110001110100010110000000110101110
101111101101100100101000000000100101101111111111101000011110
101111011011001110100010001100010111100011000110111000000111
101001001111011111000110000000011010001001011001011011011010
011111001010100100100001000110010111110100100110100011011001
001100001010110100100010101010000101011100001001001101001000
111011110101011000100110000111001000110101110010101101010011
101101010000000001100110001100100110101111011101101011111000
111101111001101011011001110110000011100101010101001011001011
000011000000010010000010101101110001100011011011100111100000
100000111010010101000000000110000000101111000000100111111011
011111111110001101110111111110101111110010011010010010111100
100010001110011000010011010001111001001010010111000111110110
111010110101011100110110111110000110000010111001010111001011
000001101110000001001101010011101000001110010110100011111011
000100110010000100001101100010011111011011000111011001111101
111100000010111010001000101010000011000101111011000000010011
111000001111000011110010001111101011101001110011111100010101
111001110000001111100101000110011000001101001000011010011011
