101101110110110000101111110100100111101010110001100010000111
110000001100011110011100001001011111110100011010010010001001
111110000011000111110100111010010100101001110001110000111011
111100101100000010011000011100001110111011111100110100110001
100000100111000010110101001100011011001001101010010011000010
000111111100110000100001000011000001100010110010011111011100
111000010000110010100111010000011100110000001111001111100101
010011010100110000011111000000011011111111010010011000100101
000111001011000000011000101010101011000100100000001101010011
000111011011110000000101101001001110010001101010100101101101
000010111000000100000011100011100111111100110011010010000011
111110000111100000100101011010010100110101110111110110101010
110101101011111100101111101010001010100010000010000100000010
111001011111000111010100001011111111101001010000101110010000
000010111010000111010001010001100000111111001001110000000011
001011110101001011110011100110110110101100110011100010010111
011010100101110010101111011100101001000101001111100000001000
011000100011100110011111001110110101010011100110101011010011
011010100111110001101110011101110101101100110101011101100100
111111101100001110110100010001101001011010000110100000001110
001001100001010000011010010110000000110010101111100000110100
100001010111100110011001000001011110011001100011000111110111
101100000110001011100000010110111011100101110101000111010010
010101100000100110010001101100010000101101110000000111100110
000000101100100001000000010101101011111001011111001100101110
010001110111110110100010011100010110100010011010100110100011
110100101001011100001100100001111000001010101111001001101001
111000101000011101000100010011110000111100100101110110011000
100101001011100101001000000110001011110001111101111000111110
010100011011011101001010110000010111100000001110110010011011
000001010011101010010101101110101101101111001000011110010011
101100101110001011100000100001101000011011100101000101101110
100010110000010010010000111001111000101101010000011001001110
110001101101011101110111111001000100000100011110101010111001
001111110011100110100010011100000111000101101001010100101011
010100110101010100011000111001011011001111001110100000010000
000101110111100100000100001110111101100001010010100101110000
001001001001101101110111011000101111111000100101010110111010
100010010101001100010100001001110101000001111010111010111001
110111000010011010001011011110110101100011010001100001000111
