101110001010010001111100001011110011000011111001011100000101
111010111010110011101111000111000110111001101000001011100001
110011101101110000011011011110000001010101101111000110000110
000011001000110101111010101101000010110001110000000010100001
111100111001001011100001101011110011111101111001010111110111
100001110110101011000000010011101001011011011100010011110111
010000000100011001001111011000100110110000110111011010010110
110111010111010000101010000101010101010010101101110000011101
001011100000110101110011110001111010100001000111101001010100
111010010101100000000010110100011111010011111000110101010100
000010100111111100011110101111100100011001010110011011110001
011010110011100100101010011111110000101100000010111011011110
001110111101000000101010000010111010001111110100001001111000
010011100000101001100001111101000001011001111100010111100110
001011011111000110101011100010011011000101100110000110011001
110000110101010111100000101010000110000100000110100010101101
000000000011000111001110000101100001010011100001001111110011
101011000010100011011000110100100100010100010000001010011001
010100101101100010000101100010110111001111011010001111111010
111010001111100010101101010110000101001100000100101110000100
011000011011110001001101101100001010110000001000001100000001
010000110011011011111010010000001000001000000000011101010110
000010110011110000011000011111111001100110000100101000001110
011001011100001100101000100010010011111000100101011100000110
010110011100011011011000101010101000111101000010110101100011
010111101011100100010101001111111010000001111011100000100001
101000010100011010001110111100101111110011111011111000100011
011010101101101000011000000110111100100010111110110000110010
000111111001101110011101101010011100000100111100001110001110
000111000111110011101101000000011000100000000101000110110010
011001111000111111001000010001101111101101000111100001000010
101011000010111001011111010000011001011011101010011011001100
100011101111110111101010001100111011101011010011000111100110
011000011010111011110001011100011010001101111010011010001111
111010101100010100101000001110101110011010000111001001000010
000011001101100100010001001001011111100101000000001110000011
111100111111010111010011001001101010110110110101111101010000
001101001001110000100011000111010001011001011010010010110011
001110010110110000010010001000001100000011011100001001001001
101011010000111101000111001110001010111000111000111100000011
