110010110111001000101110001001100011011000000010011100101001
111010111001101111000111100000010101110010000100010110001011
110011110110001000001011100001000000001001111000101111001000
110111111111111101010000111101010011111110001100100000001000
101111010101001101111010011111101100101100011111011010001011
011011111100101110101001010011110100101000110100110011001011
110000011011101001100000111000101101000110101100110111000111
000000011011110101100101011010101110110000011000000111010111
111010011001101011111010100110001000100000111000111100111110
000100111011111111000001000111011100100100010110110001100111
001001101111100100010111011100111110111011100011011101011100
001011101100011001010011101000001010001101101110110001011001
000110000101100011110000000001000000101010101000000011111100
011111101010010101111011111010111101110101000000101001101111
001110010011100000100101101011101110101001100010001011000010
110110001010000011111100011000101111001101011000000000010011
010101010100011011001100001111010000110110111001000100110111
010110101100000110000001100001001010001010011101111100001000
110100000110010100010000001110101010111001110000011001001101
011010010010010001001100001010111111111010111000001101100101
011000010100000001000001011100110000110010111100100000101100
101111101011000110100010100001101001011011001110111011010100
000110100010100111100010000001001001010110010101101010001111
110011101101010000000111000010010110100100001111010000001011
011101110100010111000001001110000100000000011001101000101111
001001101101000101010110010000001110000001010100111111101110
000001011110001000011011100000110111011011100001100011010011
001111100001110110010100101110011101110101111100000001011001
101111111100110010111111110110000110111100010110111001011011
010110000110110010100001110000011001010111101010111110011001
101001111001010011000100101101100111101110001100111101010100
101101001101000110001101101100101000111010010000101011101000
101001111001101000010101001100010011011101111011101001000101
110011001000111100011111000001110100011011101011110010010000
011000101111011100111100111011010101010111100001111100001001
000010000011000010100010011110111110011110111011011010101111
000011011100001100001110111010110000000011010110100000110110
000011000100100100100111011010110100101011100000000110001001
101111110010000100010011000101011101010110010110011000101101
011110011010011100100001110001110110110011000101011010111010
