011110110111001101101011000111101000100110000011100100011101
100011010101000001001100000100000111000011110111101100001100
010101000000010011001111011111110101001011011000011001001010
011001000100000100000000001011110011100101001101100110110111
011111001110001100100110011100010110000111000111111100010100
001100001001101110001010100000001111010101111111110011011001
111000010110110101101111110110110110110010011111011111001011
011110100000010100110001001010111110100100000101100010011010
100000111101110111111001110101010111001101101101101010110101
110011001000001011110111010110100000010011011101101101101111
010001011111011000110011100010100010111100011011001111011011
101001010001110001101011111010000100101101000010111010010110
100110111101000100101010111010101000011011101010001111110011
010101110100010001011000101101100100110110010110000101100001
001001101111101010111100110101001011000000100001001101110111
011100010100000011111010110001100101001000011011001011011101
101110100100101010001010100110010111011001110001110111000100
100110100101000011010001000001011101000110000000111111100110
001100000110000100000100010110110101000100010010111110010011
011110010000110001100101001101100000101011010011001000101101
101110110001100000011110000100000100000101111000111011111100
001100101111001111001111101100110001001001101100001110000001
001011010011000001101001000111101110100100110011111100111000
100011000100010011111100101100111101110011111100001100100110
110001111010101110110101101011011100001001011100011000100000
100111110111000001100001000010110100111011101101101000010010
111001011010010001001100111100101001011011110011100110100011
010110001100010000010011111100010001011011001000110010111111
110100010011101101111011001000000110101111110010001001111010
010011001100000111011100100000011011111110000011011111000001
011100110101011101111000101101000101000010111011001001111010
111101111100111010110101000110001100000010111010101100101110
001000110000010101011110110101000110010001101000100011110101
101010000100110010011110111010010000001111111111000101100111
111000111011100001001011000100000001001101100101001011001010
110000101011000000111110000000010011111111001111110111111011
110111011111010010101010100000101101000001001010100101111010
111011101001111111110000101111111000000011111100100110101010
110101100010000000100111000111100101110011110011000011011011
101111000111001011111101101011010101100010000100000100001111
