011111101001110010101011111100000010001111011110110110011101
001111100101110011100101111001011111110000000100011110110111
111000001110100001001011111001100100010010001000100001101000
001001001010000111000111100100101001011100100110000110010101
011010110101110011101001110001011111010000001110111100000011
101001101011100000010101000001110010111101010101111000111011
001110100110100010011100011100110001111100010110110111100101
111011111010100001110100000000011010111010011010111100100001
001101100111000111011011100101000111101000110000011110011011
001010100100111100111001011010000011110101101110100010100001
111010111011111100011011111100110100000100110110001111000101
011100000010001111011011111010111011101011111111011010000111
100110101111110010101111100000100010001000111010000101101100
100111111110001111100001010010110111100110111100100001101111
101100010010001111001110101001001100011011110011001110011000
101101000110000001010100101000000100001100111100111000101010
100000101000001110001101100101110111111000111110101011010011
101100001110011110110100100001110010001111000010110010010100
001101000010110101111010100010101000100111001100110100111111
111110011111101000101001001110011111111100100000111011100000
000000000001101100101000001110111101100101101011110111110001
010111011010011001100110110100100001101101110101101000010010
000010000101100111101000001101110010110111001001001100110111
000101011111111100110110100011010001101111111011010011010110
000100111011100001001111100000011010010110111010111001111011
110101110001000010001111010001001001000001000111010001100000
001110111110100010010010001100101001110010111000010000111000
110100110111100100111000000111010010001001110010110001101001
001110111000110001100100010000011101100011110010100010000111
100101101111001010101001111110011111110010110111101000111100
010001001000110100001010101000100110000101110111011101110000
110100111011000111011000000101100001000111100100000101010001
111100110010100010000111100001000111001101110011011101111000
001111100000101000011011001000101100010011010000001001001110
100000100000000110000101101000001101100001101110111110000011
110011011000000000100110000111110010101110011001100010011010
000001110010001101111001000101010000110100001010100000000111
111111001111100110011000111000000100100110100111011111011100
110011101001000100100010011011111101111110101110010111111010
110100001010011101101100000111010011010110110000010010101010
