110100100011001011010110100100000011010011100000101010001000
101111001000100101001101111011001010101110010000111011001000
101001011101010010100101101010001101010100001010100011010110
110110111111110100101110110000011010100001101000111111111010
100100010010011100011110010101011000011011010101101110001001
100111101000110011100000101101011100100100101010000000000011
110111011110100100111110110001110001110110000000110010010111
101101101000001100000111110000001111100101111111001101101000
111101100100111110101101100101001010001100000110111000000010
001011100111110110000101000110110011000011110000101010001000
111110010111110000111110101110101011010010110010000001111001
010011000110111100011011010001101000000111001000000011001100
011110010111101101011110011101110110101101000000011010001100
110110010011000101000110001110000000000011100100100001011010
110001101110001100010101110011010111111011100100101010110011
100110111101001000100100100000110111010001011111111001100110
101111011010001011011100010111101100001101110001111110010000
110001100111111000110011111010111011111110110000011011000001
001000010110001011001110000000100010000001110010111011001110
100110110001001100000000111111110100011011010100001011010001
110011011000010001010001000000011110100011010101100101010001
110110111101100011100000011000111001010100000011101000000101
011001111001000001110001011010011111001100111011100000000100
110000100101101101010011001110101101001000110010110101011111
000100101111011100111011000101110101010110100111110001001001
001110010000001011111111000111111001101001000110110011110011
011011100001111111110110001111101000010111101100111100011010
110101110101101101100000110100110100111001011000100011010110
001110101001111111011000110001110100110110001011000111010100
010100100010011000011101110000011000011001101011010010011100
010011101011101100110011001111100011101100001110100001011111
100000101011000111001011010011000010011111101001001001001010
100000101010100111001011000010000010101001010111110010111011
111001101001001110111011011100000001100100011011101001111111
001011100110110011001110011100110110011101110110101101110100
110100100000001100100111111100101010110000110101011010100010
110101001111010101011000110011010001110000100010111110111001
000001010111100000110010000111000110010010110101101010000001
010110001010100101101000100101101001111100011010111011000001
110101011001010000001101110100101001010100100111100110111000
