100001101101001001110100101001000011001001101010101100001001
010000101110011100100000111110010000101001101100010010101001
111110011100001011111101100110111110010011001111100000111011
110111111101000011110110000000001100000001001100111111011001
011110101110101110000001010001110000110110110111001001000111
111001100100011101010010100010001111100101101110100001010111
000000000110101001101001001101100001111100111010001011000011
101111010001001110010111100111100011100000010100110100101100
101110011001101100100000110010010010111100000100011010111111
010000100101011001110010011010010011111100000111111010010110
111100100011100110011000110100001110111010001111001101011000
001010101011100100011010000100100111101000001101110110111100
111000011110011001010011010000100110011100010100010111111110
111101011000011111101110111011010011100011100001001110101001
100110100000101011101001000000110001000111001100010111101000
000000010011100101111100111010010011110000110010010000001001
001110000011011101101011100111100110111100000001101110100110
001101001000010111010011011000000010010001101000110011000010
011011110101000011111010101000011010100101100000000101011110
010011010010101110000001110111111010100001001111110011111011
111010110101010111111100100110011001000000000110101101100100
111010011000000001001111100001000010000110100100101111101000
110100001011000010011110011000000010011101110100000100011010
001111010001100000101110011000110000101001010110111111010110
000000010100001011010110001010011101000011110010101000001100
111010001100111001001000010101001010111001101111010111010001
111010100100101101001010101010100001110111011011001101011010
001000000011100110001101010011110111000110010111111110001011
100000011111011101100110011000101010001001010011100000110110
010011101011100101011101100000111100101001111110111101011000
011001010010011100101110110100000000001000011000011110101100
110000001111111010100000010101110001100100111111101001001010
111110001011010111111111111101100000101101111100100100011111
001000100110000101101011010110000001011011011001010110110001
010110110011001011010110100011101100100111011100010110000001
101101011110001011001011110101010001011010111000010011111111
110000001101001110100101111000111011001111101010010101000001
001010010101010111011001110110010110100011011101000101000100
010010011101101101001100100010000001011100001011101000010010
001111101101010111000000000001000001110010110010111100111101
