001111000000101110111001000111010000000100011001101101001000
010111011001101000100101000011100110011101010001000101101100
001101001011010001011101011000011011110000111001000000000011
001100011111011000001011101001001101001011000101101100111111
011001010001101111100110111101111101000110000010101100011100
111110000001101101111100100001000100000101100010001110101011
010100010101010011001111111010101010010001011110100001010111
110100001010010010001010111100101110011011100111001011010101
101011100011100101001010010100110111000000111000100111010101
100100010111010000111100000011100000101100011011000010100100
101100110011100010000010011111010110010000010101010100111001
101000111110110010110100010110011010100100000011100000111000
001101011000111110100101000010111001110010110101001101010111
000001100010100010110100001101111110100110101011000001010000
101000101000101101110000110000010001001101111000011010010111
111100010100010001110101110010110001000011000111101110010000
101110000000011101110011111000101111101100101010111110100110
101000111100100100111110110001001011011110010100111100000100
000001101001101111100001001011110011001101001001000101001101
010001010100110100010101111111011100101011010000100111011100
000011101100100110011100001011101100011000000100111110010101
010101000001000100000111001101100101011101001010101111000011
001010100001110100001110110110000110001001101111100000100100
010010101100001100011100001011100010110110010001000010000011
101100101010110111101110111000101001100100101110101010001110
010000110000010011001010100000011001100101100010011111100000
100011011010000000100100100000110101000100000100100011110000
000111000001011111010110101001000001101011001110101110110011
100010000101001100100101010101110111011110111000100010110011
101111100010010100111100110100110100001001110010101101100110
011011000010010100111011111100001000011100011101100001011011
010010010001101100011100110101011000111111110011111001100010
011111111000010101001101101011010110001111111110101100010000
100101000010101010111000101001101100111000111010011110001001
010011001101001100110100101000111100000101011101001001100110
001111000011000010010011111101111011110000100001100111101010
111101011000111000110011011000011000010000001000001110010001
010101100101011110000010001111010110001001101000111110010010
100010011100110101001101100000111001101001101000100101011001
011011011000010001000110100011101001011110001110011110111111
