001100011111111111011011111010111101100111110011010111110001
010111001110011000000011110001101010001111010110101110100000
010000100000110010110111111111110111011001001000001010010101
101010010001101110010101110000000011100111010111001100000110
010101011111000010110100110011011001100000011100010010110001
101000010100100011010011000110001011010010000101111100110110
010101100101001000101100010011111101110011011000100001000101
110000000010010000111010011011110000100010100011011000110111
101100001110100011010001100001111111010111110110111001000010
000001001010100001100111110010101110010110001000000111001110
000000010111000110010111000000000101101001001100010101110001
101100101000011001010101001101000000001010001110100100011000
010011111111110110011100000010001010101000011110111111100110
111010011011111110111111100010011010010001001101011101101011
010100110011001110100011101000101110110100011111100000111111
010111101010111001010110110000001101100001011010010100010010
011000010111101100001001111101010010111101011011011111001111
001010110100000100011010101100100001000011010011100111110111
001001001111001101011100010111011100100000001111000100010101
010011110011000101111011011001100101111101001010001110110000
010100010100000011100011001111000001000101000000101110110010
011111011101010111101001010100100111100111111011111101101100
100100010111011101100010101101000111001001000000000010001001
100010010010110000101011110011010011111000100101011101110001
101000110010101000001011111100001111010110000001001011011011
110011011100101100100011001111001110011000000001110101111010
010111000100010110000110110011110111111110000010101010001101
000100111011111110011010010001010000010110010101101101001000
001111111110100111100110101000101110000111011100101111110100
010111001000010010011010110011110111100011101000010101110001
001011011011000000100001111100111010010110011111001111001100
100001100111111010011010001011100111101001001010101111111111
111010010101010100001101110101101101111001000100011011110110
000100101011111000100011000100000011000010111110001000010010
011011110100011011111010000010010100010111001110000001011011
110101001101010011111100010001000010011101001000001100010111
101011000011001111100000111101001010110010110110100100110101
001110100010111101001110110011010111001011110000111111010101
010010110011000000010000101000110000001000010000001000010010
011110101100110010010011100101010101110001101001001010001010
