100101010111011100111111011001110011010100110011001000000001
111001110101010010110000100111000111110011000101001000001011
110110110010101010100101011000100110101110110001100011110000
111110111111101001111101001100010101011100101101000110111010
100010000110101101001101011010011000000110110010010100010101
101101000101101011110101110010101001111100000001011000101100
001001111110101101010111111111010101111000001110111100101010
111000101111010111110011000011001111011010101011111110001100
101100001100110100001000000110100000100001001101000101001111
111100001001100000010101101001001000101001101101111001111000
110010101100110010000010111001101011100111011010001111010000
001101100100010111100001101000111001011101001111110110110010
010110011000111100100101111000001110100010000010100100101110
110101101110100100001110110000111000010010100000011110111001
000111011001010001001001001011110000111111101110011000100111
111101110001011011111111011110000110111000010001111001010100
110000111101110111101110000011110010110101001001000011011001
101111010100011110000000001001011110110011101011001011100010
001101100001101011110100000010100110110110011100000100110010
011110110100110001010101111001000100101011010011001000010000
100110011010001001111110100001000010000011011000010001001010
101101010001101111000100000000001011101000100101100001110001
111001101111001001011110011101000101110001111010111011000101
110010001010111001001000100101010000010110100000001111011101
000100101011010001111011001010011000101100001110001110100110
000100110100100111000000110001100001111001010100011101010100
000010010000000001101111110001010000010101000000111000101110
000010100011100000110101010010000011100111111101011001111110
100100011111001001110111010110001011001000110101111100000000
010011110100100001010011001000011001110011100111100100010010
100010011011111011110000110100000110110010011110000011001010
111111011010010011100011101101110010010110001000110010100101
100010001010110010100110000011011000101011010010110000100111
001110000011100001000110000100010100111100111110011110100011
110001100101000100101111101111100101011100011001100110001111
000111100101011101011010001001001111111110010110000010101110
001101001001001101000111111000011000001001110001100111100100
010001111001010100101101011111011000010010100011110001000100
100111110011000110001001011110110001111110100000110011111010
111111011000110101101001110101010100100011101101010000001111
