010100100110110011110100001111011011010011000100100001010010
100001011101001000010101010111001010110100110001011100101001
101011100101000111110011001110001011110101000000000100101100
011111011110100001110000011001000000110110001100001111100000
000001011100000000001111101011101001011010011111100011100011
011011000110010011100001011011110111001110101011100100011100
011001000110100100011101010101111000010000000001011101111000
011000010110011000101101001111000100011011011000010011110011
000100010100010010000000110101000100110001100011110000111011
011010100110110101110101010001011000101000001100110000101011
010011110000100011110100101000001011111101001101011010010011
011011001101101100010001101011111000000111010010110000001100
000101011110100100101110001101010100111111000010100011110111
001011011010111001010000100111000110011101101010110001101111
001011110010101100101101001000001111001011011000000101110110
001110001101010000011000100011100100111011110101000101101000
110001001010110100001000100111110011011101000101100101010010
000111110101010000111001111101000011000001011010011001001000
100010100010011111011001110010001101110111100001001111111001
010101100010011000101100010010100001110010011010010011000001
001011100001010111010111000111011111011000111000111110110100
011000101100111100101100101000101100000110010111001011001101
011111001000111101111011110001111011001100110110011110100000
110001010000011001110111100100101101011001110000100000011000
010001111001011001101000000010110000100100010010101111010001
000001001011100110111110110010100111000101000110000100011011
000011100111001101011100111110110011101100011001111111100111
100111111011000101010011000101011101000100110001100000001010
110111100001111100011101011110110110011010111000010100110100
101001110001001100011011011011110000100001011010000100110110
101100100100100011101110010100110110001111100010001101111111
100100110001100011000110001101110001100010010000110111001101
010101111011010010100011100011000001000011001101110100110101
000110010010011001101101001010101100000111010011010010011101
111011001010101110011000011011111100111111110000111010010010
011010000010111111010011000110100101100110001001101101011111
001001111011011001101110111011011000100011001101000011101000
000101110000101111011010001100010001000001110110101010111011
101110111011010110101110100110011100010100101001010111010101
000110110111001001000101011111010111000000111101100000010010
