101000011000011110100101001111100010011000000010001111101101
000101000001101101101110110010110110101000100000001111110011
101100100110110010000010100111000110100100100101100111100100
100101001010001010001000000111011000011000101011111100011101
010110000101110001011000110101110111111001010100010100100110
011000100010101000011011110011100101100010011110111110100010
010011000010110111100010010110101100000000000111110010011010
110000100000010111100000111011111100101111101000110100001101
100000101001100100010010001110001011010011011000011001101110
100110111100111001110100111011011101001000100100010110010011
101011010101011001111010111100001101001000010011111011001001
100110100000111011100010101101001011001010011100110110000000
111100001001001101011110100111111010101100111101010000101000
001110101101000011101000110000101000011010100000010111010010
001101100000010111011111001100101000000111000010110101010101
101010101110101110000111110111000011110000110100000000110101
111000001000111010000110001000001000110011111010101000101001
001111011101010101000100010110100000110010010111000110011111
100100011001010110110010110011100111011100110000110011000111
000011001011111011101100011111111010010101100010110010000011
011011110101111001010000010100011001010111101111010001001101
111111000100111111110110111111110011010001011101101101101101
000101111011111101110000111100111011110011100111101100111110
001010011001101100101010110110100101100100111000100010110100
010001110011000001001011010111100100110001101001110010000110
010011101011010101100101110111010110000101001100100011110101
110101000100110010010000100111100110011011001100111010101101
100110101100101001101010001101000001100000010101110010110100
101000111101011111111111110110100110101101100000100101011000
110111010010111111100001001111010111110010000110001111001110
100111100001111101111111101010011001110100001010000110000110
011100110110010011100101010111000010001110101110001010111010
000111111011001010100010010001001100100110110110101010101011
111011110110000000100101101100111110000010111001110011101001
110011111001001010101100110000100001010000100100010001011110
010110110111100011110011101011100011001101100100010100011011
010001010001101011101001111001110110011001100100011110110111
001111101011001100110011100010001100100010010011000001011111
010010010101001000110010100001011101110101111001000001100110
110110100110110101101001111000111100101011010000111110110111
