001001001100010100100010110111000111110000110011100001000010
000010001011011000100011011001110111101111101111111001101001
110001111010100000011101010111000101011010000110101010110001
001100111011001110011000101001101101100100000001110101010110
000001111011011001101111010011110001110111111011000011010011
111110110000111000000100101101111101101010011010010110111101
000101111000001100010010001110110001100001101010000100111001
010111011011110111001110010011000110010111001101010110101011
010110110101100001001010111010001001110001011001001010101010
101010110000101001010111000100101000111111001101000001011110
101101011110100111111110010011010010001000001101001110110010
100001001111110111011000001111010110000101100001001010111001
101111011001100100110001010010001001110000100000001101101011
011111110000110110010001000111111000011110100111011110010010
010001001110010110010011000100100000001101010000101010100110
010011110110011001111101111101001110001001000111000110110010
001001010010101101110100001110101010001011111111000110101101
111011110101110110010011110011101010100011111000101101111110
110011001010100100011101111010011010101101001000100001111000
011010111010010111100011000111101101101111111001000000101111
001011010010000101101111000000111010111001010000101011001000
101111111010110000100011010001000111001000100010100001110111
011010110000010101010101000111100010001110001001111111111001
110001100000110101111011110111001011010010100000110100000111
110011000100000000011000110010101000001001011101111101000011
011011010000001011111000010101111000110001101011101110100010
111101011101110110010011100111010010110011010100110111011100
000001101001001011010011011010001000001111001100111111100111
100000111000000010000010011110100000010011011001010110100000
011101110111001111110001111100010110101110100011001001100100
100111000101000011100011011101001001010111011001001110000110
011011001010011010110100110110111100100111000101111111101001
111101100101110101001100000010010101101000000111000011011110
110000101010001100111010011011011010000001101110011101001011
111000111000010100010000100111010110010001000010000011101001
010011010101101011010011011011011100000001101011000101001110
100010101100001000100101111011010101101011011000101000000000
110110010001110101011100101100100100110000100010001001101111
110110010011110010010110111111100101010000110001101011111011
111001000001101011011001010001100000100100000111110100110001
