100000011001001111000110001101010111000110100010001100101111
111010100101100011101000110010111000111101001110001010000100
101111110111110001010100111111001111110010010011110110100100
001001010110100111011011100110101101100100011111001000010000
000000101001101111000000111110110001010010110111110011001110
011001000110100010011111101010010110111000001011000101111001
110100111101010111001100110000011101011010110000010000100101
001000010100000100011010110111111000000001111000001101100011
001100011111110111101000110010101101010100011010011100100010
001000100100000100100100110101011101100000001111001000011111
111010010011010000111010011010001001100101000111100010000101
100100000001000100011000010000101001110111111011000000010011
000100111000010101100010000110111110111100011110001110100010
001010001001000011010010111000011010110000000010010100000000
001100011101110000111010001110000111001110100110101101101110
100101010000011011110100011010111111111101111101001010101101
011100111111110011001001001101010100010111011111010101001110
101010011100101111001100100111000001101001010000000010111100
010001110001011001111001001111101111110001100110100001111011
001000000010010000001000101111011010110110110001000001001001
010110101100110101110111001101000001101011100101111110101111
010011101001110001011111011000000000110101001100100001000101
101000100000100010011011000000001000000110001110111110110010
010010001000010010111000011100001001001110100011000100111100
110010011111101110011000110110111000101000001110101010010011
001010000000010011001001000000010110001101110101110011011000
100011100100100101110000000000001101100001000000000110000101
001101111011001101001100100000011010011111010111001111011010
101010001011101010101100101011001011010011001001110000001000
000101100001011001000101111100101010101000011100010001000101
110011000110011101010110001011111001011101010101101000011100
101110010010000010010000101001110001110000101001010001000111
100110101000101111011111110000001101110001101111110111000100
010101001101010000100101110011011000011111111101101111111010
001111110100100001010010011111101000001001110111100100001010
010001000010001010101011110001111000101101110111000010010000
010011111110011101101000111001001001011001101110111101001011
000011111101111011110010001011101001111100101010011001011001
101001101011001000001111111111011000100110111101010000100010
001010011000111101110100011100101110110000101011001011000101
