000011110101010100100000011001110010001000111000110010111001
101110100001010011101011010000100110011000010110111101111001
111111110100111100110011001001101000101110000110101101101010
000000000101010111111011110011111110111011101101010110011000
110000001111001110100101010110010010101111110101101111011111
011101111011011010010111011010111011100100100010001010010100
001100111110001101101010111111000101001101100000000111101101
010001010001000100010000111100111100010010111101110000110100
000100010100000100101101110011100111110111100111001101110010
110101000110110111110010100111110100110000010110100101000001
101011000101100110001010110000111100111011111000011001010101
100010001111101110010001001011101111011100011010101100010100
111100111001101011001110110010110000000110000010001000000110
011100011111101110100100001100000111000110111101011001110011
010011000111111011100100111111010101000100100000011101100111
010111111001110101111111100110000010110000111110001100011101
010101110111010001110110001101100101100111001011010000001111
011110100100111000010100011111010010110010111010011101001100
111111001001000110111001101100010100110001000110100000101111
010000001000101100011000001101111101101001010101111011111101
110010010000001001110000000010000101100010011010001101101011
010101010010101110001001100101010100100000001000110100001011
001110110101100000000000010110111001000100101011001001000001
001101001101000011101011001111000011101110000010000111001111
011100011000101110011111101010010100010010000001011001000100
010110100001111010001101011100111111100001001010000011100110
110010101110101001010111011010111101101110100001001010000000
001000100001111100101001010000110111011010001100001011100111
111010011101100110000001001100000001011111011111000011100100
010101000010111100011011101110011100101001110011110111101111
101101000111000111111100110010010000000111111001100010110101
101010010000101000011111011000000100000110001100111101000001
101100000101000001100011011100110100000101011100110111101111
000101101101100110000111001000011001000100101100001110101010
010100101101111011001100110011000001011011101011000011100001
011111010000000100100010011100000110011100110101101011110001
100101000111110001010011001010110010000000110001000000110010
010100101000011011011100111010100110111111001101110001000101
000101001001000001000010101001010001001000110011011001010110
011010001010101010100110001001100010101110101101110000000110
