010010101100011100111000011000010100111111101110101100011011
101101100000101000010101001000001111011100110100001101110100
111101100111100010110110000111111110111111101111010101110101
011010000100001010110011001110111001110100000101011100100010
100101101010001110110001011000000000111001110101000010001101
110101101101010110101011100000101010111011010010000111110110
000000110011011110000100111100011001001010100111001101011001
111000010011010110111011011001110011000001001111010100111100
001100111000100000000111101100000110111101001001000110000111
000010110000001001000010100000100001010101111110011000101100
010110100011100000111101101111110111010010011010100111111010
100100001100100001110100001111010101001001101000011101000001
011001110010110001000010110001101101101010011110001010010110
100010010111101100001111100101001110101010010000001110000001
000110110101101000000010001000010000111000001100001111000110
100101110111110011011001010010111010100000001011000001110110
110001100001000000110110010101111111000101101101100010100110
011000111100111111001110001000110100101010001000101110110111
010100001110101010010110000110011100101111110110100110101010
110001101110000111000110100101010100100000010010110001011110
110101001011000000110001011000101101111010110000101111000111
010000110011010100101101001010110110111000001100010110001111
111010110000001111101111110010001111100101011100100000111010
111111111101001100011111011111100100010111010010001001111101
000011000100011010101001000001100111001001101001100010001111
110011111011110111001010110010011100011010100111111001001101
100101101011000101000110100101011111000011001101010101000011
111000011001011001100110001101001011000101110110011110000100
010111100000100110101001010000100011001010011010011011000100
110010110101110011011110000111110001110100110010010011111110
101010010111010110000101111111110001001010111011111001000111
001010111001110000110101101111000001001100101001110111001110
101000101100011111011111110100101110101110101000101001110101
010101111111101110100110001000001011001110111000101011111011
101101011010111010100110110000111111111110000001011001101000
101101001011000100110010110110100111011011100101110010101011
010000011001010101110101100011010000101111111111000100111110
101111000010110110111111110010111100100011001001001111010110
010101100111110100011011010100011111101010011000000000000100
010011011101000010111100100010110010000010101100100110101100
