101011101011101010100100000101110100100100010001010100001100
101011111000111001110111100111110010010110001001000011110101
011001111000010111000111011110010001100001101010000100011111
111110000010000111001111111110001110111100000111100110101011
000001110111000011101011101000001100010000000011110101011110
001110110001100110011110100001000100000111111101000110100010
001101101100011001111101010011100011111010101010100001001110
101011101101100011000001100001110110000010100111010001111110
001010101101101110001111100000111001111111000010100101001010
100100111000111100111101110100100011101100010010111011001001
101101001011101000010111011111010011110100110011000101000100
100001000111001011010111011011000011100101001000101011110011
101000100100100000000101100100010100110110100001011100011011
001000100100101100111111110011011111001101000110101010000010
111011101100010010000000001010100111100110101011010001011010
111000111101100111100001101000011100100010111110101100111110
111111011111010011110001111011101101011000011010000000010011
101001011111000010001011101110110100000011100111010110110011
000001000000010111101010110011001111011111111011001110001001
101011111111000011011110111111001110010100111010110100101010
000101111010100010010110111100101010001011001001111100101011
101111100010010110010010101010101001000000010000000100001000
001011000100011111101000001010100000011110001000011010010010
000111100101100111010101110010010010101011100111110110001110
110100000110111111010100110000000110111100011011110101110110
111011011101101111011000110000011101001100011001100000100111
001100011111100001101101000100100000001000101010111111101011
110010100100110101110100011000100001001111111011110110011001
010001101110101100000101111011011110011010010010011100101101
011110111001011001100110111101000100010001100010000010011100
011101101010101100000011011011011101111000100010110000101110
001010001011010111101100001111111110010110110101111010111110
011001111011100001100100101101110111101111000001111110011100
111001110101111000011100100110010100100101010011011111101100
110110010101110101101100011000001100001110100011011001010011
011000010100000111101011100001101101001011111000111000100011
110001100101010001000010100110001110101001101110111001001111
110100101010111011011000110100100000101000101001101111110110
010100001000100110100011111000000110101111011000000101110011
110100010010100010110110100000110101000011111010100100110010
