100100011110011010101101101010010011100110101001111111001110
001000110111011110100110001101010110001100100001111010111100
110101011011101100010100000111011010111010101111010001001011
001101000000001101010010001010110100000010000111110000111110
101011111101111000000000101101111110110001011100110101110000
000001101101001101000111101010011011110001110111000110111110
101010010110011110001000000001111100011010000100111000001100
110111010001011101100001010000010101110001110111100110111011
000101010001111110110000100101111011110000000011111101110100
000111010011100010100110111111110000101110110001010011110011
001011110101001101111000100101001111111000001101110000001010
111100010110011110011101101110100101100010101111111110111011
101101111001110010100111001000010011000101000100010000001011
100001001011111011100000100111110000100101001001100100000010
110010101110100101111100010000111001110101110111101101101001
100100010111001010010111001100110011000011101000000110100011
110010100011110110100011100000111100000010110101100110111001
010010000111110101001111101101110101001110111010111110010101
001010111010000100101110101100011100001010101101110101101110
111001010010010111110000111111011000001011110101011011011000
011100010011011110011110000001001010000100110001001000010100
010101111011001011111101111001001101001100010111100111011010
001111111110001001100000000010110010010100001001111010010000
111101011000101001100001010000111000100111010011011000100001
100110000000001000001110010111001001001011101100110010000110
000011001011111111101010010010000111100010011001000000000000
100111011110110100011011111001011000001100111000100011111110
000001100101010010100001010001101011111010000110001000110000
010101000001000110000010110110001011101100101011000011000001
000010100111011001110111100001110100000010111111111110110100
100110010111101001011111110011111100100011000101101011000010
111111001110101101111100001011000011110001101010111000110100
011111111100001101010001110100101000100101110000100011001111
100001011111000111001101111010010001010100001000111101000001
101111100110001100010001010100101010101001000111011101111001
110000111001111100010100100000111111010010000111110010111000
100111111100111000001000001011011101001101011101111010101011
011101001010100011010100001001000100101000011011111110110111
011101001101000111100010000101010011100010100000111100000001
110101010101111010100100111011101000101111010111000101000100
