000000111101101011101110100100100110000111110001011010011000
001100010000110111000000100111111111101001001110010010111101
010110101110001011111111110101110000111010101101100010110001
101011010001000010101100100110000101110000011000010010011100
101101010000011010001110010100110100110000101101101111010110
111100111001100001111100010000101100010000011011010111010001
011011010010010011111000111000011011111100111010100110100100
000101001101011010010111110010011111001101011001111100100010
100010111111010110000001100010001111111000010100111110111111
110000100100011101110000110000101101110101101000010101101111
011011001101001101000010000111110011101011001100110000100100
100111101010010001111100101010001011010111010100111110011010
100111100101110111011010100110001100101100110000111110111110
010101001110100011111111100100101100010110011110001010100110
011111000011111111110000100111010000001110001101101000001100
110001100100000110011111110010000111111111000100000011001111
010101100001110011111100100100101111010001011111001010011100
100000001111010111110101011001110010101100000010111001001111
100010001000111001011010001001111111100100010100011001000011
010000000100010100011101000111101100110001101110110100110111
010110001110010010111101001011011011101110100101011010111111
011101010110010110001111110101100011100011010011110010001111
111111011001111110110010110011111100101000110110100010000110
010011110001101110010000100100001000101111100011100010110100
100001110000100010000111111100010111001100111110000110011000
011000001011100110010111000010100001100000101110011111001111
100001100000000000100111011010010001011001101101001000110001
110010100100101001010010110011110000101110110010010110000110
000101010000011011110010000011001101000001000000101001000111
001101010001111001100011100001101000011101011011100001101101
110110111111101110010111100011000001010110010011100011111101
011101011010100010111000010101100101000001100010100011100110
010110000110010010000101000101011001010100111110010010011010
100111101111000000001010011100110000010011010101000111111001
101101010110101100010111100101100000101000101101101010101010
010111010101001011001100010000001100000000010110110010000011
001111100111110110011110101100111100010010000000010000000110
001000010101010101001110001000011001100010000000011011010000
010101001011000101110111001010010011001101101100011101000000
001001000011101110110001100011110000111001000011000001001001
