001100000101101001010100101110001101001101110010010000000010
001110010001100101101101010100101011110110111110000011110001
011110010100110010101111011110001111000100110010001011000110
011111100001100101110001111100010010011111110101110100010001
010101001110100001111100101101001000010010011101000010000010
001100001111000101100101110110111010100000001011111011010011
101111101100110111001010101100110001011010100001101100000111
111100001111011010110110001000001111010001011100010010101000
111110010010010101010110100111000100011100010010110111111101
001001000010011000000011010110011011111010000001111001111001
000110010000100100111000000101011101101110101010100011011001
100110001001011010011101111101110011101010111111101110010001
010010101111001110101100110010000010001110110000111000111100
101110010001101010010110111011011010010110101101011101111011
101000000010011111100101001111110110011101001111001110011010
111001011010111111110101011100001110111000000001110111010111
111110011010100000101010001101101110000101011010010110001000
000110000000010001001111111101010000100110001001100110000011
011011011100100000110001001100010000101111100101010001001011
101111001011000111111110110100000111010011100100100100101101
000100011110010101001101110110111001010111001111100101110100
001100010001111000011010110001001100000101000011001110000111
101111010001000000111111100000110011011111001011011011111111
100011000000010000110010111011110101011010100001000100100101
111101101110101110011100001000111000001001011100100011101001
011110010101111011101111000101000001100011011110110110111011
101011110011111110010110100001100011110110100000101001101100
010110001011101000011101011111100110001001100110100011101100
001111110010000011111000010101100101000100101101100000001001
001001001101000110000011011110001101110101001000111101000001
001001101011100010100001001001001000011001100001010001111011
100011111100101101110001001111000001011101111010010101000010
010101011101010011011010111101000010111111011010110111111101
001100010010000011001000000001111101100011010110000010000100
111000000011100001111001001001011010100011110011000001000011
011000111101001000011101011010001111101000111100000010000001
011100010010001001110000000000010111011111010011010011011101
001010000000110001111000001111111101000100111100000100001000
111100000010101111100101101100010110011110011000011001011101
010011001011111011101010011010000101110111011110000101101110
