011111000101000100000000101010111000010010010101111010000110
011011111011011010110001010001000000010000100010110010111111
100001001111110001011101001110011010001110110011110000101100
111011001101011011101111011011001101000010010001000111000000
010010110101100000010101001110110010111001010000001010011000
100010100110111101101001111100001010010110010111100111111000
010010011100100010010000010010011000111111010001110100101011
110000000001011011010101100011110010001010101111100110001101
000011110110001110000101000010010110100010101010000011001110
100110111100111101000011110000110110110101111111111100110001
010100110111001011011100100000010101011000101000111001101111
110001110110110000111010000101110101100101111000100100000010
101000010110010011001110101011011110010100000000011111001010
111100100010010001010111111011000001000111011110010100000100
101001111010001111110001100110011101101000000010010000100010
000011000000010111010011000101100001100011111101101110110010
000000110110101111001100011111010101111001111111101011110110
011111101100010100010001010000111101111010100110101001010101
101001101011000101111010001111110000010000010100010100011100
010011100100001110100111011110001100101001001111001100000100
110111101100100100110111000110111100101101111110101110001000
000001001001001010101001011000011001100010010111000011000101
000000101101001110111011010010101010011111010000110100110101
100010001000101000000111000001100010101011011111111101011100
001110010100100110000100110110010101000010100110101000001111
000001000011001101011101011001000010011011000000010100100000
111001101100101000011101011111001101110010000011111100001110
011100100001011101111101011011100101100011111001100101010010
010011010101100100100111111000010011110010000111100110100010
101111010001011000001000111001100000010000100010100100000011
010000100000001110010111111000010011101000010001100111011101
001100011001101100100101111111001110110011110000010001001011
001100111011101100100011111011000011011111001111101111000001
011010101001101111111000110001001100110111110101001111010100
110010101010111111110100101000111001101001010100000100001000
111001001110010110001001100111010101100001101101011100011011
001111000101111111100100110000100100101010110011010000000001
001111010110111100001101110010011011100001101011110000000101
011110111100010111110111001111001010100110001111001101001011
010010111010100011010111101010011001001110000000010011011010
