110000000011010111010000000000010001110000100001010111001011
001101001111101000101111000001011100110111000000111001110011
000100101010111101101011001010100101010001010011111000101011
111010010100110101110011101010110010010000100101001110010010
110111100011110001011010001001101000000011100110100110101010
101101011001010100101111001110101100101111001101010111110111
101100011001001101000100000000001101111101101100111100100111
100010001110111001001010111010101100001001101101010111010001
100100010000001011111011111100000001100110100110000100110000
011001111100011001111101001111100010101101111010011101111010
101110111010111110010100011101110111001010100011101000001010
110011001110100001000100101001110111110001011011010010110011
010111110011010111111101011010010111000110000010100000001000
011001001001111010011010110110100000110001111011100000101010
010101100110001000010001010000011111101011011000100101011111
100110011111101010001000000011111011011010110011100010010010
100111001011100111000010000000100100001100110011011110011001
010011100001111110111110011011001101111110110001001010000001
100101100101001011100100010010011111110110011010110101111110
100100001000101101001001001100101000010111010011010101111101
001110111011111111011011000000100110001100010000101100011110
100000010010101100110011110111100011101101010011000001100111
000011001100000101001101000100101010111010011101111100110101
101000100111111001101101110100101001110111010111100011011001
010101001101111001011111000110110010101000101011110110000000
001111000000111101110000100010011101110111111001101101001101
101010011001111100101100110010110000000110100011110110001111
001011101010000110010011100001101111101010100100111001111100
011000011011100110001011111010111011100010001000110101110100
110101101000101011010011101001010010001001110010001111000001
101010110101011111110011110001100010110001011010011010110011
000101011001100000010110011001111011010101100001101011101101
111000011100111010111010110100001101101110101110011000010001
111110000111110101100011101100000000111001010111111111110011
001100111111001111110100010001011000100011010001010001100111
111110010100111111011111110110111010011110101000111001101010
010111111101111010011101001001000110100000010111101111011100
001011110111111101001010110000110101001010000110000001010111
001000011100100001101100001111000011110000101100111100011110
100110110111001101010100001011100111100011001110000001101100
