110111010010110110110111000011101110100001101110110000110010
000011110100010000101111100010011001111100000101001000011001
000100111101011010111111011111001110100110010000010001111110
011101110000110010111110010111010011110101011101010111110110
111110010001010010110101101101000110010000111010000100101010
111011001010010100011100101110101010110100010011101010101000
011011100011100111110101000101110100110010100100111101011001
101101100100011100110101011111111000110100011101110101100001
000011001100110110000101000100001000000110101100010000000010
001001110010110110100100011010011100101111001011101001111001
101110001010000100010001111010110110110110101100110101110101
110010011000001111100100000010000100000100101010111101101101
011010001001101000111100101010100100100110100010011010101110
010111011001011100000101000110110110000100001111111001001001
011001000101001011001100000001000001110000011010110001010001
101110000010111100000111000110101110111110001110001010001110
001100100000001100101011100010010101110011100110010000000000
101011011101110000110100100000110100110100010010000111111100
011011010001111000101001101110101011010010101100010100100011
101010010100111000010010110110110100000111000000000001001100
011010011001100011111110001001011010001011110011010111010010
000011100100100101011111101001000000011111101011101000111111
101011100010001000010000100000011010011011001010000010000101
100101001011011001000101110111111011110100000110111011011101
101000010101101000111011011110001100000100011011010111101000
000011100101000001100111001100111001101100001000010100001110
001000001010000100110111000101111110100010010011110010010110
100100111001111001010101101010001111011001010111010100111001
011011111111110000000000100110001100101001010010000001111000
001010101110100100000010111000000000011011101010100110101110
011110101100100010011011111110101000001001100000111101001111
100101110111110000010100011100001111110101000010001010101100
011000110010101101000011110001001100101110101110001111001011
101001111000000111000001110000101001101111110101110000010010
101110100010011000000001011111110100001100111010100100001101
011110110001110111001111000110000001110100011001111101000100
101011111010100111010100100001000010101100010011101101010101
011010110101001010000011010011001010101010001001000111011101
111100111101100001011110101001100000111011011001001101111001
000111011001100011110111001000100100011110010100011001010000
