010001101000110110110011001011100100011000111100110000000111
000000111100110001111000111010100110100000011101001101110011
101111101010111101100000010111011101111011110000101100100110
101110000111100101100000100001111011001101101010000111110110
001111101010011100000101110010000100001100011010101110110100
111110000000111110100011000100101000100001110100011111010110
100011011000001110001101011110100010011100111001011011111110
100011010100000010110000110000100011100010011011110110000111
100100010010011110001011011010110001110100111011111111010101
101110110001100011110011101111010000000001111111100100110111
010110101101111100001110110101000101001100101001111000110000
010000011001111011001100010011011001001011101000100111000111
011110101110010001001010000011101010101000000111101001111101
111011001111100101100010111111100100100010111001110000010010
111001000000000110000100100011111110011111100111110000000010
110011011101100000110110000110000000000000000000010101010010
101110010001001110011010111001000011110010110001101010000000
111111000101000111001000001100110000111111011111001110011010
001011110110100110010111100010010000111110001000110011100100
101110110000100001111010100110111100000010111010011100101010
001110000000101100000010001111000100100111100011011111111001
110100110001111000010001001111111101100111111000000001101011
011001001110110111000000011111011001111010101110011111111111
110011100100101101000000001000001100011100011011101111001000
001100101100110010100111110111101101010011000100010000110000
001000101001101011111100111010010100101111111000011111010100
011100101001011010001100011001111100110010011001011111111011
010000110000110111010110011100001100100101110111100000001010
101000001101110100100111010100011010011010001101111110111110
001111000010111101010111110110100011110011101110111110100010
011000010110110110010001011110100011111001111001111000000100
100001011100010010100111101001111110110011110101111111111011
111010010000111000010111101100100011111110001111001101111110
011000000100110110000000110101010001100100111000000011110101
100111000010001110001011010111011001101110000100000000100001
010110011111010011001100001101100100111101001111111100101011
000010101011011000110011110011011010111011101010000100111111
110110001110100110111000111110110010011100100100110111101111
000000110010101100110000001011000000101100001101110101110100
110100100001101110111000111011101101100101011010101101000100
