101101101111100011110100111010001100111011110011110110111011
001110110101011000010100100111101100101110101000011100001111
001110001111011000101001011000011100011001100100010001000100
100000110100001110011101011101010000110111111101000011100101
011101000000000010111001010000100001000010001101011000100101
101001111101101001011111110011111100010100001011111110110101
100100010100101100101110000010100110110101010110101111010100
010001101100111001100000100010011110110001011111000110111001
001001101111100001110001001011100110101000010101111110010011
110101101100011000000101001001100110011001101101101110010110
001101110010010111011000101101101011111000011111000000010111
101111100111000110000001011000100111010010011000110011111110
000110110010101011011101001000110001100101101101000010110100
000010010011100010110101010001010011101110011101010000001101
110001111000000111110011101010111100010001101110001110100011
001011100000000000011010100110111011010001111110010111011010
111101111001011111110100010001110011011011110110000100001011
001110111111010100100010000000110011101110000011010011000010
011110110100010011001001101011100010011010111001100010011110
110110110101111011001010011111011010100000111011110011100000
011011101011111000000001011100110010011010010001110111010100
110100101111001110011011110001000010110010110101010010101111
001111011011111111101110100100000001101000110001101001010101
011001110001111000001011100011001000100001111001001010111100
110010111010110010011001111100001100001100001001111111000010
000100001111111010000111111000001110000110010100110110000110
011101010011000000011001011001110101001111110111111110000001
001101100001000101011011110001001001000000101111110011101001
011111110000000001000010101101000110101000011100101000001011
100100010101100001101111110001011110100001110111010011001001
011001010110011111010100011100000100010001000010001101111000
000000110000110101101111111110001101101101010111010000101111
101000111111111111010110110011100010000101000010001000001001
011100000010011100001000011100110100100111111100001100100110
001001010010100110101011011010111011110100110111100001010110
011110101010010110110010000101010111110010111010001011001100
111101110000000110111110000011100101001111100111000111110011
011100100110011101110100101111111110100110100000010100100001
000111100001011011001001100001110101001110010100110111001000
111100011010000011101100010010111011111010100001000110001010
