101001111001001101001011010101111110001001011110100111001100001111010110110001111010001001011111000001001000011111001000001100010101011000011101101001100110111101101101010110110000
000111100011100010101001011001011111110110001011001110101001000001001110000010101110001111000111110101110111011101100101101000110111001011110110110011011000111010010011110110011101
111100110111111011101011000011110111000010001101100001111010011011000000100111010111010100000011010111000001110011010110010000010110101001111001111011011000011101110010011000100111
111010010011010011101000111101011011101001110000011010101101111111010110001111000111011110011001000111000100110010101110001110011110000000000011000000010110010100001000101101111010
101000010111101011111101001001110001000001000111001111011101011110000101101000010111001101001111111010111101011001011110001011111101100110010111111111001010101001101100001010010000
111011101101010100001010100101010110001001011001101101001110111011101101001000101011110100010010010010101101000010000101010110001001100100110100100000001110001100111111110101111101
011101110110011100010001111110101100110110010111011101001110011100001011111101000111110010010110010001010001110100101010111111000001000111100101100000001010110010110000110101100100
001111010101011101010111010111000111111011111100101100101000000010100010011000100001010011011101100110011010101111110000000110000011011100000111100110111111101100001101110110011101
011001111011000011100110011100001100100010000111100111100011111110001111101000011001001100011001100011101101010010111000101000101110110011100110000110001101101010011000010011100110
100101001100101100101001001110001110110001100000101110111100000111111110001111001111011000010100010101101000110001010000111001100111010110010101010110111001110111001001110011100111
001010101101111000100010111111111010011111011110100100110011100101001010001010110001111010111111100011000101100110001011000011111001000110010001010101011000111001011010010111111011
000110001110111100100110110011010001011100011101001100000111111001101000111000100011111010010111011011010000000011111110001110111011111111110000111001101010010010011001110100100001
100011000000111101101001110110100011010001001101000101110110111110001001100011111101001100001010100001010111101101000110100000011000100011110100011010011111001010111010001101010111
001111001010110101010110111101100010111001001011111100111100101101010000101001101110110101011000010110001100010110101010111001001011111110001010011001100100100000100111011001000100
111010001010000000010111011110100001001101101101101001001110110100000000111001001001111101101111111101010100101100000001101101101010100110010000100001010010100000111111011000001101
101110010101000111001111101101001010111010110011011001001111010111111001101101111010010110101000011101110010111111011000000101001001001011010110000010100100101011011101011101001111
100001001111011100011101010110100101001100110010011110111111100011010001111000001111100101010101110110111010110101001101111100111001100011100010110011000001110001110010110011001000
010011101001110010111001001011101100110110000111011110001101110011001110011001010000100010100111101111111010011110010010101110101110001010010100011010000110100100001110110001100110
010101100100110010001110111100011011001110011001110010010010001100011010111101001001101101100011111010011001010101001111010110111001011001111010001000101000011011001101011110010111
100001001011110011001101101100010010111011011011010110001010011010010001101001010110001001011000010010001000011100111000111011100100001011001100011010001111000000000100111101000000
011100110001110011100010000001010010001110000100100101000111010001000000010101010011110010000111011011111010011101101110010111011001110111011100110010010011010111111010110110100000
110001111000000010000011110011010011000111000000000010011101011111000101111000111000101011000011001010000001011110101001000110111101110010111110001101100011010101111111010010111101
100001110011101001100110011110111011110001010000001000001111011101100011010110101111010100101000000100001101010100101010110110101111010001110011011001010100111110111010111111110010
001110001101110001011111101011011110101110110001111110000000100001010100111001000100010101010101001100110100001100011100101100001001100100111010110100100101101001010010101101110000
101111100000001010010100000011001001001000000000111110110111000100011101100010001010110100010001110010111101011101101110010101010101101110110111011010110001110001010010100100111000
001010010000011011110000011100111111110100010011011011100111111001001010000110100001010101010101000000011111000010000000100101010010000111000111101010111101101011001011111010001100
101101101001010110101001000010110001010101011011101100111010111110100011001111111010110101110001001010000001010101000110101101001000001011110110111110000111010010101110001100111100
011101101111101010101101011111100011010101111100101100101010000100001001110001100011100111101100010000100101011011001011010110111010110011001010011110010011000011010011011100001010
000010000001101101110000101100010001011001111001001101010111001100000101111100010010011010011000111001001011001000000110100110111001001110011100111110101001101101100010000001001110
001001011011011001000011101101000110011101101100011111101000101101010110010110101011001011011110000010100011100111011101110110100000001000111000101100010111010001001111010101000010
110001000011110111101010111100111011111110011100100011100100001000110111000101000101011001011011000000010101001000010110010011101001010101000101001110100010010011000101111011010101
010101111100110011101100110001110000011110000111111100010000111101100001100011110011110000110000100011001101001011100001100111000101101110101101110111110010110101101111000111011010
111000001001001101111000111100111111100010011010001011100011111000000011010111000000100110010001111010100110000100101011110100001111110100111111101001110000010010000101101110001100
110000110000111101001001100100001000110110011000000011110010101111010101101001101110000011001111101000011010010101111001000010000111110110111001011101000011111011100100100010101111
001001100101001110101110110011101101101011100010000100100000110000000010010110000100010101100011000101000001111100011100100011111100110100000110110010110111111011010101001010100001
011000010100011110000111101001010000101010110000111011101101001111111010001100011111110011000101011001111010110010011101100001001000100011000100111100000010001001100011110100110010
010000000010011101111010010111011111110011110000111101000000101000100110111110101001100001011010010011000011010000110101101000110111110101110011110010010100101101110101101011110100
001111000110010110100011101111001101000011010100010101110100100000100100111000001110110100000000000010001010111010111101010001000111111101100100010101010000110101010000010000111001
011011011000111111100000110101100010110010000010111111111110110100000000000110011100111011000100110000000000011100110010100101001101010000011111100111010100110110100001111110000010
001011000011000100100110101010001101101101101101111010101000001110100110100011100110011000000110000011100101111110001011110100110101010111010001100111000110000101010110001111010011
100010011110100111010100010100111010010110110100010011001010011111010000001100100110100111011111000010110000011110111101110000001101001100111000011010001111000101101001110100110000
001101100100100100010001000010101011110110001111111111111001111111111101101111011010101010101000100100110000000110100010111111011111001101000110010110000111011111110110011010010000
100011100100011111010001100000001001101010100101110101000100001100000011001010001010011010001110011100101111110110001111100001101011000011000110000100101011000101000010010010111001
001100011010011111110010001100110110001000110100011110001010001000000101000011010011110001010111010110010110100111101101010001010001110111111110011001100011100001000000001101101100
110000011001100000010000000000001010111011000100110100010001111111110011111001111110100000111001101011111111000010101010100000100101011001110001011010011101011001001111011111111110
100101001001101010110010000110101111100100000001000001100000101011100100111101101111000111000000111110010000010011001101001011000010101101100011001101101110000100010110000111001100
010101100101110001110000000111000010001111110110111100110101100111011001111111000110110001010101110111101100100100100010001111010010011111111111111011110111111110010111110011100011
111001100010100011101000010001011000011001110011110001010101011010000110101001111111110011001011101011001010110010111011010000110001010011000110000010101111000011100111100100110001
010101010100010101100111110100011110001101001001011000110101010110001010010100010011000100101011101010110110101001010111110111011011010001010011001110001101101011000100010000100101
100010000101000101100010101000110001111011010000001111011010000010011011110000111011001011011001100010011110011100011110011101000000101100011000100100011101110010011101011011110110
010111010011000010000001001010111010010100111110010000001110100000000000011010100101110100010111001111011101000111011001011110101001000010010001101001100010000001111111111010011011
101010101111000111001110001001001100110110010111110001010110111101010000110010000011111001110011111101000100000100011011001000101110000111100101010100101101011111101001100100001000
110111000100111001010111110011010100111110001001000000010111010001101010111101111100001010111111010010101101101010111110010110101001000010001101000010001000111011001010001000110000
000000100110011110100001001000000101010000001011011001011110101011011010100001000001110011000111101100001011000000011110100010101111000111111101011111010101010000000111110010011100
110100011010001111011000110111000110010101100011100011111000110011001100001001001111010110011100000011001011100111000111110101110001101110000000001000001110100000110111001100101011
110111011000111010010101101011010000100110010111101011011011110110111110100010111000001100100001010011101000010110101011101100011000011100001000111101101001001010011100101010111101
011000010101111011100011010110001010010110100000000010111011001001010100011011101001010101001011011100110010000011000011110100100110110010010111101011100100001111001101011100101100
011000001111101101100011110011110100110110000111110010001110111110000011110000101111010000011101011001011011000100110111100011001010101111000010110111110111011001001111001011011101
001010000110101010001010010010011101001111010000000010100100000111100101001100010010111101110101111010000101011000100001000101011110111010111001001011110010110101010111111011010110
100010001110100101111011101011001100110011111010111001101000010001001101010000001010111001100011110011110000100101011001000101111001111111111111101110100010010010110110101101011101
001111001011011001100011001101110101101110001100001110100011110011101110100111101111011011010010000001110110111111000010011010000110111111101000101100111011101111000000111010100001
011000101010111001000011110101011010110110011000001000010000010111011000001001100010111110100000000011111001111101100001101000101110011110100010001001011001000110110000011100011010
011101101001110001110000001011000101010010001111001100110101000000101010010001100101010010001101001100101000000001000001111001000111100010101001000110001000101001100010010101101000
001100000101101100001101101101101011111111101011111101010100101100101101111010101001000110011111101110111111011110001110000001110001000011010111001001101000010000111011010111100000
011001001111111001010110011110010001111100010111010101111000011010011110100100100001010001010011000101000100110000011101111110010011010011001111100100000000101111010111110010010000
011110111110011100000110101110100000001000100011011111110111111010111101100000011001011011011100111110000011011010101110011001000111110001000110000001001000001011011111100111000001
110001001100010110000101111110010100110001111111011111100101111000011001011111110110101011101110100000001010000000000111011001010111111011111001100110011110000011011000100010001010
010100101001111010110101101001010100000011110011001010001110100100010000001101111010111011011011110011011000010101011011001000111000010011001100100100011100000011011110101000011101
001001011111101000000011110110100010001110100100111100110011110100111001000101001110011011100011000011111001011111111100000001110100000011100101101111110001100001010100011001001010
100101011010101010011000000110010011110111100010101110010010011011000100101000010010100101011110100111000000000100010011010011111101110000111000111100101101101010110110101100010000
111010001101011011011100110100010100011000011101001110000101011110000011000011000110110011000011101110001011011010110111001001110110010111110010111000001001000101111101000100101111
011110111010101000011011101000111110011001100110111001010110001011100000110100111110111101100100110001001011101010011100011101010010000101011111110000001011011110000110101010010011
011000010110011111011101010010010110001001001010101000010000100111100001100101000000010100001100011011100001011100011111111010100100001010011111101001001110111110101000001000010010
010010100101111000110011110001100110010110111001100110001110011111111001000100000111101101111011011111011010001000110111010000101100101011110111010111011001110110000011100100100110
011101001001001100111100100111001111110011010101110001110010000100010110111010110100011001100010001010011100111101111010110010010010111011101100101001110111011110010001001010000111
010011111011001110110110011111101100100111101000011110110111101101000010100100000001100101110111100000001111101000111001101011111101001000001110111011101000010110000111010111101000
011100010010110001101111011110100100110100011110000110111000111111001001100011100101110110001000001001001001110111000111110011111001110011010111000010011101101110110010100000101000
001100011010110110001111000110010111010001001011000110111111101001010010000111001001000110100110101110010101100100110110001111100011011000000011111101000101001000101111101001111011
100111010100011010010000000011000001010101001000101000011110010101101000101010001101101000110111000110000011000101010000000100010000011100011000001000111011110100110001111001000101
000001101010110101010011010011000000110100100001011000111101000010101000100001110101100111110001101011100111111001110000001110101100101100110110110011100110001110110011011010111111
001000010101110111100001101101011111111111011011101111101001010110000100110100110100110001010100001010101100001100010010010010000101101000010001010111100000000011010011100110101100
111011111000101100011101011001101000011101001111001010010011110111101111001001001000000100111100011110100101010011100110001010001100101100110010111110001001110110101011011001001111
011111000000001011101101000000010001011101001001001101101111001010000100000000100000111100011101011000100110110101001001001110011100001001001111111111011101011110101010011011001100
110110110110001100011110001001010110011101111111011010111111110111110101010111111000101000100001011011101111110111100011001001001111010001011111010111110100011101010110001101101001
100101010111001100111110010101000100111101100111001111101100000001010000001101110111011000111110101010011111011011100011100010011001100100101000111100000010100000001001000011001001
101101000101011011101101010111001000100001011100100000010101011111111110001001110011011001011010011111010001000001101110100000000101010001001101111101000000101001001000101111001100
100010101101011011110011010011001110100011011010011101110000111011101110000111100111000110101101101010001100001111001111010000110110111001000010011101110011000101000110010110011111
010001010111100100101110111010000000001010010110001001010011100000100011011010011111110111110010000010011101001100110001100110011001100000010111110011100101000101110010010110111001
001110101010001100111111101001011011110111001000011011111110011010110000111011001000110001001010111010111110010000010000110010110011101000110000101001111110011111001001000000100100
111000011110001110100110010101010011100011011100000101000000110100111001110001101111111001001101100011101011110011101100011010111110111001110010001011001110011110011110111000101100
010011010011011111001110111000001100101101110100100100100111111100110110111000001101110001111110010110001101010010010011010111011101000011010101101100011011110011110001111000101001
011110110011111000000100100000110011001001101010011101100101011101001101000001010101001110010110101111111110110000010010100110100010010011011010010110110111000011000010110100101010
011001011001110111111000011011101100101101001010111110001101100101011101001000100101010110000001010001000010000010110000001110110000111100100101110110100111000111110000101010010111
000100100100101111011110001111110000100000100100001000010001100111100011101100010111000011010111011100000000011001110111001100010110000111111110101000111101101100011001001001000011
111010011111100011111010110110110110110011101100011010101000111100000010101001110001011111011101010100101101111010000100100011001011111011100011100101001011111110010110000110000110
100110011111011101001011110001111101010101001001111100001100110110110010010010011000101101101100100000011110110000001101000101011001110110100100011101100000010110101101011111000100
101111100001010010011111110101101010001010110101001100001011110111000110010110000110011100000101111111111110010000010010000111101111000000100111010100110000101000011101100101111001
011111000100001000010111111000000001110001110011100000011001101110111011100000111001101101100001011011100011111101001011001001111011000111010001001001111100101010000011000110110100
111010100110000110110111001000111010101110111100100111001001010101110011100111000111010110001101100100101001010101000100110000110111101100001111101011111011111101110000000110101110
111000000011111010101111100010101011100011011100010110011000101100110111110110100110010000110000100100000101110001101001011101100101011010101001111000101111000110000001110100001000
