110100000000010101010011110110010000111001110101000001110010101001110110100110001000100110100011101101001100000001100111111011011000010000001011101010111110101111010110010100110011
010010001011111011010000001011011000000100001001111000100100011100001001100101000100110011101101011001000111101110110111111101100010111111010110101110001011001101111111010100100101
011101110010001110101010010011100001001101000100001101001011110100101000110100111101100110011000110101011101100001001100111011111011111001001011110100101010000111001010000011000101
000000001101111100010100100000110110001101100011000100011100100110001011110000110111111010110111000011010011110111101111010111000001011111001100011010101011000011101011111111110010
110110111011101101110000111111001001101001111011101001010100011111001100110010001111101011010001111011100011001011001101100100100011100110100011011111100101101100110110101000001110
100101111110000011100111100111111110011001110111000100111000011110010100110110001000011000101011110110000011111000010110000110011000010011000001000100010110111011000010100010100110
110110110100001111000101011011111100110111111110010010000010010101001100110000101101101010110001010010110101011001000101011000001110111101011101000011101100001000010000001011101010
101111011010101111001010010110011000100010100001011100100100011001000001110001110110110111111001010101100100111001001001010111000010001000010111111010101000001000100011111110011111
000010111110110101000100001110010111011010001011011101001000010000101101010001010011001111001000100011100001000101011100110101110000111001000000101000010100101011100100000111100001
010010111101101001000101101000111001101011111110011001010100000110111011010001101100100100110111011100110101001011111101011011010011110100010001110101110101010110011000100000011011
000111010001001011110010010101110101011111100110000110110011011001001101110111000001000110101000001011001101101101111011101110110010111110110010000000110110110000111011011010110100
111000100011000111010111101111001101110111001110011000111101011111110110111110110010010111000110111110101010001110010011111011011101010001101001101000111111111000101001011001110011
011001100111111110011111000001000100001100010101101100011110101011100101010111001101010110010011110101010111001010011101111010101011011011110111001001011001111100000001000100110110
001001000001001111100000001100010101000100011110010101011010000000100010111101101110101110111010101011010001011100111100110011001000111010111111000100100101110001010100011010010010
001001001100110101001110000110010101110010111001001011011011011000001101011111111000101101101111100100001111000010100011001101101101100011111101000111101111000001100000101001000010
100010011000010110001011001001000100111011111010000001011101110110010101000000000011101011011111001000111010100111101001110011101100111110100101001100001100101111110111011101010000
100111100000110010100011000110000111001100011111011110100110000010100110100001001110100000101011110000000100101001110010111001100101111100110101101100010110101011101110001111001110
010101100100001101010011010010001100110001000001010010100001110010001011010001001001000001011110011001000011010110010001101110010111101001111000110101001101010101010110011001001111
100101110011010110101011000111000000101101001011000010010110001010110111001001101010000100000010000101000101010010101010110001111001110011111001011011001100101001101101011101010101
101100110110101001101000110011100011111100100100011010011111110011001111011110100000011000100001101000110001001110111001100110101010110100000100001011101100100000101000111010001111
000111010000110110000010101101101010100101001110111111100001000111100110111110111001101011100000011111110100011010011110010100111100011000010011001111010010111110110010011001111111
100000011011011001010101111100101011000110000001100010010000100101010101101011111000111010011110100010000101101011100000001101111100010111110111101111001101000001101000110100011111
000100110111111101001100101001111011111110110110100000011000001100100111011001111010000110100101101110010001011110010000101000000010011111001100111100001100111110110111111001111011
000001101101001011000011010100010001010001111010110100101001101100101101101110001100110111111000001101011110110110111110110100001100000111101001001011101100111111100100100000000111
000100010111101100000000100000100100111001100010011011101000110000000111101011101000011100000110011010111001110110001101010100100000000110001100111000111001001110000110000010110110
001001010010111111101001110101100010010110011111000101110000011000111011101101110000101101101111110101110010011000111101010010101111001011010011100100101100110001111111100000111111
001011110001010000110000000101011000111011101100101100110111000011101111000101101100010001001010110010111100111100000111100000111100010001110000001111110011010011110001111111001011
101010010000101011110100011101110111110001111001110010110100100001100011010011010010111011101111001100000001010110011010100100010101000000111011011100100000010111010010011011110000
111010010011111000101001100001101101001111110110111001001001111011001111101011101110000001000110110011011011011100010001111110011101101000010101010000111101001001110011000000011010
011111010101000100010001001000000000111000100111001110100100110000011110101100011110111001100011101011000011100000101011101111010001000111111011001010001100010101000100000010101111
101010011001101101111011110000000100100110110101010110011110010001110000010110111101111110110011001010101000011000000000001011010010000100010101110011110010110001100100100000101000
100110100010010011100100101011101010111110111000101101000010001101001111011100001001101100101010001000101110011111000000101000000010001011100101101000110011100010111001100111011111
111100011111101111010101011011011010110111001001110010100011110111000011000001111101101110010000011000000001011100001010111110011000001110000001100100101100000100001110010011000110
010001111001001001101101001110000111110100011001000011101110100011101101010101000111010010000100111110111110110110111000100000101011110011010111011100010110001101011100110010101110
111110010011101010100111100011000100011001001000001111100101010001010110110101001011101001100011010100010011111101000011110100010110101110000001100011010101001011111110010011001010
001111010001011101101001010101011000111001110101001000011010011100011100011001111101110100110011111000001010101110010101111011111100000101010010010001010010111000100000010100111011
011100010110110000111101011111111101100001011111111110100001001000100000000010010111010110011000101001101001111001001110111101010110100111101011101101100100000011110010110001100110
100100100111111111110101011111110011010010010110101000001111110101001011110111011101101101011010001011011011011011111010000001000110010000110000101000110101011010000010010010110000
000100100011101010111011000101111001010000010100111100010011001110010011101011010010110011110100010001011110110111001110101110110101001001101001010100010001000010100110010101010000
111000110101001000100101001110010111111010000010100111001010010000010010000100000000110010011111000010011010100011110010001011110111001010100110010001011110001000111001100101011011
110010100110101001000100100011100011101110011010000010000111001100000010110000110001101110111101101111010111101110010001010101110111000001000110000010111001100111101001110011000111
001101011001111111001000111001110100001110000101010110101100001110000100011101010110011001011100101000100010000001011110101000100111001000011011001110001111111010101000110011111000
011010100101010100111101100011000100010001100001011100100011010101111110111110101011100101110010001100111011110000110000111001001110101010000100101010011010010000101111110110101111
001110100100000100111010101000011010100010011010000111111010101010111110101000000010011101001010110111010010001010101101101000000111001110100010101001010010111101110011010100101000
100001000110111111101001001101010010010111101011010000100010100110110100100010000001000011010000010001001110000110100101001001001010111100011001110010010101100000011110110000001010
110011011111101111111001010111101110011111100001011111100111011110111000100011001000101000001110010001010000100011001011010111110111111001101010111011000101001001100000110000101111
101001011100110101110100110001100111110010000011011011110100010111010101001000100011011000111000101100010110011101101100110001010000000001111001111110101000100010010010001001011001
001100100111101010000110111011111010111100001011101001001010000110100000000011110110101110101011000111101110000101100100001000101111111000111001000000001010110000111000100111111110
110000111010001110100101011001011000100001001100000100000110010111101100000000001100100101001000101110011010011110110101011000000110101001010000001001001010001010111101001101001000
101010000010001011100010111101100100001011000111110101100100101001011001111011101010011111110001001000100110010101101110001101001000110100101000100011111001100110111100101011011111
011010000001100111001001111101100111011000110100011101011110010011001110011010001001100000100010110010010001011010101111101010100010001010110010110000110101101001010100100000000001
110110111010101011111111111100000101010011100100101100000001001100011000111111100001100110011110001110101001011000100001110010001101011010101001100101001001000010111010111101101001
011110010111100111011100100111111111011111111110000110001000000010110100001011111100111111011000000101010101111011110011110000100010101111100101011111101001101111010100000101110001
100100101010001000111000101010011010100110010010011100101010010000100110101000011010000010001010011001001001010000010110010010111011000000000111101010001111000100001011110000100101
111111000100011101110000001111111110110000000110011000010001010000011101011110010110101110110000110000000011001111111010001010110010001001110000001111011110110001011101101100000010
001000011000000100010001110111011000111100000001001111111000001100010100101110000001010101011010010101101110110111001010011101100001101001111100111101011100111100110101001011110110
010110011000110001001100010011110100011000101110010010110100001001101110011111100000110011000101111000010000010010110100111011100010100001110101111110111110111101101011000001101000
010101010101101111011011111001000100011101011000100100100000010000100010110101000001010010011110010101011110100111011001110011110010001010100101011110101010110110010000000000000010
100000010101111100100110000111100101000001001001011100111101011110111100111011001010101001011000010110011000110011001100010101010000001110011000111010010100100101101101001011010011
001101110000001010000110010000010100100000100111101111110000011110001101000010000110000110010110111001001100000010000100011010101010100011000110010110001101001000100001100110101001
001100111000000100100110110001010001011110011001101001100001001000000001011111000011110001011101011011011100010110101010001010000100110001101110111101001110001000010010101010110010
010000111000110010111011000000011100111111101101000110100110111100001100000010011100101011111111000011000101010000100000111000111000100011010011011111101100011011101001101001001111
010111111010110010100100110011111010000010011011011010100111100111010100000011011111111011101111100111100101011101110001100000101101010101010000011100110101100100000111101101001011
101010111101110000110010111000100110111011101000110011111011111011001011101101001011100101000101011100011001010011001100100000110001111010000010111011110110001111110110010111110000
110110000000011001100011010101100001010111011101001100010110001110001110001001000011001110010101110101001110010001101001101110100000011000010000001100000100011000010110101001110011
111100111111111000101110011100000011111011100010010001100101001011000001110101000110001011110101100011010111011111000000001101100111001010011111000101001011110111010110000100010010
111100000101000100101000111001101011111111000110001111001101101001101001110111011000000100110010010100001000111100101110101000111011001111001111011011011111000100011011110101111000
001100110111101010010000110010011010101000010101011110001101111010000101110100101100010100010110001000100010011010010011011101000110101001101100110110001011001010001001111111101001
111110010100011101011000110010100101011100111011100010101110011001000010010100111001110000000100111111000000111011110010100001001010110011100110011100111001110111110100101100111001
110001001110011111110111001100001110011100000100001101100011010001001101010010001011011110011001001010010111111110101110001000100000001010111011100110110001010111000110011011011111
110100111100100011111010001001110001010010001000110001111111101111010101010100011010101000010000111010101010100010011100101001111011111111010000110101100101001111100010100110000000
010101011010000100011011101101100000000100010100001010101001001101110001111100101101100101110111000111101110110010100101000101000010010110111110000100010000101100000100110010011001
101010111010000100000010110111110010110100111100110101111110011111110001111000110110111011111101001111110000010001110001101001000111010110000010110001011010101001111100000100010110
001110100001110100001111110101101100000001110011110001000011110011011000010000010111000111111101011011101000010101101100001111111100010000000111111011101000111100000100101010100000
111001101110011010101100111001011001111110010000100010000000100100100101011010011111110001110011110001001001000110110100110010001100110011011100101000110001010010110001011101001100
001111101100001011101001111110010001110110011001000000100110000001000111111110001000110111110000111001111011001110110011111001111000100110001111001111010101110100110010111100101111
000000111011011110011101101010010011001001100001101010010011011001010101111011000010010000100100111111111100000100110011111110010110111011110001100100000000110111111111010011010111
101100011110011101111100100100110011011101001001101110010010010000011000110110010011010001000011110101001110000011110100001001101101111001010111110111010000101100000010001100010001
000010110101011001000100110010110010110101011110100110011010000010011101011110110010100101110101001101100011000101001100111010010000011010111000101100101001100000101010111000010011
011100100100101010010000000101110011001111110000111001000011110111100100100111101110101001000111110110011001100101001101010111101001101011011101001111111011110011110010110000010010
001100101101110001000101101111100010001010001110101110111000100010111010010100011001111011111110111010100110100100000111111110100101001111001100000010110011101001010000110000110010
111110001110110101011111101110001100011001101010001001111011110000110100111010011001110000100010110011000000001111101110100100101110100000000010011011000001001001100111000000010100
111010100001111011000111111111111011010010111110101011000101100010101111111101011110111111111010000100111110100000110101001101101110110000000100111101010110101010011001111010111110
010110101101111111110111110011101000010110110101001000101100111000111010100110100001011110100111011011110100001010100000000000011100111010100000111111000011010010111000010010001100
100101101110010111001101010000101010011001101010110110000010101001111110010111011100101001011010100101111001111101000110001010111100011000000001101001101000100011010110110101100011
010000111011001111110010111110011010111110100000001010000000110100010100000111100101100101010110000100101111110011111100110010001111110010111111110100010100100101000000111111100001
001011100100000111110000001000000000110011110110101101001100100101001111100010110000101111101111010001101000110000110101010010001011110000111001111011010101100101100011100001000111
011100001111000101100001010110101100100111001101110011010110111101001111101000110111101111000010110100110111000001001110101100111001001000101010011101010101111000011000101000011000
000011101000101110000100010111110011011000001011111000110110000000010000011001100011111000100101110101001001101101010101000110110101111110000011111000010110000100101111010011011100
010010111011001101011010110100001101101011110001101100110100111100011011000100110010111000110110110111101001110010100111010000011101011110001110110100001100110100011100111100100011
101000001001111111100010001011001000100001111100101101100001010001010111000111111000001111010101001100001011011111000100001100011011001010001101111010010100001100111000110010011011
011011010010110101100000011101110010010101111110100000110110110010101101001010101101110001100111111011010011000110101110110011111101001010111101011011111001000001010110001101110101
010111110101000001010111101011111100010001110001101001000001001101101110100110001101110010001010001000101010000110101001011111100001000111011110011100110000011100011110011000001001
011111100101111101100000010100001111010010100000111000101111000100110011010100001000010010010101100110011110011110001001011010010111010000001010110000010001101000111010100011010100
101001001101111001000000100000101011001100010011000001101011100000111111101000100110111001010110000110011001111100110000011010111011011110000011110101000001001010010100100011101001
000110000100011110101100101110100001100011100111110101100111000001111001000100001101000110110110100110110001111100011001001100111010110000100111101011100010010111010010100101110111
110011001000000010000110001011101111101100010011010000000111000011110001101111011001100001000100100100110001111011011100001010110110101110001110000000110110001100110000001001011100
010100110100111001110011110010101110110101101011000010011011101110110011001011011010101100010000010100100110011000110011110010111011010011000011101110010101100010010010110001010001
001000101101101101111101101011111010011011001110010111011011111010110011111100000110101000110100000101000100011100001101110001001111011101000000111010100001011000011110001111011000
011100101010100001010000101010010001101111011101111110001001010100001101111100110010000101111110101000001010010011010011000010001111010111001000101010100010101000100100101000010100
