110011101001101010011010001110010110101011101100111111100110
000100110100111111001100101111010111100100000011001000110010
001000111101010111011111000110110000010110001110011111010111
101111001110001010000011010011101110010010110101001000101010
101111001110101000011100110011111001100001110101110001000111
100011001011011010110011101011110111100111111101001100001100
011111111000100101000111100010101011010000001111000101100101
101010100110100101000010000101010111000001111001110011111111
000111001001000000011010111110000110000101100111001011100100
110110111100100101110111001101100101000110111011101100110100
010101101111110101011111100001101001001000001100011010111000
001101010100100011101100101110000000000111101000011001111101
111100111010010010011011100101100111001010010010110101111111
001101100011101111001001000010111101010000011111111101000001
100010010010011010110010111110010001011111000100111001101001
000111101101111010010011111110101000110101111001010011100111
001111100011001111100010110100100000100001110100011101011111
000101001100111010000000001101011111000001101000100100001000
100111101001110001000001011100001001100011011010000001001111
000101011010001001111010100101001010011000001000001100110100
110100110110111000111000100110001001001110111101001001110001
100101010100110001000011110000001110010011100101001010100110
000001000001111001011000110001110000010111010001001010110001
101111101011100001101001100001000010111001010101001011101011
111111100000010011110001010100101101110001111010010011100101
101101100011110101110011000000010011010101000011000011100001
111101111101101100100011000110001011001010010001111010001000
100111101100110110001000110101011101001110100110100001001011
011001011111001011110101110111000100110101001010011011101110
010111100111010001100000011100001111111101110010000000110100
000001001001011001110111101110011010110001010011101100100000
001111000100110010000001110001000101110110001111101111001111
110101110001110011011010101010011110001110110111101111001101
010000101000111110010001010011110000001010010100110110100101
010110010100110101100001110110110011111010000101011010001100
101010110111111010110001111110110110111000011110011001101001
110000000011111011101110110011011101011100110010010000101111
110011110001001001010010011100100111111110001110010000011010
001000101001001101000001010111101110011001101110101010111111
100101101000010101011001111010011000101010111000010110010011
