110100111110001001100100100111011111111011011010100010000011
001000000110111000011101100111100000011110111111101110110011
111100111100011010000100110100101110011110001110101010010001
010101000011010100100000101100001111011100111011010100100010
110100111011101010001100110001110001101111010110001110000011
000001001110110110111001011001100111000100010001010001110110
000000000100110101001111110001110100100010011110100011100100
010011001110101111001101011010100101110011010010111011110000
111100001000111101100101000101011110010110100101110010101101
110011011000110100011111110111001011110000010000011001010101
111000101101101000011010101011001110111011101010110111001110
111101001100000101011010111101101010100101000000110110101100
100011000010110001111100100100101011100000001000111010010100
011001000110001100110100011000001110111110110000101100100100
111101001110001111100110111000111010100011000100011010001111
011010101011000111011001111110011000001001111001011111011100
011111011101001000001100110000011100011110101011110101000111
010101010011110100000101110111101111011101100011110100001100
111011011100010011001111001000110000111001101010011001111001
000100110100011101001001111001011001111000011000001010100111
111100101111101010111101001111000001111010111011000001110100
010011011011111001000001100010100110010000100110100010000100
010001001100110000100110100111101010101101011101100101110100
001010100111101011110111001101010011101101101101000101010100
110101010010011111010110101011110011011010010010001010001101
100110101111000110101101000111011010001111110000011101101001
100000000100010001101001111000110110011011111110110110000011
001111100111110001000011101001010000000111011101010001000010
100010100001110011110011000001110000100101111000010010100001
111010111101111111011111010011010101100000000000110100100111
001110011101110000111110000111000110010101001001010000100111
001010010011111100011111111001100001111111011011111101100100
000111110000100100000101101110010001000011110100111111011000
010111010001110000010101100001111110000100100010011010110001
011010110011111100011010110101011011100101001010110100101101
000100111001101011010110100101110100001001000001010010011101
000000100111110101011000110001111100111100000001111111010001
010101111110010001110111110000101001010010101010001111111100
100110100100101110100011011100111100101010011101110111001100
001011100010010110011101011000001011001010011000010001101001
