001110110010001100110110000011001011111000100111010101011110
110010011100011100000101101001000100001111011100100010001101
111111110001001100010000111010101011010010000001111010001001
011011101000011000000111100111001100110000101100111111001000
110110000101101110110010110001111110001101101011101011010101
000110110000011001100111001111100111001010101101010001000001
010011110010101111111001111011010100101000100100110110100011
111110010100111110000111110101111000110001101000100001010010
010110010010001010011001010000001001000111101111100010010101
000110110110010111000101101111100111100000000110111100111110
000001001101001000011001101110111001100011100011010101000011
010011111010000011010100111000010011001110011010000011001110
100101001110001100111111010111010001000100100011001101000001
011001000001100111111000100111101011001111100111011010101101
111000101101010100010010111100001010011110101000000000100010
110100111011100110001001000101111110011100010001111101100100
111110000000101011011010111011110001111000011100011001101101
010010101111101100110101101100100110110110010011010000001000
001110010011111010010100110000000011001111000101111001101010
110101111111000000000001110110101110101111111110001010110101
011110011100101011010010010100010111010010000110001100101010
110101111100111010011110011101101001110011001111010111100010
000011001010100011101001011100110000000101010011111000010101
101110110111111001111001111110101111111001011001110011010101
100010010100011100001001110010001110010101101110001000001110
100011111111100001001110001011001100000100000111110001000011
111111110010111110000100000010010110000001100010011111000101
101000010110000000110111110001110110111000110011011011100010
000011110000001101000101000011000101110001100110011100101100
111001000111110001100110110001010101100001110110110110000010
000101110010111100110010010010000100001111111101011100001100
100101000100000101001101011000000001000011010000001100101010
110101000010000100001001101101001000001110111010101110000001
100010001000010000001000000000101110010010001000010100011101
010101101000000001101110101111011010110011010110001100111101
001100011100000000000111010100011001001001010001100010010100
011010001110111010100010000011000001100001100111110110011011
110101010010010001011111011011001001101000000101000000001000
001011111100011111110100001001101011010001010111101010101110
001011110010011000010010101101111111000111011001011101010101
