110100001011110101100000010011100110111110111110011110110111
101010110100100011110101101000101110111100110001001100101000
010001110101000010111011101001100001100011010101110000010011
010110010101010111000101101000101010011101001001110011010111
111110000111010100110010000100011101010111101000011011111111
011000001011110100101101000110000101110010001101011000100101
011001110110110010000011011101011001010000001100011000000101
010111011000000110101110101011111000010111011101100011111111
000101101001010100101010010001001001101010100100101100010101
011000000000011000000001000001100110101111001000001001010101
000100100000111110010110100100011110011111111000000100011001
110001101111001101100110101000101000000011010100001011001011
101110101100000011101101111001010010110100001100001110100001
010100000100100010001011001011000011000011011001000100101100
011010011010001000011100000001111111111000010110111001001100
000101000101010001100101100000110010001101101000101100011011
101000010110101101010101101000110110110110101100010100101100
100001011101001100100000001100100111111101101100001011011100
011010011001000011110001100001100010101001100010100111101110
001010100110100111101010000111001101011101100110110000000000
101111010001100100111001101010101010100101010110100001010001
010100100110110110011001010101000000010100100000110011011101
001000110101110101100000101011010110010011100100011100100101
111111001110101010000000111101010100100101100101011001101111
010110001111010101111111100000011010110101001100001101101001
111100001110100011001000110001001011111000001101011111101100
100101000010100110010011100100010001100010110100101001011111
111000110111111001110110001100100000100100001001111100010111
101110101101011001010100010110110001111011000100110011011110
000101111000111100011011101111101000011100111001011000001110
101001110000001110110000000101000111110101001110100000101010
011100000001101010011001010010010101110111000100011110000010
101111101100011000010111010111101100101000011100010110001011
111111101011110110000000000010101001110010000000000001100101
111010110000011111000101111110110101011111010000111001111111
101110010011000011100100010101001100011011111101111011101000
110000101101111100001101111111110111011101100110101110000011
101110010001010101111111011101101001001101101101000101010110
001110101110111101101001100110011010010110000011110011001001
001111010000001000011110001111110101101000001000100100000001
