110010001000100010111100001011011101010010111001100011010011
001111100011101001100111100000111111000101001000101100100000
101010000010100010111100010001010101110110001000101110110001
011000100110110011000100001001000011001010011000011000000001
101110100011101111011100110001110011110110010110101111101101
100101101110101111100100001101000000010000110011100111001001
101111110101111110110101011100101111010101011110000000101100
101001110000110010110100101100100111001001111010000111111010
011010101101111110111111010100011100001100110101100011100011
001111100111110000011011011111011000011110100110011001101111
010001111111101111101000100000100100000111101101100111110011
111001111110011111101101001100110111001000110101101011101011
110100100001000110010100001011110110001010011000010110100011
110110100101110010011001000010001011011111100111110001001011
011110011110010111101010001010111000111010101001000010010010
110101101101111110001010100110011111000101011101011111101111
000001110001101110011100000001111100001000000111111111110010
110100010110111110111100000000101001011011001110001111101101
101010110101110110001011010110000101101101010001011000111000
110001110100010000010100010111001101010000111100011100110001
011011110010010011110110001001110110000111100000110001110100
001110110101011000011001111001010111011111110111001101011100
110001001100101001111001110100111111011001000001010000010111
101110111000011111011111010001001011001111010110101011010111
000101101110110000100100101000001011100100011011101100101111
100000111011011100010011100100010011001010001011100110011011
101001011001101000111011001110010110011111011101000011100101
001011100000011111010101100000001111111101101110000010001000
111000100001010100110101010100010110111001001011000000011011
100101000100110100001100001010011101111001011010111000001110
110011110010001110010101011000100010000000110110000111011101
010001100101001101011010110010000010100000111000100001000111
111010110011001011010001111011101010010000111111101011110100
001101111000010111110100000110111001110101110001000010001100
110110111101111110000111001011111100111101000101001110111110
111001001101100111010010111011100110010001111111011100011100
101101011101011111011000001010000100111100101000111000010101
111110001100111011111110111000101100100010000100111100001111
100101100011011001100011100111011100010001111011001010111001
101011101110001001001000101111101011011101110011011001010100
