111100011110000000000010001100000010100001100010110000111011
011000110111011011100110110110110111001100011111011000000101
011110000100110011001000110101101111101101000011010000111001
100010111000010100100001000110101100000001110101110010101011
101000110110110111111101000011111100111110111110010011101101
111110111100100101011011110110100011001100110111001111100010
100101110111110001101000111100110011111001011010011000010010
100101110100111010101011100000000100101110001111101001100011
101101101011000110111010101101110110010111110111010101000111
001110001010101000011010011010010011010011001101010110000110
010111010100110100101101010110110010000011011111010000001000
010010000111010100011111000110100000010010011010101011000011
100001110011000001100001001101110000100110111111000111111011
010110111001110110011110111010100000001000000011011101011111
000010111100010100001001101011010100000101100011000111000000
111011000101000000100001110011110010011000110010010101100010
110001011000111000010011101000110000011010001001011001011010
011100010100110111110100011010111001010000010100000010000111
101100001101010100010000000110101101011101110010000100000100
100010110010101101101110001010110110011000010001101101100101
111010010110010100000000110001001010000111001010100001001001
001111110001010000011100111001100001001011110000001011100111
001011101111100000010000110010000110001011010100001111100110
011001101010110000111010011101100001010110101101011011110001
001011001011010100011101010111110101111110000001011110011110
000111101000111011010011011010111000110000101100011001000001
010100110111111110111011100001100011001000110100010010101011
111001110100100001100001011100110011000110000101011000000011
111011011010101101010000110010110111000100000101111000110110
110101110000001110011101101010010010011001100000101011110010
001100001110110110000000111001010010001101000100110001010000
001111111101101000000100101101010111100110011100100101000000
001111010001111010001110010110000101100110010000011100000001
010110010101100011100111101100101100011011010011110100011110
110000000111111110111000101111010011010111000000111000111100
100100011100101011000010111101011001101001111000010111100111
000001100000111010100010110000000000101010110101110110100100
011000100011010010001111010000110011111000110010011100000010
011110110011001011110011100010111001110111010100110010111100
001100100101010101110101010110110110001000000000001111110111
