110010111101001100101000110001010010001011001011000001011100
110110011011101001001111110011110011001100100010101011101101
011111011010101110000111100010101000101100110100101010111100
010101011111110011001100100111001010101111100010111011100010
110101111010011100010110100000110110100011000000011101101001
010001011010101100000111100100001110101100100001011011101101
011100111100001001001111000100110000000010000110111101010110
011011101000100010001011010110101000011111111101101001001010
010000011111101100111000010100010110101000111011010100100100
111110000001000000110011010101110011011100110011001000111101
100010100010101100011100111010010111001011011000011010010101
111100100001110011001111100000100010001001101111001101110000
100110000010101101000101010010111000110000000111010000011111
110011000010010110000111100101100001110010001001000010111001
111110111000011110000011111110110101011101101011111011101111
010101100100110000011010010101100110000110111101000111101010
111110111011111101010111100011101100001101011001001000110001
101010011101011101110111110111111000010011010111111011110101
000010001100101100010011100010000001111110101010100101110111
101111000011011101100111100000101000001010010000101010011110
000101100011010111000101101000100110010000101100011001000000
010000110100010000111011110100000111111001101001000010000000
010011111010011111000000010000111001101101011111110101011110
001100010100101000000001100101001010000100111000110110111110
100001100010111000101000011010101101010110000100000001111000
010100000100000001000010011001110001001110000111001011111111
000101101110011100010101101001011101111000101101001110011101
010111010101010110110110110100101111110110011011000101110000
110011111100010111110011100001010000111000100111111010010011
000101100101101110101000011111001001011110111011110111100011
101010111101101101111001001000010101001000011110100010110110
111000001011110001111000110011100111100110100111111100000010
100000111111110001100101010011101011000100000011101111010111
110000111000101001010001010111111100100110100111000101100110
001110100101101111011100111100011010011101111111001000100011
011011110100111100011111110111010001100110101100001000110011
010100011100001100111001001010111000011010110000110011110001
001001110101110101100010110101110001000100010110000100010001
000100011000000001110110100011100100110010001110110011111100
010101110111001110111000000001010001000111010100010001000011
