001000100101100111000100010101001011111000000001110001000111
110001011000101001111101011011101010111011100011001011101110
000001000000010101111110011001010110001101101110100110000111
111100000011001100110000010111010100011000111101011011011110
101011010101000101111101010001110110001100010110111000111100
010001101100100011101011001100000101111111101011111111110011
111100101111001110001111110100000111010110100001110001110010
110110001000110111101010101001111011110011111111111011001110
100000010111110110000001101101101011011100110101110110111111
100011110110100110110100001001101101010111101010011110011011
010010001000000011000111011001001000011111010100011000100111
010111001101110011101011010001101000111011010011100110110111
111100000001110011111000000101101110001110010010110101011001
001101100100001100010110100100011100000101000100101101110001
011110001100010010011100111000100100000111011010000111100100
010111101010011000110101010110100111001001010001100111101000
000001001110000101111100001101100101010001101000110111110110
100100000100010011001101110100000101000110001000000000101101
101011000100100010001001010011100011001000101100000011111101
011001110110000010011011100010000001010110010000000110001011
100000101011001000011011001001111001000010111011100100110101
111111001100010111011111111000110010000000101100110000001111
101011011011011010011011010001010010110111101111110011001100
011110110011010100100111110011000111001111011000110111100010
101001011100110001111001111101111000111101001110111110010110
100000110100110100101001111001111011100000010101000010000100
011010010110111001010110001111000101101010010010000110111001
110110000011111011010111111000110001001110110000011010001011
110111110101010100101100100010101001001100010011111100100011
000011001110000001011110110100110010111011111111111011010001
001010001010011111111101001111101111001110111001011111111110
010101101000001000111100101101111000100111110001010011110000
111010011101010000110101001011100111111110110010110001011000
101000001100111011111000100111101100011011011000001111001001
001000000011010010111001000110110111001000000110100010100101
111110110111101100001001110011000111111011111010101100111000
110000001000011011100000111010001110001010111001110010100101
011100100000010010100110111001110010110001000111000000001000
111001010100010100110001001001011010111011111010010000110001
110110111000101001100000010010000100011000111101110001000101
