000110000000010010110001011011000111001111111101000011101110
111001111000100000010011011010010000001101100101100101001011
101100001101110011101110111110000010101110000101101100010000
010111001111111000111000100001001110001001101000101001101101
101000100100011110001000100001100101110010010101110001100001
111101110001000100011011101001000110100100011011001000011000
101011010010111100101101111110110111000101101010001111011011
110110011110111001101100100010111101001000001110111010111010
110101111100010011100111100100001010001000000001101101011111
011000101011100110100101110101101110110010000111100110011101
010000110001101011000000010000111011101001111100001101110100
100010110010101001001110011110100000000100110001000000100010
100100110110101000001000001101010110001101100111110101011001
010010010111001000011011110001111010000111000010001010101000
010001001011010010010010100111000011100110000110100011101101
011001000110101000001111100001110011000011001010110010110010
111011000110000101011110111011000111110010011110011111001110
010011111000000110111010011001010010110000000110011010110101
100110001010111110001011100010111010000100110110111001111101
110011000000001000111101001101111000100001000101010000100111
100011001010100110000110100000110011010101000011010100011000
100000101011110011010010000001111111010101101000000111010100
010000011000000111110011011101010001001011111100000000100000
101110010101010100110000110010010000001010000101110101011111
110000110101000001011111000011001110010000000111110110010101
111000100011001110100111010001000000110011011011010011110101
110110001111110000111110000110110011000100001001011000011111
001101011011110111011011111000000000000111011010011001110101
010000010011100000010000100101001000001011100001010101001001
101010011101000000100101000110001011110001111100000110100001
101100100101110111001011010011111010110010001010010011001100
001111000000010010010101100101100001011001111110111101010001
100101101111101100100101101111111111100011111010000101001111
111000000100011010100100100110100010011011000000111000111101
010001010010100111100011010111100000000001000101100111101101
001001011110101110001111110110101000111101010001010101001111
101101010001100111100100100100110101111101010001110100011100
010101000101001000110011011100110100101001011000011000111010
011001101010100100101001101101010100011110000011101001010001
101010110011011011101101011111010010111100001111110101000100
