001010101111110001000010110001100101001011100010011110101011
101101101100001010111100000110110101100101100111110010111100
100011110010001000010010011111011010011101101001110001111100
011100110000011110111011111001001111100110111100000110110110
100110101011101011100100100010100000010000001110101100010010
011011010110011010110011110111000101101100010000011111110011
110101101000111111001011100011010101101110101111001101001000
000000000110101000110100011101101100001010101010110001101000
000111011111100011100010101010001100111000100011111001111101
111000101111111011011011001001100001010001101110101000011110
100010001110110011001001011011101010100111001000010001110000
011110000101100111001101101100101010011101101111111010001101
100100010110001000010001001110010010001010000111111111101110
100000011010111101010111110000011010000001110001100101111110
111001001101111100000011101000000100010101000100010111110111
001010011001001111101011110000000111010101000000001001111110
100001100011111000010100000010111001111101111101000010111000
111101011001101011010011000000110101111001010110110001000000
011000010010100011011100000001010010110011001100000011110010
000000101001010111001110101101001110000100101110011111110111
101011100011101001110100101001000001110010111010100010000101
001101000001001011100101001100011011010110101010101100011001
010101000110100011010000000011001000010101011110011110101010
011110100111101111011100110100010111010110001000001011100110
000010101000100001101000110111111100100011011111100101111010
000010011001000100111000011011100010001101001101101100010011
000110100001110111010100010101100111101111011010001001111111
000011001111001011100011101100011110101111111110001110000010
111100111111010010110100011001110101110100110110011001000000
001001110000100000001010010111110010110100000110000011000100
101111101110001100101101010110000101111100101011001011010011
101010011101110101011010000110011010110111001111110111010011
101110001100100011111001111000111011111011000001110001110100
100101011010101101000010001000111100010100011010110011110001
000101000011010010100010101011000111110111110100110011010110
010100011111100001011110011111001101101001101000110011111011
011110111011110111011100011100001010000011110101010100101101
010010110110000111011111001101001110001101001000001000101111
011000010011100010001001111011111110111100111010011111101011
011000110111011000101101000100001011110000000111110001110110
