111001010100110111011000101100101110101111010101101100011000
001100101001010101000011110011110010111101101101100110111001
101001111000011000011000011000111011110111000111011100011101
100110001111001100110011111011100100110101100111110111100100
010110010111101100011001010010010100011001001000010000101111
101111000011001111011011110100101110101011001110000000010111
101010101011011111000111010011001111110100110100100010011110
110010100001011111000001001010001001010100110110001011111011
110010101110000111100101001100011110000101001010110110100101
000010111000111011100100110110110000010111010110111001000101
111010001011110011110110011001010100001111100111001111101110
100011010101011000010111101100110001110110001000101101001001
101001001011011101000010000110111101010101011100010010001001
001111001010010011101100100010101110000001011111011100110100
001000100000010011000001000001110011000100000011001110011001
001111000110010011011101000100010001110011111101101000111101
101101011110010001100000001011010110110001000110111111001101
101000110010001111000000110100010000111110001100111010101100
100100000010110010011010000101010000001101101101001001001010
011111000001001010011101111011001101001110011000101101111001
101111101111000110001011000011001100011001000000101011010110
001001000000110110111011001000000000110000001110011111010001
010011010100110001000111100000110010100110000010010001001101
000110001111001110011101110101111011001000100110110000101000
001100001001011101101100101000101000011011111011011111100001
001111010011110000001011010000000000100111000001010100001001
011011110101101001100111001000011111101101000000100101111000
101100010010000110001001000010110011010011010011011011111111
000011010100011000100111111010011110110010000000110000110010
110111110001001010100001100000010100011111101101111010011111
101000011110101100011000001001110010011001001010001101100001
110001000101111010011001000011101010000111111011001011110011
011011010001000110111001111101110001001000110110000010110100
001010010010111110001011011100001000001110001000101001011010
001111000010011100100101000100111000010100111001111000100111
100111110101011001101001000010010000000000011110011010011011
011011110111110001100001000000001010010010111001110010010100
100101010001010000011100110100101110000011100011010010101011
001101100101100000111000001100000110111000101000101110110011
101111010011010111100000110010001100001010001001111011110100
