111011100000101011010010110011110001000011010001010101111000
110100111111111110010001111011100100010000010001110011100011
101001000010010100011101000001100001011000011010101001001111
000111110001000010010010100010111011010110010100110100000001
100110011110001001100100111111100001000001000111101111010110
000001010000011010000111010111110111000111101110011010001011
111010011010001011100010110010001011001110011000011000101110
111111110010010010011110000000111111011110011110110010101011
111101111101111010101111000111101110011111011100110000100000
110101000011101100000100100001110011001011100111010011000011
100001010101111100011001010101011101010011101110001111111100
000101011101001011000110101010111100010110010000000100101101
110111101101100011000001110001011101000001100101100101010101
010110001111101001111001110001011010100100100000111110010111
010000110011100000011011001100100100011011010100100001010110
100100111101000010110101100000100111100000101010111001011110
100011111111011010111110110000101101110110100000011110001110
000110000001000011011010001000111011000001000000101000000111
000110010010001011101010010001000010100101010101010000001001
101111010110000000011111010001001000100000011000100011100011
011111101100100111100110000010011101000011101000101010011101
101010000110000100010011110111011001110010010011011110100111
001100000100010000110111011011110001101100110011011001011010
000100000010010100000101111000100011111111101100000101011001
011101010110100001111000000001011001001000101010000000001000
101010001001101001000001011100001001110010100010000001110100
000001000110001000111101110010000000010110111010111101111110
110101000000000100111111100011001011101000000100100011001110
010000001110110111011101111111110110101001100100000010010000
110000000110110011010111000111100111100000010000101100001100
110000101101010001010001110111011110100111010001100001111110
101001010101000100110100000010000001011010000111101001010000
000011011111100111001101011011100000001100111011000010000001
011100111111011100010100101010101000111111101111011110001011
110010110100010010010011111110010111000101010111001000010000
100011011100011100010011101110010110001110010001000110000110
010011110010100010100001111100010011101010001101100110100010
001011000111101101010100111100111111100011011100010001110001
111010000111111100001001100011000100011101010100101110010000
110000010110011101101010001110011110001111011011011101011011
