001101100100110001111011111101011101111011011001001111010000
100111111111101110000010000000111010010011000001100001100000
001100111100110101010001000100010010000001111010111001100001
111010010010011101011010011010111001010111101101110000001010
011011101011000010010001111011110100000011011111101111000101
000110101011101110110001100110001100110011010110101010110111
011011001010011101110011010010011011000000001001100010101010
000000100000110000001001111100100010110000111010011011110010
100011001100001110101111011101110110010101101000000010000110
011001010000101101000011001011100110011110110101010111011011
011011010010110111111000100110011010001110000101110001001000
001110001000010110001010101000110001000110101001000100110100
100110100011111100000011100101110110111110010101011001111011
110111110011110010001110111000000000100010000011100101101001
010011000110100000110101111001010000100010001001111000011110
011111100000111010111011111011110000010011101101001001000000
101010100010011010001010011001000000101001011000100001111100
110101000011011011101110011110111000010100100010001001110011
000101100111110111111100011110000000011011010110000010101110
000110101000110010100110011100110111100111011010000101101100
110010000110001100010011110011000011001100100010001111101100
000011100011101110011100010110111011100000110010111011010111
101111101011110110000010001110011011001010110110000100000001
001101111110101111110011001000111011010100010011000010111101
110111110000011011101000101110111000101000000001100000000110
100100000101111000101100101101101100001000000000000000110100
111111110101001011100001000101001110011110010010000100111111
110100000010000000001101100010010101011101100111101011100101
000010001111111100101111011000100111101101001010010101010010
001110011100110011111001110011111100100110011101000110110001
011101000100101100110100100111101111011011001111000101111101
001101100000110100011011110000010111101100111111010000100101
000011010000000111101000011100000111001010001001010010001100
000000001001001010000100011010000110001110111110001110011110
110111101100100010011011011100101011110110000010111111011100
011011001101101000010101101010100111000011010100011011000100
111110001001100001010110100000000010101001101010111111011000
001001001110100000100010111011111010111110011001010100000110
000111001010010100110011011111111011111111001001110010101101
001001011111100001001111111101100111010010111100011100101111
