111111001110000100111101001110110000000100111000100011111010
110101110110101101101111101011101011001011011110110001001001
101101000110110010010101000101110111111011110101110110111010
110010011101000101000111001000100000110001011101100010010101
011110000011101010110010111001101111001000110011101110111111
001011100010111111001011111100110000000100110100011010001000
001001111101011111111001100011100100101001110110111110010101
010101100001001101110111010010010100000111100010011111000100
001010100100011100011101111101000100100000000000000100111100
100101110000010111011011100001111100011110100110110100110111
011111100010110111000000111110010110000010110100110101100111
101000110010000001101111110010000100010001110011101010010111
110001000111001100111010000111010000010000001001000100001011
100111010111110011011010010111110111101010110110111000001110
001100000000111110011001010111110011100001000001101100100110
010000000100001110111011011100010011111000011010101100001111
001110101110101111011010001011000000100000001100000100110101
101001001100110101000000010011110010110000000100010100010000
111100110000111100110101001000011100010110000100001000001010
001101000011110001110110110000110100100010010000010101101010
101000101011100000001000101100111101010101000011110100001111
100000010100110111111001000111110011010100000111101010100011
000011011111110111111010100000000000110000011010100001000111
111011010111111101010010010101100011101101001100001100010001
001001100100100111111000011011011111001001110010110011111101
110000101110100101001010010010101111011010010001110010010011
100011001011000111011111011101001001100111011100101110000011
000110011011101101111110001010100011001100010101000001000110
000110110010110011111100111010111010011011110101001001101100
100110111011100001110001010001111000100000101000111100100001
100100110010100000100111001001000000111111011001111001101110
110110000100011100010000101101111000010101111101010111011011
101100100001101011001001100101100001110110110001001010000111
011100101111001000010111000000100101101110111001100010111000
011001010001101101000001010010000000011111100011001000001001
111010001110001100111001010010000000111010000010001101101100
110101010010111101010010101111100001001110111100111101000101
111100111001010011111001110111001101111100101000000100000010
100100100101001111010100000100011110011000101111001101000011
011001110010100110100101000111101110100100000011011101000111
