001100001100110110001001011001001100110100010001000001111010
000001101010101111010111101111001011101110000010101010000100
110001100100001011110111011001111100110110011111011001111110
100000001001001100010000011101101101000000011000101111110011
011110000001100001010010010110001110101101011001101101110000
010010101000101000010101001101011111000101000110101011101111
110010011100110001001111000011010110000100001001011111101111
101100100101100010000101011110010001100000110100010110110101
111000110100011101110001000100010000101010100110001011010101
000011101001111111001010111010001110010000100101101100011001
100110001101101110001101011001101010111111000100010111101110
000110011101110100010001001000010001111000111111001111011100
001110101000110110110111010110011001011100011111010001001010
010100011011001011101101010111011111101000101000101000111000
100100110101010100100000110001110100110011010010100011001101
111111100111001100101110011011101110000010101101100001001011
010101110110101100000000101001100110010100010111011101000011
001111010000000110000000011101011101011110011101010111010100
010101001100010010110101011011011111001100111000110000110110
010010100000111001000110111110001000011101000111110000110101
101010010010111100110001100000000101111111000110011110110010
011000111010011101101000001110100111000000001101110010011111
001111111101111111100111011001010100110110011001110100110010
011010111000111101110101010001001010111001100001100000111111
001011001100111010111110100111011001011000100011001111111010
110111100101101100100010100000110111101101011111000011110100
001000000000101100010010100100011001110011110111000100001000
010111110010011101000001111101101111101001111010000110101010
011011100000001110011000010001010001011001110101000001011111
011011100111101010010011010001110010010100110011010011000111
100100101111110111110110111110001001101101000000110101100101
110101001010001000010101111111011011100100011110101010111010
101100000001011000001100011001011000100100101110000001111000
101010100100110111111010000001101010001010001000111101100110
101010011010111010010011001111110101111001010001111000010000
100101001010010000110001010100101100000101010000101011011000
111010010101010110101011110010000111010010010001111001110000
000111101111100001000000010010101010010000000100000011000011
010010010000001111001110001100110101111010111100111101000101
010010101111010101111001101001011101111001100010110101011010
