000101111100000010111000001000011010111010010001110110011001
001011001110010001111011110000101001100111001000100001011010
111101110000110011101011000100111101111001011110010011100100
110011101101101100101110000011110011011010100001111110010001
101111111011101100101100011010011101101100100010101010100001
000111000001100011011000111111110100110101101010100001100010
001001111011100011100011010001011001111101001000011100100000
011110010000101110111111011001010011011111101111010010011110
101000011010011100100101000111010101011101011100101010000000
110011110101100001110100010101111100000010111101100010000111
011111000101010101101001011100011110001001100011100110011101
000101000011001111011000010000110011000110011111010011000110
000001000111111011110100001010100110010101111110111100000101
001011111011010001000111010000110100001101010011110110001011
000101111010001111100000011010101100111110111010101110001100
011110101000011011011011111111000001001100111011001000110111
101000111100100010010011011011011011101110110001111110000110
011000010001101101010100010100001010010100011010110000100010
101001101010000100100100111001111011001101011111111001000000
100101000001101100010001111110010101011010101111110110111100
100111110000111100100101000111011110000001111010101010010011
001011010111001001010101000110000110010011101100000010001001
100010111110001010100011101000001011000110101100110000100010
101011000111010000110101001111000101011001001101011110111100
100111111010110001110111110011010101001100001100111001110110
001111000111110111000110101010010101011111011101000010000010
000100100111000010000100101101110001100110111110011100010100
011010111101100100001011010010001110100101111110001101000010
101010111101110000001110001100001101001010000111110100011010
000011010001111010100111011111010011100011011011100111111101
000110001001110110101100101001110011100011101001010100000001
011101011011001101100010010101001010011101010101101001001111
111111101001001101111110101011010110010111110001111101111011
001001111110000011111100011000010101011110010001101000101010
011101000100010100010001111011100000011101000111110000001001
000000001001010100000110100100100001111110001010110000111011
110010011110110101000110010010010011001000011111110101001011
010010000101000100100000100010110000100101110110110100111000
011111001111001100110001000000110111010000100101101000111100
101111100100010011100010011110001111011000101001010000110001
