010001111110100010010010010010011111101110100110010011001110
101110011011010010111000001111100011000101111011100011000010
111101000100111011001000011100001001111011010001000101000100
110100110001001010000101000000000111000110000111101111111100
010001101011010011101000011000100001011010011010111011001111
111010011101100101111110110001111001001000100100110101000010
001111001001000101010100110010000000001001101001111001000100
101110010111100101011111100110100110100101000100001011111101
010111101001101001000011101001010110000100101010000011111110
111011101011110011000110010101010001100011101111001111010001
101011101001111010111011010101101010101110101110101111110000
010100100110001000111110101110010111111001111110010101000010
010111000100011101111100100101001111011100011011011011000010
111111111011110010101110011011001011110101100101110010110111
000001000000101000010000111001111000011010101100000000001010
001110000100111011110111010001110110110101011000011000010000
100101110110111000000111100010111110000110001101010000100011
101000101111001100111100011110110110101110000110100000111011
111111100011001101001010011000001100011111001010110111001001
001101011110111101111111101110010101100110000110100111001011
010101001110100111111110111010101011011011010001111110100101
110100110011001000101000001011011101110001110011100001011100
110001000110110111101100110100111111001111100001110001011111
111111000000011000001010100000110010000001000010001011011110
001110010100011011111100111001101100000100000101111011100011
111110001110110101101111101111011101100101011001111001011000
010000011000101001001010110111010110101011111011111011101110
111100011101100001111001100001111100000111110111101000101100
111001001110010011001110010110000110110110110101111010001101
011001101100101000001000000111110100001111111100100000110110
111001111001010111111001000011101111111101010100010111111111
100100001111001000100111100101001110000100101110110100110001
100101001001010111111011001111110001110010111001101011110011
101001011011001011110111111011111001010001101010000100110110
001100110110110011110001111000001110101101011100110001100000
101100001010001010000001010001000010101001000000011010001001
001110010100111100010011101111001110001000110001010110010001
110000110111101001111100110110100100000110001010101110010001
001100101100010101001110100101011111111001110000000101011110
011111100010001001100100001110100011111101001110000000010000
