010001001010100111101010100111110111110111011101101001110101
101111011011000010100011101101000100100100111011010110111000
011010101111111000110001110010100110011000101000110110000101
111110010001000101000101011000100010000100111010001110100001
001101101011100111101010001110011101100000001101001110001100
101100011110101010110111111000111110010100111010010110000100
100001010100111011100001101110111101110010011101111101110101
101001000110111001011101110010010011010111010101111011111111
111110101101110101010010110001011001011111011101010100111011
100011011110111111101000101000000001111100101000001110111011
000100111100111001111001001110011111011010100000000011001000
001110111010000001101011111011111000101001100001100110010010
000001111011100000101011111110001110111100110111110000001101
000111100011111011010110110110000001101100101110100111011110
011001000010101110000001011000101101101111010111100110011110
010100010111100011010111111111001100000111110111110101010110
110011011110100011001000000011000010110100000110100101111101
010000100010010100111001100001110100000110111000001001100001
001111100010011110111110101110011001110111000100110010001001
110100101110101110011001001111101111100100100010101000100100
011111101010010010111101010110100001011100110010001110000010
111010110001000110011001111101101001010001001111100111101111
001101001001010100111101010010100110001010001011111111000001
000111100000000110011111100000000111111011100100010100100100
110010100010110101010010001000100101010110001100001101101100
101110111110101010001100000011001001101000010101101000100100
000111000010011100010010111101101000011110010100001111101010
000011001000100011111111011111110000000010000111010001010000
000000001110101010100001110100001101001000110010010011100100
101001001111110000100000011101110101000110010101100000001010
110110011011010111101101100101110110010000101110001110111101
010101011010110010110101110011011011010100011101100011011011
110000110100101000111111111110010101100000101000101001110000
111110101011001010011100110000010110110111001011000010101000
010010001011100000100000000011100110001001000101101101001010
001011001110101111010101110100000110100010000111100110101101
100001000011100011110111011001110010011101101011100001100111
101011111011001011000110110100000100110001100101010011111110
111101111010000000111000101001100110010111110101100000110001
111101110101110010111100001101001010111111100111011101011000
