110100111111110111001000110010110111001010010100000000111011
101100101100011100111100101010111000010010011000101111010111
110100101000011010111101110010101010010001001011011111110011
011101110110011000111101001111110101011111000111011010010111
111000111110001000001100010010011100011101000010000011110101
000101110111100110010011111010011100111111001000010100000000
101110000100010000100111101010000100010011111000100011000000
110111100000001111101011101000100010001110011001011100000101
000010111000101101101101011100000011100001011101010101011000
000110001011110001000011101011000010001000101100000001100001
111100011111100011001111000011001001010011111000111000001111
010110001011000111011110001001010000110011000011100100100010
010110110111101011010011010010101011111000111010000010001010
111010111111111001001010000110000110001011000101011111000011
011101010000000011011001111111000111000101100001111101101111
100110000011110100111001100011000011001000110101101011100101
111110100011111000010100000110010000011100010011000100100011
101010011000101010101011111001101110000100001100110001111000
110100011101001101100001001110100011110001001101111000001111
100110001101011101011101110100110111110011110001010001001101
111000000001010010101101010000001010010110110010011011101010
111011011000100010111110111011001010011101000000110111011100
010001110111010100110001011001110100111010001011001101011101
101001100110001110101010001010110100100011001010011010101111
011011010011100001010110010100011010100110001111100110110001
000111100101100111111100000100011111100011000010011000011010
001010011100001000011111111111101001011111100011000011110100
111101000101100101000010000000011111001101001000110001010010
101010101110010001010100101100110000001011011001100010000010
100011010110110100101010001110000101011001111100000110010100
111010111101001101111110000011011110111011010111101110011100
101010111101111111011010111111111001101001001000101011100010
000110100100111111111110000011001011011111100011011110010100
111010001010111111101011010111000001001101011000001111100111
110110100001000101100111110010000001101111100010100100111100
110100110111101110011101110010000110100111111100001101100011
010001111001101010001100110000000101101101010110011110011000
110000110101101101111101100000100101110111111100001111101111
111100110101010111100011011011110000111000101101111010111100
101100010000001000000001000110111111110010111110110110010010
