101101101111000111100010010110001001000110001110011011011010
011001011010100000100111000001111110010001110111011111011110
000101101001001010111011011100001010111001111110111001111001
010000100000011011100111110100000010010101010001100010100000
011101101010010101010000011100101110011000101101011110011001
100001101111110000100011101110111000111001000000110110001001
000100111111111101100011110101111111110000111010010001101010
110001010011111001001010001100101011001101100100010011001001
001110101101001010011101010111010100111110111111101010110011
011001110111000001110001000100000110010001110001100110010001
011111110000111111110010010000001101010000010110010100111011
100010001110000010111010100011111000011111111101101110011110
100010011011111001010010000111000010110110001000011010010001
011111011000110101101110100100011001001001010111010110101111
110101111111001011011011101100110011100011111010110010011111
011110000110000011111000101100010000100010101110011101101111
011001010111000000011000110011000000010011111101011111100001
100111101110001001110010101110011000110011011001011111111001
101000101110111011100001000011110101010100100000001100110101
001011110111110010110101110111100100011100000001110011100100
000110110111100110100010111111111100110010100001011010111011
100101010011111110010100000000111110010100111101000001011100
010000001010011100101100100111011000000000011100100011111110
011101000010000110110111001111011100101000101010010000100110
110001101000111000011110101111001101101010101000011001110110
110011010110001010011101000010010011011000111111110011110001
111010001011100100011101000101100011111000101111001000111110
101001011111110111011010101001000100100011011001000010110100
100000000101111010011000111010001100100110001000000001001101
000011111000101010110000110001001100110101000101010010001100
011101011101000001100100011010010111101000001110110101011001
111101011101010100110110000101000010101101101001110001000010
000001000011000101001110111000000111111110000100110101011110
000100010001001011010111100110110000011100101011111011000010
100000011001010100111110000010100001110101101100101000011101
011000111110101100101101001111111100010100110100010101111111
101011101011011010111000101101000100101011101110100110111111
000111111100111100101000110000001010110011001001011100000001
000100010010101110110110010100110100000100100010001000010111
001101001110001101101001000000001001000011011100100101001100
