000100011001101110011010110101011111110100010010101100101000
001100100001110011000001011001011100001101111010100100010111
101100111011000010011110010010100011001111011110100000001100
100011110100100011010111101101001000100111001000111000000011
010011101000001011111100001001011101111101101111000110001001
101101110011010111110001001001010101110101000000111011110011
010010100000000110101110100110001001010100001000111011010011
011110000111010101111100110111010101100100011001011010111101
111011100101000010101111110011111101000111111111110011011100
001110111110001010001111011011001000011010110010110010100100
011101011110101010000101001011010011100010101101011111011011
111110001101001110000001100000001110111000100100001010011011
101001011011111111111001100010010100101001010000111101001000
111000101111111111000000001110110110001011011000010001100000
101000011101100110111011100100100101000001101101011111000010
100001011001110101010100101110000101110101010010111101110001
001101011100010011110101011011101000110000101000101000010010
110000010101010101001011111011111001101111100100010010000000
101001010000101101101011100010010010110111011001000100001001
011111000010110001001000011100000101001000000000100000000100
101010101011010111110111000010010110110111010010110011010001
010111101010001011101010110000111000101010110101010010010100
111000111110101110110001011110110011001011101100000011011010
010000011010100111001101001000001011011001001010110111111000
101001111111101101100100011100001001001010011101101101010011
011111000111111011011100000100111011110010000011111000101110
101010001101100101010101001111110000111001111100110000001010
110101011010101001101111110001010001101010011100101111111100
101011100111110001000110010111011110100000010010001110000011
010011100100111111000101111010010100011011000110101110001010
000111100111101001001110011000000101011100011111110001101101
101110000100111101110100001001101001110111000001000010010101
101110101001010010000001000110011110110010011110111110000011
001010001001101101101001001100110101000000101100111111100101
110100001100000010111100011101101111001100000111110111100011
001011110100011101100111111101001100000010001010001100000111
110001001110010110101000111101101110111100101010101000001011
011001001101000111001110111011001101010111000001010101010110
011011010101010001011100100110010111110000100000110010101101
011011110110110100001001111010011100111011110110111100101101
