110110100100110000011101110000100001111010001111000011000001
001111001101010101011001010010011110011101001110111001010111
010010000100011110101100001000010010111101101001011110001111
011111100000001101110111100111000100000001001111101001001000
010010100101111110001111010000000000100011010100100100110110
110011100100111110111111100000111010111100001000100000000010
000101010011001001101101010001101011100001010101100111100100
001000001111001000111111010110101010111101011010000010010111
000110010011000110111101100000101111010001001010010000101110
100100111111101010000001100010110001110111011010101110000111
111001010101110101000011011100101010111111001011000111010100
011011011101111110001011101000010111000010101110101101011101
001101001110000101010011101111000001111111111111110010111100
011101011001001010011011000010010000011110001000001000111110
010110011100000011111100110011011011111000100100000101010100
110010100000110101000111001110101111000100010111001011110000
110000110010010000001110101101111010101011110110101100000011
011110110010111110001011101001011011010010010110011100001000
000001110010111001011111001010100101000100101000100110101101
010101000011011101001101111100001101000010110011100010001011
000010010110011111100100110000001011010010111011001000010001
101111100101010001011111101100100101111111000001000001110010
110111110001000001101010110111001001001111011011110000000011
000111100001110101100100110000011101110001101110110101110111
000011001111000100110110011000110011111010001000111111000011
110011000101100111100100110010100100011011011110110110001111
100011001000010000110101100110001111010110010011000110000011
100000011100101011001000000000101001110110101010110110100111
010001101100010000011001111111001000011010100000101011011001
000001000000010010101000110010000011000111000100000001111100
100011001110110111011011100100100011100100010010110111101111
001010111111110011010001110100010000100101101001111110111000
101011010101001000000111011110101111011110110110111100001010
101011101111010100101011110111100000100111011111010100101011
100010011110001101010101000110110110101000011000000011101010
101001010001010010001011010110001010100010000000010001100000
001110010111011101100000101100010000100010001110001000111110
011101111011101010100100011000101010000110011001110110110010
000110101010011100111101011101011011010111010111010111000000
101100100101011000000101111110001101000100110000011100010011
