010001101000101011011011000010001001101111111110011110000101
001110110110010010011001000101110010001111101101011101100111
110011101111010011001001110110010001010010101110010101110101
101110001101001110101101101111100001101110100110010011000001
000011010100010010001111100111000100101111110000101010110100
100000011001001100010100111111111011111110011011111110000000
100010000011101011000001110101100110101011110100101101011000
110011111010101011110101010110001100001010101001000001100110
100011010011010100111101011101110110100101000011111010001011
111101110100111010110111111000100001000000000111001101110111
111101011001000000100111111001110010001001000111011100011111
011101110000111101001000110000100001001011111101000011100101
100010101110101010100111000101011011011000011110110000010100
111100100110110111011100011101011100100111110000011010000101
101010100111001000100010011000000110111010111111111100110100
111001110110011101011110010110110000101000111001010011111111
001010010001110000101100110111010101100001100010100000111111
111100000011100011000100011101010000001000000010110111100011
001010111101110100001000001011101101001011100011101001001101
111100011101111011110010110100111101000110110001000000111110
101000001001111000011011101111001100000011011011110101111011
110001100100110000000010000110011111000000100101111100011001
111100011001011001111100010111001111110100000001100011001000
011100000101110101111111111000111010111010101001011111000000
100001110100010010110100110101111101001000111100011100011111
000100001111010001011011001010011000000100101101101100001111
111001101100111011000011001010110001010111011110100000100010
111110110001011001010100011101001101011110001000110010000001
110011011000010110010001011000100011011111001101100011000000
110000001011100100001100101111101001011101100101000111100111
111011000011001101010111100011011101101000100110000011010010
011011101111111010000101110011101010000011100011101010110111
000110110111111000000001010011111111000111101101011101000110
001110001001101111100000010101011110010011001101001010100101
111010000110101111101101100111110101111100011100010000111110
101001111000000001110111101001010010011100010010110001000001
010011111111111000011000101011010101110010110110010010000111
101110010101111100101010010101110100000101000011111010010011
000000110000000010010010011110011110000010111101011110000100
110001101101000101010011100001110101001000000110110110110101
