110000010011101001110100011101101110110101100001111011100011
010101011000100011100100110111000000011110001001111000001110
100011011111101010101100001001111100100000001101011001100110
011011001111011010101010000101011101011101101010111111001000
101011110001010010001000011100011100100011010010111110001001
011110100111011010010010011011000010110011011111000000100000
000000111101111100010001111100101011111011010010010110010110
111010000001001010011011001101011111000101100100101110011111
000011110100011010001111100011110010101110111101101100010110
001000101101011111001010000111000010001110011011110111001011
000010001001001011010100001010001111100110100011111000100000
011000100000011100010110001101100100110001010100101101000000
011101000000111010000010111111111001001001110011101101010010
011101100110001111111011011010111011101111000100111111001000
100110100101110010100100001110000011001110010011110001010111
000111001010101111001010110000110100111011010110100000111000
101101000100000110011010110000110110011000111110010110101001
101000010110000011001100111100100001111010110010010111001011
101100001111001011101101100101010111011100000000111101011000
000001011111111001011011010111110011000101011011110110011001
101011111001100000101110010000001111110011111111110111100110
000110101010100011111100110100010011011010000001001101000011
001011010100110000010110010011110001010111111011010110110001
111100101101011001110001101101110011001101110000111100110110
011101111111011100101100111000111111001111101110111101101111
101011010011001001000010010111010001001111100001010001110011
011101011011010111101110101000010110010000111101110101001101
110110011001100011100011100100100111111110111100011010011011
101101100101011101100100001010010001001100110110101111110001
110011111001100101001100111101111100110111100101011010110111
100010010011110010000000011111000111111001000011100011101011
110001101010100110101011110000010100110101100111011000011100
011000100011101010100001110010011000010111011101010001011001
001101101011010100010001011011110001100101111111110001011001
110011111011011101111010110001111110101000110110001011111011
110011100100110110001100101001011011100101010101101100101001
010101011101011110100110000001001100101100000001001001100101
001110100101110110001110000001100111011000111001100000011100
011000111011101110001010000010111110011101101011000001010111
110110001011101110010100110011000000111000011110010000111000
