010110001101111101110100100000010111001100011111111100011000
111001001110000101110110011110010111110001110111010011111101
111000000010011100111111011010110110101001011011000110110010
100100001111100101110000001010101001101100101000001000000111
101100011000111111100100100110010111110000101000100100110110
101000111000000010101000000110011101101100110110010101101001
011010000010001100111100011001000110100000100011101011111010
100000011011111010110010110100101110010010110100001000101001
110111101110101010101011001100011011111010100100010100010110
000100001001000111000110100011010111111100111010001001011010
101111110011111001101100000000100100011101100101011100101001
011100001101011101000110101110101001001101100010000001111000
110000000100010010100111101001001100110111101001010010000011
010000011111101101100000110000011001001110011101110011110000
001011011111001110010111000001110001010101111111101011001101
111110000100000001100101100110111010010111011100011110101111
110010100100100011111010000110111011101100011101110111110100
000010011100001111110111110110001000001111001010110001010101
000000000010111001011100010001101000110100100011101110110110
111000011010110010111101110100111001010000011011010001110101
101100001110111111100000010100011101100101011111010101101011
001111000010111110100011111111001001100100001111010000010111
011111001101011111001010011100110010011110010000001100101011
101010110110110001010011110101011101110111110111000101010110
000100110100101111000010100011001001001010110001001100010110
001100000101100101111101000111110100101101101000110101010010
110010100111110010001010011011010000000000011011110101010000
111101101000000100111010101010110100111000001000000100000010
100101010110110011001010101100011110011111110110101001101000
101111011100101001101111000110100000110000111101001111011101
011001010100100011101101000010101111111110000110101000010000
110110010011111000111111010011100000101101100101100100000001
011011100010010011111101010111100001111011110011100101011011
001100110001001000100110010010100000110011111011000000000110
001110111001111000000010110010111110110010001001101010011100
100110101000011110011010110111000011001010010100001111110010
000010001100111001111011010011011100011010011110010100000111
011000110011010000110010110011000001000001000010101110100101
100010111010110110111111100101110001000000010000010010110110
111011010010000001010110011010000010111101000110111011111100
