011010010100100011100111011001011111000000011010011010101111
110101110110100000110010010010001000101100110000010100100010
001110011101010011110100010110100001001001001010001110100101
110000010011100110000111010010011100101000010110110010111000
010100011000101011111110001101001101010000010000100011000010
000100001010001010000101011010101101000011101100010110001100
100111001001011010110001001110011001101110101010110110111001
000101100010001000111001110010101111011101011110001001110010
101100011100010010110010110100001110010010010000000100001011
100111011110100010100011111100110101100011011010100001001111
110111000101100101011000001001101011010001100010010000100110
111011110101101100101001100010000100110010000110110010111010
110101101010000101100101100011001100100000011010111110010001
010111001111010010100010011001100010010100111101001111100010
101110000100010001101011000010011100100100010100111001010101
010101111010100100100100000000110111001011010010110001001100
101000111000011010001111111011111100101000101001100011110010
100101011010110110000110000100011010011001101000000110110100
011000100110011000010110000001001100110110001110010111000010
000000001000111100011010011001011001011110100011100111010011
101000000110110001100101101111001001111100011100000101100010
000011111011111011010111111010001000110010111011100010101111
001110110111100000010000010110000110111001001000010111100010
110001000111011101101111100010110111110010110111111000011100
111000111010011011101011101101010101001001100010001111010100
100111010100110110000011000011010000000011010100010111000100
110100110110000011111100010010111011010000100010000011101010
011101001011000111101110001111001101000000101100000001010110
010001100000010001001001001100101011000101011001111011101101
100101010100010111111000111111000001000111011100000000101010
110011101011000110011001101110001100000001110010101011001011
111001001100110000011010101011100010000010101110111001100110
011100011100001110100000011001100000100100100011100111101000
110110110010001010000100000111110100011111110001111011111101
101011010011111100011011110000100101101000101110100111101011
001001000011110000001010011000101011001001001001111010001011
000001001101100101110101001001010010001000000111111011001000
001000101011011111111111010110000111111000101000001010101001
101111000010000110111110010010010101000001101110001001101110
001111001101001010000110000000010100100010111110001011000111
