110100011001001000011111001101101011110010101001000110001101110001000001000000001001110110111110110101001111011000000011110000001011110101010001000110110100011110100001101010001101
000111111110000101001111010001000111101000111011010011101101011010001111101111011101001010100101000100000101100110110111000100001001111101001011010111111110101110101010110000011001
100101111011111110110110011011001101110000101101110111001001001100011110111101001000000011000001010010001000011001010101111100111010001101000010101010101101011010010000011001011010
101101110101001111010000011011101100111010010101110111011001011011000111101000100110001111001110111000001001001110101000011001101000111110111001000010110010010101110010110110001101
101000011101110111000100010011010101000100111110100100100010011000110001111111110010000100111110111011100100011001010100110111100000100111101001101001110101101100010011100110100100
001010010110110000100101001001001100100101111000111100010000010110000001001111111010100011000100011110001010010111010001001101001001101111100010011001000000000100100101010100110010
111010010101101110111101011011000111000001111001000100011000011010011111100000010011110011100000101011111000110100101100010101011000011000010010100011101010111101111001000111010101
010011001101000010100010000001100001011110101001001000110000100101101001111010101111010000101100000001100110101010100010001010101011101010101110001100000111100110100011001101111111
111101011101010001101100000000010100010110010101010111011101010011000010101011001111100000111001001000010110101000000000010100101111011000100001110111101101100001010011000101011101
100100010000110100011111001100001001110000001000100101001100000101100001011010001000010111110110000000110101010001011110011001001101000111011010001000011000110011101000010000101110
011100100011110100111000000011000011101110110011011110100110010000011010100110001000011101110000111011000011100111100000010100000010110111111001110000100010111111001011011110111000
110100011001111011001001010011110101101100011110100101000000101011100101000001011111000000100011101110111000100001110110111001000000100100100100011001000010010001100001000000100001
110000110011100101110110110101110100100010011100110000011101000110100100001101110100100100001100101110110011001101000110100001010111010100110101010110111011100011100100000000001000
001101000010011101100110000000110000100000001011010010011001111110101011011111001100111110000110010110000010011100100110110110101101000010000011110101000000000001101010110011110000
011001011111000111010000001011100011010001010000110101010100001101010101101100111111001001100010001110111011000010010000100001100110011110001000000110101000111001111010111010101100
011010011110111010100010111000100010001101011100101100000100100000111100100010010110100100110010000011110110100000101101111000111001100110000000101111100010111000110100111111101001
101111101011100110110110100100111001001111001001000110101110011101111101001110100110110001011000000000011001011110011010101111001111110110111001110010000011100011110100100001101100
011110101011010110001110010010110010100101111010100000110010011111101111111110111100000001001010111101101011001000011001101100001101000000110010001000100100000011010000001111110100
110010100010111011111111011011011110100010100001110101010001001101110000100011111011001001010010100010101100100000001101101010110011111011001001000110110100011110111000010101101100
010110110001101101110110000111001100000011000011011100110111001011010110000110001100101000011101001000110101000110100111001110010101001010011000010011110010101001100011010100111101
010101111000000000001010000101001100101110001100001011101001111001011001001111110001001010111000001001101101111111111100110111000101101001000011010111101110111000100101011001110100
000000110001010010000010110011101001101110011000101111010110101101010001110000100001100001011110110010101011001000101000101111101111011110011110110011000100010000010100111011100000
011001000101111000010101101011011111110010000001111000011110101001100111111111100010111111111111101001111001111000010111111010001000101000011000101000101000100110111011101110110000
111101100101010011001001101000101100101000011011110011011110110000101011110011101010010110000111110111001100101111000110000010011101000111010101000101111011000011101011111000000111
101010010110000011110001101011011001110110100101010000100011111110010000011001110000001001000110101000110011010110000010011011100111000001011010000100011011011110011011110100111011
011100001111111111111011110001011110101010011001010001100011000101100011110010010110010100001010111111001010100100000101011011110000110101110101101100101011010010111100001110010010
000000011101001010001000010001011101010100101101100011011100100000010111001001000101011001111001010100100111001101101011011000010001010110010100011000101010100010101111100111010000
100101101001110010011011100101111001100001100010011100101111000011110011001000001001000101010111001100010110011000111100111011100110110001110101001110000111001110100101010001101010
111000001010011111010001010110011111011011100000000011011101011000110110100010011011011101110001010000011010110111101010000010100010110100011011000000100010010101101000101010000000
010110010011101111101000110000110010110111010010111001011111100011100000100100111100000000010111001001001101010100000101011100000000111011111100100011011001011010010100110111100010
111111010111100011010111000101101010011000011001010110100111001010111011101101000000011111001100010110011110001101110000100011000011110010111101001110011011101111101011001010011010
011100010001110101111001100001001110000100001111001000000101010011110011110100000111001111000001011011111000100110110010001100010111001000000000100011011011001110000100100000000011
001001000111100010111101001010100001110100001000010000001101011010011010110010011110010111110100110101011011011101000100000101100100110110110101101100100010000011111110001000111010
110001101001011101101111100101001111111110000011100000100110110011001011100101001001111011011100001001110110111000101000011011011100000011111110110000001111000101100010110011010000
110111110111000000110110010001101100011000011101010010111111110101010000111010101100110100101011111010101011010110011101111110010001100011000001011011010100011011101011001100101110
010011110010001011101101010011011010100101101110010001010010011111001100001001110000010101110101010101011100001001000111001000011001001011010110111011000000000011100100010100110001
101001111000110101101000000000000110110111101101111000011011000010111011110101011100101101111010101000111010110001101001000000101000000010110110011001110001111111001000010001000010
100111001111101010100110000000101001001010000110000011100011001001010101110001111100101010101111111101111111011011100101011110010010011111111011010100110010011001100001110010000010
010000101110010101011111111000111000001111010001101001001110001101110011011001101111000001000111010101001100001111111110001111101101001100010101000001010010010010100010100000000010
101110010000101010101011010100000111011000000011110100001101000000101011101101000001100001010001111101000110000100001010011010111101000101101000011010101110100010010100101000111001
000100110100011111010000110101110111011001100000100010110010000001010001100001001110010110110101100100000000101010101111010100101101011101101110100010101110100000110001100111110010
111100111011011001101010011000111101011001000000110010011001011000101001001110111001011110110111000001000010011101000001000110000001011110010110001001101001100101011011011001101111
011110000100110110010000011110000000100100110110001100010101001110110001001011000101011100010010100001000111011111010001100110110001000001101010100000111000100010101001111001010100
110010100000001000110011000011001110100110011010011001011100110011101101111100101001010011010000111101110100111100101010100100010001001100001100110010100101110101010111000011101100
110011001110010011101101110100111110001100011100101100100011110111110000110000001000111011011100011110011010100100101100111111001100000111010000000001100000100100011111001000001000
101111100110001111010010111001111011001111101010110010011100110000010011101001000000100011001101100101001101111111111011000011101001011100010001110111110001111000011100100011000000
000100111111101100001000010111111101101010011110010110110111000011100001000010000010100100000010010001110111001100000010101111010100111101110101001111011101111111011111010101001101
100100110010101111111100010001100110010011111101101100000100110011101001011001010010001011111010010011001111001100011101100001101011110110101111001001101001011011101001100011000101
100000011101001010011010111000111111100110010011010110110010111010101100000111010111011010001111001111100001010101110001001001100000110011011100000010101001100001100111101011110011
100001010000010001001100110010011011100011001011001110111100101011000000010010101010111001100001000100000011000100000100110000111010110011111111011111011001000000011101001111111001
010000011001000001100110000001111101101011000100010100101101111010011111000111000010010100000001110111011111101000010100100110010000111101110011010101101110010110111101010111010101
001100100101000100111111110001100001011000010110000111110010000000000110011010001101100100011010010010100011110101000001000001110000111101001101101101000110110000010010110000001001
010010001000100011110001011000111100001010110011101000010011111010010101101100110001101011010101110011011001100111001111001001100100011111001000110011001111111100111000001100011111
001001101101110011010000000100011011001001101110011001001001010110001000110110111001000011111100010111010001110111000110101011101111010101000001001111000100111011011011101001011001
110100010011110010011011100001100110110111111110010000011000101010101011100011010110100010011000110011101010101000110111101110010101110111100111101010011100010011100100110100000110
000111001011110100001101110100110001100001110110111100110110110110101001101101010011101000111100100111000100001100010010110110111111010111011111100101000110000110010101001100100110
101000001001101011011111100111001111111101010000011000000011101011110000010100111100100000101110100010000010000010001010010001001001111101011001000001110101001110100100111101100010
001101001000110000110010110011101110010101111110100001110100010011111010011100010101111000001011011001001101111111000110111101110000111010110101100011100011101010100010101000010111
001110111000001011011011010010011000001010110001100101100100001101000010100101101101001100001111101011000110110111111000111100000001001111000101100010110100100110000011110011101000
010100010100000010111011001110001001111111001111110110100111001011011011011110101001110000100001100010001101111100101001111101110101001110011001110000110010111000001111011010110011
110111010100010111000101010101011100110000010111001101001010101001100111111011010100010101001100110000111000101111100111011110100000101010110101011010010100011000000101101001101011
110100101110110011111111111011010101101001010011010100110001001000010000111111000111001000010011001001000010110000011110111100101010110101000010011001011011111011010000010011100101
010010111011111101010011000010111100100110010001011000101011011001111101011011111011001001010101011000101100110110101001010110010001000101011100010111110000110110000010101111100000
110000111110101000010010110000010011001010010101111000001001011000001100001100110110011100011001111100000010111001101101101101101011110000010010101100101001111110000010110111101100
110001000111100001110111101010001100110110110000100001111101010001000000110111000111110001101110010001100000001100101001100110100111000000100010111011110101010100011101110011101111
011111111001100000011011110111011111000000111001111100011111000101101100011110100100110110001000000100110000110000100101000101010001001110100111010011101110001000000011001001100101
011100001101100101110111100000001110111010011101011110101110111111011110001001100100101010100011010010100011100001110111101101111010001011010100101010011000000110000000011000101001
101111101010100111010011101111011110001000010111010101110101000111010111001100110001000001001101111011010100101111101010111000010011101000101010010111001101100000110001000111000010
000001010000001111000110000000101011110001111001011111000101110010111000000001110110000010101110110110101010100001000111001011000000110011111110000110000011111010000001111011100101
010000100100111001000111011111111110111000110010011110101100000010101101000101110111001011010010101111010011110100111001111011101010010110101110010100010011101100010000001011100000
011010110011001001011101101001101001010100110011011100011111110100100010111001101111000010010110000100100111001010100001100110101000001010000000001001111011011100100111101001100010
111010101111001110010010101111111010100001100011111110001111010110000000010011100011111011101101011011101010111100010100011001110101111000100010010101110110010101010100010110100010
110111000110101111011110100100010010000010100111000000010111001101000010010111001100110010100110010110010101101011111010100010010001001100011110001101001000011101000100111001111010
001010101010001000011111010000000000000010010100111010101000100111001011110001101101110011100101001011101101110000001010000000011001100001100110101101010111100101010000100000011111
010110001110100000100110011011100111011010010000011011011101001110111011001110110010111111101000001111010010111110110000110111100101000001110100101110110010010010001100000010110001
011011110101000110011100001000111100110111001100010101000000100010100011000100111110110010101111111101111101001001101000100100100010101011010111011111111001100000001001110011101011
111000001101111110100111001001001000010110001110100101000010100001110111000001000000101110101101100100101001000100010001110100010010000011101110110100111100011001110111000011101110
101010111010110000110101110110010100011111011111111110010111100110100100011000110000110000100111011001111010000011001110011010111101011110101100110001110111000011011110111000110111
001111000100000110101111001000000111011011110111010111110011000100111100111111001100000101100010101000011000100000011000101110001101010010111111100001010101111111110011010101110001
000110000000000000111010010111010110110110100001100111100000010001011001010011001011010111100011100100000010011010101111100010011100011101110011100100110101011011011000110100010001
001000111110001010011101101111111110101110001111011010001010000010010011011001101111011101100101111110111000101001111100011001110011101010101111011101111001001001011011011010011110
011100011110000011000010110100110001010111011011010111110101100000000111111010111010110111101011101100111100011000011110100010100000111100100100101011100011010000010111111011110111
110010110011001010010101000101011011000100111011110101110101011000011011101111010001111111010111101101110101011010111000011100110111001000000011001001101011011010110011111011100001
010011010011101110010001010000101100101101110000110110111101011001111000011011101001110001001000110111100000100100000100000011001111100100101110100100100000111000011011000111011010
010011101101010110001110100100111110010000000010100000011100110000011100000010101000010001001011011001010011010111000010110001010001110010100110001010011101101010011100010011100101
010101111110101011000100001010011111000100000001000111110000001000000100111001111100011011100000000111010110010110000101111100111100111100111100101110110011011110100011001100100100
101000100100100101100110010011110101110101101000010101101011011110101001001000110100110101011111110111011011001111001111000111010100001100110011111110001000101001010100111000000011
011100111000001101100110000110001101011001001011101010000000111101101001110100100100110110110100111101001001110010101100011011011110001011110000111011101110010011011110101100101100
001100100111100011101111110010111100110111001111010101000000101100011111101101010101010100110000111001001110101001111000110000010010101110011001011111100110100100011101111011010000
111010000101111010011110111110011010110000001001100010110111001011000101111001110000011010111100101010110111101010011010001011011001110010111100101001011000100111100111110110011011
010000000000111010010010001110011011101111111011111100110000111000000001010101001100111110010111000000111000100100101101111111011011011101111011111101110110001011001111111011100011
101100101100011101000001111000101000110101010100000111100000000001111110001011011110100111000010100111000101110010000110011110001010101010100011001000010101010010011010010011111001
011001010111000111011110000011011001111001101100000011000100011011111000100001110011011101001111100000010010001011101011111001101110111110010000001001100011000001110010011100100111
011011011101001100111111110001101011001011011100100011110000100011101000111110000000110001011001010100110111110010011100110100011110110101110101001010011001011111101110010110100111
100110001110010000000001011001010100101000001001000110010001001011010001100110100000011101110111011011010001111110101000101111001101001101110110000001011010010010111011111101111000
010000001011001101111000011101110000101101001101001010111000111100001110011101001111000101100100001011010000111111000000100111101100101100111101100000010100010010010110000100001100
010111001010011010101000111111001010110000100001001100010100000011110011111101010111110111111011111011001110100101101111011001000110001000100011110101000010110110110100011101100011
111001010110111011010110001100110011111010010000000111101111101101101010011000010000110010111111100011000011000000001100100011011101011100101111010010101001001111100000111001000111
111010001000000100010011011101000100001100100011001000110010110101111110000010001001111101011100100001001111101001100110010001111001110100111110100100011001111010000110011011111100
110011001110110110011000001011000010111001000100111101111001111100111001111000011100111100000000001000010101100001000000000100001000001111011111110100111110001011011011000000001011
