010100111010111010000100110010101010011111110000000011100101
000101110000011110100000011001101001010001110101001001111101
011011001001110010111010010100010001100001001010101111000001
100000110001001101010000001011111011000011011100100101101010
001010010111001111111000010111001011001001100001101100011000
001001100011100110110001100011001111011000110011010011101001
000001111110110100001110000011001000010111101110011101111000
111010000110101110110100101001010000011011010001001000001000
010001101101100110011001100100101110101001000001100110101011
101000111110110011110010110101111011000000110101010000001000
001101000010110001100100010000111001000101000100001110010100
010010000010010100001101010111111011110111101110000010000111
011100110000100000111111101110011111100011100100000010100010
011010010000101001001101011001100101010001110010011010100100
000111000101100110111000101001101111010111110111011010100011
001100111001101111110001100011110000001011110001101001110011
010010001100001011010101001110110101110111011000101100111000
110000111001011101001101000111110101010101010100010011010010
010000000011111111011001100101000001101100110001100101000011
011001010000011110001110011100110011110010101111100001010100
110001101100100000100011101001000110000110000011111011001101
110000010010011100001100101010111100000000101111100011011001
100001001000100000010110000111000110110011101000100010110010
111010010100100011100111111111100001110010110101110011010101
011110110110001010100100010001011110010000011001100100101110
000000111011101001000111101010111000011011000000101111110001
111010001111011010011100011011101011000001001010001111011110
001011101001001101011110101100101111111101010110100110011100
010100111100000011001111011010001111110001100111100000110101
001101001110001110110000001011111011011001111010100101000100
011000100111101011110110001100011010010111110011110101110011
101100011011000110100110011100110000100100110000010110001000
010100011001110110001011010011110011011100000000010001110110
000100100001110000110011100110101011110001110100110110100011
000010101101101101001001011000101001100001000010111100010110
101110100000100001001110000110000011001010100110100100001110
000000100111101000110011000110100010000110111001101101111000
010000001001111001111111010101101101000010001111010100001111
001111110000111001111110000100001001110111101101000100110001
001000111010011110001111001111110100100001001111111110000110
