111110101111111100011110111111001000111001000100110101100100
000011010110000010011100111010001110000001011010100000101000
011110100101110111000111100101100001010101011011101110100010
100000101001100101000101100001111110101101100100011110010001
000011000000001101000001000110110111010011110011100100101000
110011010011000111011000100110010001100111110010011110011000
011001111111100101010010111111111100010001110011010111101110
001000100101110111110100110101011110100100011000010010001110
110111000100001101011011010111101110001011100000010001101101
111100110000000000001001111100100110100111110111110010001001
010110111011100011111110010100000111110011000111000100101011
001000111010000100010100001110010010101100010110110010011111
111110110000111101101110010101000101111110010000110100101101
001001111010101100110010101101101011110110110011011110110010
010010001101010111011111001001000101101001011100110110001101
111100100101000000010001000110001101011001110111101111011100
010001010001010010001001110111000101100100110110010000111010
010111111001111010110011000100101101011111000001010011110000
100111010001100110110111100011111000110100110101001101001101
101010011001110010010001100001001000100111010010100110000011
001000100001011101101111100101010111011100101011100010001110
010111101001011111011000001011100001010101100000011011110110
001000000100100100101000110110100101000000100101111111100111
100111010110111010001000010100001101100111101111110111101101
110011011101011111100111011100000010110111101111110101110111
110010110100001010000011110001101000010100110101111111100111
010101111000101001101011011011100110111110000001101001110100
101011010000000011000000111010010100101010000000000111110111
110000010101011100101011001111001101011100100110010000101011
110101011100101101011100001010110001101101100010001011000001
111111000100100001010000110101101110110000101010000000100010
100101110101000111010001101001110011010011100010011001001111
000011110100011001101000000101011000010100111001101111111100
110010010110010011011001111110001110111100010100100111111010
010111100110110010000111011000111111111110001101001001101001
101000010101100100100011000001100001110011000101010001011011
111100110000000100101110011000110111101111100011010110111001
111101000100100101100110010111101000000101111001010011010010
001001110011001111111111110101000011101001000101111010001010
100100100101001100010101100011010011001100000111101111110010
