111101000101010111111101101010000111100000111001101110100011
110101010010010100100010100010111100001110011100111110011001
010100011101110110010011110111010001011001010110010101010000
000101101110101111001001111111011010000100010011100110101011
110111001011110010011011010011000000110101111111011000011101
000100011010010111000100010111111010010110111110001001100110
111011011000011110011111100111000101001000101000111011001110
001000011100111101000001110100010111111100111000110010101001
110101100010011101101110110001100010101000101111111001000101
011010001011011101001101001111111000100111100111010111101000
001001010011100010111110100001110000001001010111100010101110
000101000001011101000000110100000111100100111011011011111101
110101011111111000010110100011000001101101001111100111000101
010111000010111100101001110101110000101011001100111011000011
001010101001101101001001111010101001111010001010001001011100
010101000010100110101010110110110000010101010111001001101111
000011000010110110011001011111111111101111110001001101010010
110110101000000011100000010000001110010110100001000000000100
001101000101101110011101000110100111110010010010000001010001
111000010110010001111001000101111100111100101111001010010100
000100001111000010110011101001011001011010011100001011000001
111011010010110001010010101100001101100111010001011111011111
011010000010000010100000101110111100001001011011001110100100
000001000000011110001011011011001111100101101110001100000010
011101111100111001010111010000110100010011101111101101001011
010111000100001001010001001000101100001111011011001110001110
101111011010101001111011101100110111101100101100100001100001
000101010110110110000101101011011111000101001110001011001111
011010101110001101010100011110100010110011001000011110011101
000111010100000001100000101100000011000000100010111011101010
110010100000000011011101001111010100101001000001111100111101
111100110111001000011010011001010010100100001101010110100010
000110110110010000010001100101011101110100110011000011001100
101101111111001101001110010001111100010001001011000000101101
010100001110111111010011110111101110010011011111010001100000
101111010100110000101000101100100110001011101010010011000010
011010100100011000000110010001000101111000101011111100110001
110101010101111000101010110100010010110000100000110000000010
010011111100100010101110001011010101110001100110100101001111
111000100100001011100100101011111000100110010010001010010000
