110110111100010010100010100000101001110101010100101111000111
111011000101011011000011111101111011110011100100101111010000
010101010101010101101000000110100100111011100110011110000100
001011000111110000110111110101101010010111001100111010011100
010100110010110011111100101010100001101000111001011100100010
000011000010010111000101111001110000101101011110100101100001
110000000001110100010001100000110000000001100110100011011111
010000111001101100001110000010111110100010010000010011100000
110111101001110100100010000100000000111000110111111100110001
101111010100000010110010101001001010110101000011011010011100
100001111110010010111110101011110111010110010011111100111010
001000001010000000101100111101001010100111000001001101010010
000010011100100110101001000111010001111000010110100100101110
001001100110101000000111001110101000000010110001011010110010
100101101111000111011100011111101101011100011101111110101000
010000101011011011111100111000111101110000001000110110111000
000101101011100010101011011101000010011101111010101010000110
001000110001010001100011101100011011110001010010101010010110
100101000110000101010000101110111110010010010111000110100111
011010100001100111100001110111001001110000101100001111111010
011111100110011110001010100000100011110101111011001110100111
101100111110000101011110010011010001010100100010111110000110
100011110110111100110000001100111000100000011110011000010111
000011001011100111110100110101011011011101110000101110101000
011110000000011011001001100011101111101011011100011001011001
000001001111001000111011000010100111001110010010101101100011
010101011100000100001111000101111000011001111001001001110000
010100111100101001000010011111110101001000111111001010110000
000101100000100111000100001101000001101011011000000000000101
100010001101111001010010100100111111111001011000101110101101
100010101010010010111000010111111101011001110111001000011000
000011000100100000000100011111111011100001100111100000010001
111110011011010110100000111011100000001100001011110111010001
001110000010000011010010011001100110000000000101011001000010
000110000011001100111011001101110100110001010001100101010101
101010000100010101111101110111011000110111001011101010011100
100001011000111010001100101010011001000101000100001111111111
111011001110011101110101110111111011001100000010110111101111
000101010011111001111111000110100000000001111001001011011000
001111110100000111011110000110000100000100001010111001110000
