101101111100110100101101000010100100100010111111011001010010
100011001110101111011000001011110111111110010100101001110010
000001011010110010011100101100101011110101110000000001101000
110111001101111100101010011111010010010001101010111111001011
101101010001000100001010110100100000110001000110011110001011
001111000010001101001010110111100011101000111001111000000111
011010001111100101110011011101110101111110011000101001001110
001001101001110101011011001011110101010010011101101111101000
010010110011010001110010001011111111001011001100101100100010
001110111011010101010101011010110011010000010000011010101101
101110011010001001011101111000110000111110000010100101011000
111011000110001010011101000110100011110100001011100001001011
000011000101100010011101111011111011010100111100011100011001
110110000011011011101010111100111101111000001100100111101101
110011000001001010110011011111011110100100101101101101011000
011111110011101111101110110000000010111111011011010100010011
010110000000111100110000100011101010000111101011111110011001
101000110100111110100011100100100100101111010010011111101001
000101100100100110111001011001000000110001101010001010010111
100001101001110100001101011111000011110010111100100000100010
001001100110001011011001101000010000111011010000100010101000
101110001000111110101011110110011111101000110100111101101001
011111000111100011000010001011010100111101001010110001001101
010011110111101011101011111110000000101000110110010110110100
000101010101110101100101100011000101110101010101100111000010
100001000011010010101000001001001101001111011111111000001110
001110101011111011110110101101101010110001110000111101000101
000000101000010000011111100111011000100110011001000110010100
011001101110011011010001001101000101010011110111110000101100
111110100100010111111100001010000010100010110110110000110001
000111001110101100010100110100101010111101011010100011101101
101011011000101100101110010011010001011111111100101100010101
100010111101001011011110010101110110011100101101111010001100
111000110001001010000110000111011101101000000100111111101101
110101110111100110000011100011111101101111111011101001001010
001111100001111001111110111010010110011101000010100011001010
110101111010111000101010001011011100101010100001000101001101
101000111100101011111111000111110100011100011011001001010010
111000001110010000100001000010000011100000010110111110101101
101101110101110001011101000111111100001010001011010110001111
