111111001010110111010011110011011101100000010001001011100111
011110111010011111111011101001101011100100011111000010001110
100011001100010011001010101011001111111001110101100110001000
000101101101000101111111100000010011000100010110110000000011
101100010001110000100100101111001100111111111100100001100100
000011001001010001011110110111001000100011111001000000101110
101110101101001111100010001100100111000010011101010001111110
100110000011100111110100000000111101001100010011010100010000
110011011001010110001101110010111111110010100111010001010000
110110010011110000100100101011110010111100010110111110001001
101001100101110110010101011100100011111000110011101110111110
011111101110100010010000111100011110100000000101111001010001
011000111010101001100011001011000001010000100111001111100001
100100011000010011110110001011000110110101101011111101000101
011010101000000111100110010111101010100010111010101001001000
010110001100100001000010011001000100010001011101001011001111
010100000110100101101100000101101110111101010101110010110101
110001010111111011110001100111010111100010111100100100000100
101011101101000011000001110001111110011000001011111111011011
000000001000011101100101111111011110010010001100000111000010
001110110110111101011000111010010001010001010000111000001111
011111111011001001011111000000010001000011111100010101000101
100011010111000111111011011000111101000011110001010001010001
011001101011111010110110101111011100110111111101110110011111
001101101000100110001000000000101001000101001001110100000100
111010000110100010010000000110000110000111000101110100011111
001110010111101100110011010100100110010111001000010011000000
100100101000101111100000100011001111110101100110000110101111
101110000011010110100000011100111011000100100100110000011001
101000100110011001100011111101010011011111001101000001101110
100110010000000001100100000111010010011111110011100010110001
111110010011010001010110001101011111011101001000101101101001
011000011101011000110110111011110111101000111111100001110001
110001111110111000001100101001110010100010111111000101011001
101111110101101111011111111011001100011111000011000110111010
001011100000100110000001000000001001110011001010001011011011
011111010001000110010011110001110001001111111100110010111111
100111000110111010011001001100001110010110100011010111010010
001100000000110011000100111110110001111111111111111100011111
100011010101001100000110110011110001110100110101001111110100
