101010110010101101100111001110111000011011101101010001000101
001000011101100101010100100101110000110010111011011100011011
111011010111001110000011111010010111000000100011000001011000
001010111010011110011010011100101111011101100111010101001110
101110111001110110101011011101100000001010111001000011100101
011010101011110001001010010010100011111111001001010001010101
011110010010101101110111001100011111100011111011000011000100
000000111010100010111000011001000010011011100000000101011110
110101101111000001101010111000001100000001001001011010001100
001100000011110110101010011101111100011010110001110111111011
110110110110101100011010101111000111100010001011110110001011
000101100000111000100100110001101101001100100101000001100101
101100011100001000110001001111101011011000101111101101111001
000011111100011110010010011100100010100110111000000100001111
110000000000000011011001001000010101101101101111101011110010
110110011111001010110111111010100110101111000010011111111011
100111010010100010001111001011111100010000010000001010110101
100010011100011111101101011100001000011000101101101100001110
010100001101001001011110110101101101100010100110010010010110
111000100101011011110110010010000011001111100010100110100011
100000010110001001000100110100111001110010111011001011001100
110000111011111101100110100100101110110011100101010011111110
110011110000101000101110101110100001000011111111010101110010
110101000110111001011100101010100011000011101001110001101101
011000101000111111110010111000000101100000010111010001001101
111011100000101011001010110000011011010101000001100111010111
010111110100110110111001001110111010111011111111011011100001
100000110010000001000101001010000101111011001101110011011110
110110100111100011000010100000111100110100011100100001001001
110111010110111101011010001100010110011011101010101110001110
100110010001110111101011000101011111100010100100010000000001
001001110101011001001001111011101111110101100001001000001100
110010011101110111111011001101110001101000010010010101010100
101110110011101110010001100111010100001011001010110011001000
010100001110110111110110011111111100001000101111100000001011
100101001010000010111010101100001111101001100111100100100110
010110101110010001100101011001001010110001100100000010011010
110001110100101001000101111000010011000100001000000010100110
101110000000010011101011000000101011001100101010101001010100
001011011110010110011011011001100101011010100111000000110000
