001010011001111000111000001111100111111100111101110101101001
100010111001011001111001011101101100001110101011111110011110
110110110100100001110011100101001101111000011101101010011110
111110010011010001100001100100011001010011110111011111100000
011110101101000011101110001010110101110110011010011110100111
000010000010011010010111101010010111011000011111111010110111
010010111111000010100000110011000010010101011000101100011111
000101000001100110110101011111110111010100010001111101101100
011010110011010011110001101100000110101010011100101011000110
001010110110110100101011101101001011111111011010101001001110
100111010100110010000101101001001010110110110101100111010111
010001100000010010000111000010101100011101100001100101010000
101010010000011000101110001011001010011110011110010101010011
111000011000110110100100011101011010001010110111100011111101
111000111101110011110000111111000100011010111100110101010011
011010101001100011010011101011110110010001101101000100110110
100010000100000110110010010011111011110111001101110011011010
100110010010100111000011001010100001001011010010100101010010
000101001111010100000010100100101101010010001110001001001000
111111000110110111100111111011111111000011010111100110011110
111010001110010110100001001011110010000111011000011101100101
000110101100010011001101001010010011101011110100000110101111
111110111101000011101101011001001001100010110001000001100000
110011010101111001110010001000111001100011110000000000110011
100110100000111101100001001001111111100111110011101001001010
111010110000000001010010011010110000011111000110111011111111
010100010000001110110001111100010010111110001010100110001100
001110111001100001111001110010100000011101111010100001001100
010111101001101111111010111000100101000010100000100000100000
011000111100101101010111011111011110101010101011010100011110
010100010000111101100011100100010000110001000010011111111110
001001101001001110001010100001101111010110001011010111110010
011101000100101100000001111000110010101000111110101001100010
000011100000010110011111000101100100110001010000010100111000
111001111101101110011101101110110010101000101010000011011110
100100001010010011100010110100100011111111111001101110110000
010110010010110011000111111101000110000110010000010101000101
011101111001110110011010000011111000000010100111101100111001
001001011010001001100011100101011000110000110001100001111110
011101011010110110111001011100011001111010010000000111110010
