101110101110100111011110001110000101010101110010010000101001
001010101011001000101111110111101010110101111111101110010011
001100000011101010011000111001111011100100001011000111000011
011000101101010001010000110111110001101101000000000001100010
001100110001111011011011100011100111101111101101101110111000
111000001011000110101001100100001010111011011110111010101010
010111110000111001011001101110011100011100100011010110111101
011011001000000001000111001011001111001000101110110111000011
111110110011110100011110010101000000111110000101110111111100
010101101000001001101001111001100100000111111110011100100101
100110000111111000101000111011001001101001111001000111010001
001100011101110111001111010000000111101111101100110101001010
110110011100100110100101011001101110110010100111000101111110
001001110001010110001001011100101111001110001000110101100100
011101001010000101110100001000001011100100010110011000110000
001011011100101100010001010110010001111101010010100011100100
101000011000001000101000111100011011110001111000000001010011
101011101010011001001001111000110010000100011010110000001010
100101000011100110101110011001011100101111110010001100110001
111001000001100110111000000001101000100010010111111100011100
101111100110011010110101110101111001010111000011101001010110
111100011100011000111100111010110000110001011100111111100110
011110001111010000011101000100110011011100001011010011010111
010111001101101101100101000011111100011001100010011010010010
111001101110100110001000110000010100000011011110010010110011
001111001111011110011010011101000100101111001010101000101011
101111010110000100110111011111001001101010011110100010111001
100000101111000010011010010110100011100000001011111110110101
000100110101110001001001010101110101000000110100101111010010
010011000010100011011000001111100011001000100101001001101110
011111001011110011010011010111101010100010011001101100101011
100001100001111101001111000001011010111101010001101011000000
101001001101010001111100100010110000100011011010001111011010
000011000100111011011011000010111101000011111010011000010000
001100100000001011100111101100000100101010010010100010101001
010111010100111101101011111110110111110011110001100010110110
001110000110010100011001100000000100111000110000000011100110
000001011101101000100111100111011010000100001101100000100110
011101000010100111000011000110001011101100001111011111101000
101011111001110011001100101001111100111100100010110001110000
