010010110000110001110010011010101011101011010000000000111001
110101011011100001001111111010010000100110110010111010011110
010101111010011101010101000110100110101111011011110011010010
011000111001110000100111001100000011110110101111001010110010
001110010011101111011011100010111111010101110011001010101001
011011001000110001100110111010111000100110111101101101110100
111111110010101110110010111111101100110011011000001000111010
100000110100110110010001100111101000001101011010001000100111
100010111010000111001000100000110111110111011110001101101100
010010001110001011010001111110010101101101101100101010110100
100001100100100110111000100000011111011100001000100000000110
110000101001110011001100010010011000111011100001111100011010
100100000001110110101100000100011010001000011111101001011100
010101001000101010000000100011011111001011100100000101011011
111000110111001110010100101101010001111100111011000101000110
100010100111110111111111001100110001001011101000110011100001
001010110011100000111011001100001101001110001001101101000011
000010010110110011011010011010111101000000010100001010000110
011000100110010001110101100010100111100110111100001111000111
100011110001111111110100101100100001011100100001110111110100
110100001110001101010010000101000111100110110111100010001100
110110000011111100110110110110100001001000101001010110010011
010000110000100101101110010011101101011001010001101110010110
010000101110001010000011101100100000110000010011010110011011
100100111011000100010000000001100001011101100111001111011111
001000111101010001010001001000111101111011101110111001001101
000101011000010101110101001010011101101100101010001000010101
001100000110001011100110110111011100001100001011100101111010
010100100110010111111100110011001000001000001100011001011110
110011011110010100000001011010111110101000111100010110011101
100100101101100010000111100000010000011000000111100111010011
010101001001101001000110100001110100100010100010010000011100
000000110110011101111100100110011011110011001000011110111100
111011100010111011110111010001000010101100101011110101000011
111110101010000011101100101100101000101110111001011100000011
110010001011000011101110011001111100001100000111000001011110
001010011111011001001001011110011000010011111111101001110001
111111010100010110111001111101011010111111010101110110110011
101001011101110110100110011001001100011001110110100001011110
010101000001110001011000110101101101100011110011000001000010
