010110000100001111111111100110111011011001100011111110001100
110100101010110100110010000111101011011101101001011010000110
011010011110011001010101100100000111010101000010101100110110
110010001110111110011010111110110001000101000001101111111001
111001011011110101101001100110101100100011000000101111010001
111010101101100101111101100000110010110111110010001010001111
100000101010010001110110000001111001111010010000001100000010
111101011011110010111101011011010101011111101111001111001010
110111100110011001110111111110011110001001101001101111101100
011100111101110110111101100011111010101010000001111010100000
101000001000100010101111110110010100000000110010010011111111
110100100010000000011010110011110110001010100011011100101001
000000100111001010100000011011110011001001010001000010001111
101010101011100001001011001101111111101011001010100111011110
001001111101110111011010011010001111110101111101010111010010
100100001010010010010001001011011000111011001100101101001001
000010000001101011010101101110101101110110010101010000011101
011101110011100000011001111111100100110001011110011100100101
000001110101101100000000000100111101110111011101001001101101
101110110011100001110111100110110111011110011011110100110101
100100100000010101011110011011100111101010110110000001110110
000001100010101001101100011001000101100001111111110010101010
000011011010000010100100111110010111011010001101100011011111
101110010000011111100011001010100111010101110011010001001101
001100101011001010010100100001000110101000101000101101011010
101001001110101010010110110110111111000111111001101011000110
001000100110001110111111111111100100101010100100000100101000
001111011010000110010010011010010110110100101011101110110110
111100011111100100011101011011110101101011101111100110110001
111010010110000101011110011111111010101001001001011000011110
101011110001111011111110111000010110010100000000110011111110
101110011100000100111011001001010010101110001111011010000010
100011111000100011010010010010000100110100011011011000010011
110010110111000111010100111001101110101100010000000110100110
101110010000001110000101110110010110010100000111011000111011
010111101000100101001101110001011110111000110011011101100000
101001110101111011001111100101001001110111101101101110001011
000001111110100011011110001010111100100100000001100101001110
111101110101110011010011101001111100101110110111111010011100
100001101011000011110000101000001011110001010001111101001100
