111011010011100000101011100101101111101010110000101100100110
100110111000000000110111010110011000001100111010000011000110
000100010100101101110110011010011000011011001111001010000110
001000011110001110100110101111110111001101001110100100100110
010000110011100110011100111011010011010010010010001011111011
100001010111010010111000100111101101110001101001101000001100
000111111001010110001101110101101110111011111100010110110010
010111011111001101100011100101111010000100010101000010101100
011000001100110111110011111111000010101111111011111001111100
011000011100101011010011011000111100100011101110101100010011
010010011100100010000110101111011001000111001110001100001011
111111001110111110010000101011100100110001100011100101110001
110100000101101111001001001101000001011101111001111011001001
111101011011111000010111100111100010111010111101000101011110
100011110110100111000100010111111100011010100111000010001000
000101111011011110000111111010011111010010100100110001010010
000000101110010011111000100110011110010011100011111011000100
101011100101100010100000001001100001101100110001000001101101
110101101000000011110111101100011101100011111010110001010111
101000001001001101111100000001001010111010000001011000011011
001101111000011000110000010111111111101010110011101110111000
011111001110100001101101101011110111101011010000000100110010
000001111000100110101001101111110001110100100000100010000010
000010110011000000110000010111101011001111100111111110111001
110001001011011110110011100101110111110110001011001001111001
011100111100111111101110110011100000001101000011100101101100
000001010001011101101100111111110010000100001000101000110111
011100011101111101001001010001001101011111100000010000000100
100011110000111110111000101111000000110001001100111100101010
000100101110110100110010100000000110011010001100110000000101
000100011101011001101101101100010101010111110110010110100111
000100101000001100000000001110010010011010111011110011011010
010111110101001001110000010011001010101111111000000000100010
001011100001000111010101000110001001110110101000100001010111
011101001000100000000010100000000001111000001001010000110100
000100000110101110001100010000011110001000000001110101000111
000101011001101000111010110010011001011111000001111010101100
001010010111001101101000011100000110111111110001110011110000
011011010101011001101111011010101010011110101111110101000111
001100010111101111000111000110011101000011000010010100000111
