100010001110100011011001100110100110101101000110110011100100
010111110100010011111011010111011111011011001010101001011000
111110110111111000100100011100101111011010100110011110010101
101110110111011000101101101011000111010001001111001111001011
111000011010011010111110110000000111100000001110111001000110
101001001001111100001010000011010110100001110011100101011011
011100100101001111101011001000110100100100001101010001010011
111111001100101001100001000010010110101001011100011001000011
000011110100000000101111010010110110100010101101101111010111
011011110101100100100011100111101011110111000010111010000001
011010101100010111110111001111111000011100011010000011001100
111010000101011010011110010100000010000101100010111110010001
000000100111100010001000010010101111011100111000111001011111
111011101010001011100111000011100110010110011000000001010011
010010000110100101010100100011010011111111111110000101111101
101010111000010001011100110011010111010100110111110111001000
000111100100011011000001000111010000001101100000011110110010
101001101011101100011110100000011011111100100101110010000011
011010000010110111111000111011110111010000111010110011111000
111111000000000111101110011111011000011110101101001101011011
010101101111011010010001011110111011101101000100011000111101
000000111010111101010100110110100111001100100010111001111000
110101111010111000101101110011111000001011110111101010111000
000100101101100110010011111001110100011111111001101000011001
100000011001100010000011010001000010100100000000000111100101
011111111001001000011001101010001010011101101010111101101000
000000011011101001110010101111100111001000101010110110001000
011011100001011111001111100001011101110110110010101011100011
001000001001110101000100001111011101000101001100110100011010
100100111011010100101111010110001010111101101100001000011101
011110100010010101000101111001100101101010101011100010010010
001100011101100010011101100110011001101010100110111010111000
101101011000101101011101010111110011011101001000111001001100
101011100101001100000110101001000101101000000001101111111000
100010100100110001000001001101001101100011011001011111111000
101010110011111100010110111110001000110111010100000100010000
101111101010010101011111001000010010000001001111000000000100
100001111101000100101111010000111000001001110000101001000011
101111001000110101111001101110011001001010111010000010111001
011001100001101111111111110100101100101000001110111001010010
