110001101011010100001111110110110111001010100110101001000101
111111100001000001001110101100011011111111010010101010111011
000001000101000100101011001111010000100011010000101011011001
101000001111111101001011011100111110111111000000100100111010
101011111111100110011110110101010100010110010010110100010110
111111001000011100100100110000001010100111101000010100110000
110001110100011111010000111100000011111111110101111100011010
101111000011001001010111001111000000001011010010011101110001
110001011100100001000101111011111010011010010010000110001000
110101100011100111010011110000111000000101010110100010000000
101111010011010101000111100000001010110110010000100000100011
110110101110010010010011000001010101010001101100000110111110
011011001000101101010010100011111001011101000000100100010011
111110110101000110011011000100010001100101110101101101111001
110010001010011000100101111011000101101100101000010100010011
100101010000011110111000010011101001101110110001011111000001
001101000111111111101101110000101111110001100101110110100000
010010101110001001011000110101011111000000100111100101100001
100011111011000011010001100110110110000001000011100001000110
010011000011110101110100111101101101111011100010011100100011
111001101001011100101100001010001110001111100111101001110000
110011101101001011011111011001000010001100100101011110000110
001001001001001011001000111011001100010010000101010000111000
000111010101011100000110001000011000100101101001010010011101
111101111101111001011111010001001000110010001100011011101111
101100001011101101101111110101001011100010011111000001011111
101110000110010111101110101101011001101010000111011111111100
111111101001000010100011100011010110101000000110100000001000
100111110010101100010110110100110101111100010101111001000110
000010011010010000111000100001100000010001010111011111011010
101010111111000110110111110010001111001110000000101000001100
111010010111110101010100001110110011010010011011101110010111
011000011101011100111001111010000011100010010111001011001100
110100000111010101001100100110101010000100111001011000110110
101001000010001000101101010001000110010110110010000110111100
000110010101110101100101100001001101010110111100101111111100
001111010111010010111000000011111010111110000100111111010111
000000001011110011100000111001101001011111100011001110000001
010101100001011101010000000111111100110110101000010010111111
101111100011110111010001110111011001111011001001100110001111
