011101011100101011101110100100101101100111010111011011101111100110110110001110010001010011010011101110000101001110101000010001111011100010111111001101001010100011100101010001101010
100000000100011000111011110111001101001011100011011110001001000111111000110011001110011011011100011111001010100100111010110011000111111000000101011100001011101110010011011111011011
001000100100110100010010011100110101101001101101001010111000110101010011000000000000100100101111100010100100000111011000010011000001001010001010011100011101101100101110100000101101
010110101000101000110010101010000011100110110101110110011110111010101000010111010010000000101000110110001010101001100101100100111111111001111111100011110011111000101111110011011000
110001101000010000011111111111110100000100001110010010001011110001100110010001100110010111001000001110011101111110101001101000001010111011001000011100000110100101011001000010110101
111001111110001010111110110001111101010010101101000010100110000011111100001011011100010110111101111000001001000111101100111001010001101110011111100011011001000111111001000010010101
001011010010110001011010111001101001100001011001001000110001000110010100111001101111100001001111001011111010001011001101101000010110111111100001111101100101011010011110101100100111
010110100100010111111000111111111011001000000000110100010111010111100101100100110110000100000011110010110101111110011001010010101011101001111110000001111101111001111110111001111100
011110011111001001001110011101100001111010001100001110011000111101001000010000110010010001010010000100110110000110110001001101010001010101110101000100001010100110110110111111111011
101001111111000110100101011100111110101001100010010010101111001110011010010110011101100010000101010000000001011001011011011010010000111001101011001001110110011101010101111000110001
001100011100111101001001111111101001001100111100011110011010010101000111110110000100101110111001101000110000111010010101101110001111101110110111000010100101111001000100000111100100
000100101010100111011011000000000110000000001111011011101111100110111001110100000000101010100011111010100101100010010000101101110100001011000000101010011100111001110011010011000000
000111000111000100010100101011011111111100100011100000110101110110110110000101111010111010000101000101110010000010001001001111010011001110101110011010001010011010110100110101101111
010010101011000001100000111010110001001000110101000010101010000011100101011111011111010011001101001110100010111100111001100101011110011101111110110010100001011110000101100111001011
101010100010000101110010111111011100011101001100110011100111011101101110010001111110111101000010101100011010000100010010110000011000001010011010110110111011111010111110110010001101
101100010011111111101011011010100010010101111001001111011111111110111000111000111001111100001111010110110101001010110001000110000000001000110001100011000101100100010110001000011111
011001101011101011101110100110000110000001001000011101001111101000100000110101110100011000100010101111111001111000010101001010010111010010111100111111111001100010111111011100010111
100111111111111000001110101111111111000111110010110111111011101111001111110111100111100000101011000101000001001010000111010010011100101000010000111100001100001000110000110100100101
000000100001100101110001110101101111000010101110101101101000100000111011010101010110100111111100100011111001011011110100010000111010001110100110111101100010111100101000100101011111
111101100000100001100111101101110001001000101101111000000001001110100001111000010010000010011010101001001111100100001001001100110101110000100101000100010000000011100110000010011111
000011011011011011010011010100001110010111101010110001100000011001110011101000101110100111001011001101100011001001001001100111111100001110110100111101110010101101101111111001001000
010110001101111001100010011101001101101000001111010010100010011110110110001010110100111011100110101010110101000111110111010010001000001111001001001100011111010000111001001110001011
110011101000110000010101111000000101010101000111001000111110000010000100101100010100110000100101010111011101100010001110010100100001001111011110011100100011100010010000010111110001
110011110000100010001100011000111111001011010101101111101001101110100110001011101001111011111011101011110110111011000111100111100101111101000000101001100000001001111111000110111110
000010001100011011101101010000011110111011100110011010101011010111011000110011100000000101101010110010010001011011100111100010110010000010111001100100110001110110000010111101101000
110001010001011111100011010010000101101010100001110110110110001110000101110001011111000001010010100000110010000111001011000000101100100100010010111011001110110111100010000001101111
111000111011011011111111101100000111000100111110001010000110001101011100010000010110010001010100111110110011010100010011100101000100100101111011011001011110001010100111110000001001
101000010000110100010001000100110001100110110011011001011111011101000100001010011010010100101001100011111010111001010001111011111010000110110101011111111010011001010000001110001101
001010011010100110100111001100111011011001010111100001101000010110100001111100100111001011110000010010011001010100100000111010110010101111001010101100110110111100011001000110101010
101010111001111101011111101001000001000011011111100101110100010101011100100101110011110001000001110010111001001110111011000000000011001011011110001110100111011011111101000100010000
110110010000110111110111000011101001011111101111101011111110001001001110111001000100011101001111011111111000010101110101000011010000111110111010100000101110111001000101001110001110
000111000101111010011010101101101001100101100001101101110111101001100011001100111000101001001001101101101111111011101000000010011001100010011011011000100110001001001000010111111010
111100000011001101000011110110000000001010011001001001111111111011110101101001110100100111111110111110101100001011110101001001001100111010000101001000010010100110101101101010011111
010111101111010011011011101001110001111101110111101001001011101111100011010010000111100101100011011011001110101010111011101101101011110100000110010100011101100110001110111011111110
000110111010110111100000001001111110001110000101000010001010000111011001001001111111010111110011111001101100101101001001111101010011101110011001100000010000111011101111010111101001
000010100110110100101100010011101010110111100000001000011010011010000010010001000011111100101000001101110100000011011010010000000100001001010110000110010100110110000100001111000111
110001110110001010110011001010101001101011000001110110101110010111101111011110110010100010010110010101100000100111010011111100110110010101110111011111000001000100000111000101101101
101100001110110000110100001011100011100000001011000000011101001011010010110111101100100010001000100100011000001100011010001110110110001101001010100100011001010010110100111001010111
110001010100101100000110110011011100101010001111110101100011011101110111110111001101110100011000100001000101011111010001011111110101001011100101010110100110010100111100100001010010
010101100011110010100111100100001000011111010110110100000101001000100010100011001111010000101000010011101000001011111101101111101010001000111100101101001001001110000011010101110100
001000101101101111101001111111111011000100001100111011100011001100001010000010001010101011111111001000011010101010000000011011110001100111011001001110000011101001111001110000101101
101100011100110001001111010110100110011010101111010000011111001000001101101001111111011011111110001101101011101101010011101101010010110111100011110010011011110000100101110000001001
001010000110111110001001000111011101011001000001000101001100000110000010100000101101001011001001111001100100010011000100011100011101111111001101010001001011010101110111101101011010
101000011100010101110000000011101100110101111000110000110001011100000001000011110010111101000011110010011010011000000010010001011011100111001100100101100011010011110111110010100100
011101011000000111001011000011101101001111110011000110000111001011000110001001110101000010010100001100111001000011101100101010001000011110101111100010011001110101101011001011100101
000010101101111010011100000110011011010101001010111100110001100101101111011100011000110111101010100010010000001010100101000000110100011000100010011011001000110011001100010000000001
011011111011111011001110110010011010110001111011000110001110100011110011010010101010111101100100000100101010100000110100101000111110001011100110110011111000000010111001110101101000
000110000100000010111101100110011100000011011110001001000101101110000100000110111010111111011101110001111000110100100010110101001100001101111111111000111010101100110100011011000001
011010111001011100011110110111101100011011111000000110110011000001011010010010111100101101111000111011100110000110110010100100000010101100001111011010110010101101110111011111101011
101111101001110011111101100011110010010100011001000110000111001100000011100110100001010110010100101110010011000110110101111011101010100100111101101100110110001110000001011111011011
101111001001000011110010011111100000111010111010010010001110011101001011001000001100110011111001010010101011110101111101111001010110000100010011111001010110001111100111111101101010
010000111100100000010000100011111110011001011110001010011111001110011100011011101011010111000000000010101111000101100110111100110001101100111001000111110101110101101011011100001011
110110011011100001100000011110000111010010010011000010010011100100010011111000010010001101011011000010010001010111010001101111110010000100110110001010000110100111011101111111110100
100100010010000101001011100110101001100011001011110100111100111000001011000111001111101011110011100000100001111001100111000100011001001111100101111000110010101010010010010100001100
011001101100000001111010111110000011100101100100000111101001000101110000001110111001110000010110111100100110111001011111111011101110100111111011011001011000011110110111101100011101
010011110011100101000100111010011011110001010010111100100111111011100010100110010110110111011001101101110111110110010101111110011100000000111101001100111010110101100001100110111001
010010101001010011011110011010110111010000010001000001110001000110011110111000001110110001101010001111010001101110000110001011100111101010000010101001110000110100010011101110111001
011110000111010011011100011110101001101110011000110010111100101010110110111110001001000100000001111110101101001010011110111000101010100100100111011011111010101101011000010100111100
110100101101110000111110001000100000110011111000101000010001100010111110111100001100100000101100110010001100001101111101001101100101000101011110100000010000110000100101111111001111
111011100111110010100110011101111100101011010110011011010101000101101011101101001001011000010011110000000101100110001111000101000110001001100100100101111001010011010101011100111011
100101101001111111011000111001000101101000100111011100010111100100110100001010010100011110010011000100000100111111101110010001100010111001011000000010011110110110100100001111101011
001010000010111001000101001011100000100010001101110101101101000111100011011110001101000101000001101111111011011100011011111101010101000000010100000100100010011001001000100010110010
101001001000100111001110111111100000011001110110100101110101111001111011011010011101010011010010010010101011100101001111001100010100001000000100101101000110000110101000001101110100
100111000111111101011100000010110101000000000100010111001000010101101101000011101110111110101000110100010101001100010001010100010111010110001110000001001001111111001101111011000100
101100011011011001000011010010110101110001110110011101100010011111100111001010111011010111110111011111110011011111100101111011110010001111001001001110111001111000111011110110001111
010000010010011001101110000111110100001110101011111001101111011110111010010101100011111101111001001110011100101010111111001011000001011010010011101101111110110011101000000011111111
100100101000110000101111111100011111010110100011001100110110100101010011000011011101001101011001000001011000000001110101011100011100111011010101100001000100100010001001101001101010
000001100100101100000001110010000101111010011001111100000011010111100110001101011010011111010101010000000100101011111001110101001100100010110001110111111011101011100111001010010101
010000000111100111010110111010001010011110110011010100001101111011000011111110010000100011110101100110010101111100100011111100001110110100001111000000111111110001101001000011111011
100110100011001100011010101010001010010110010100100010010001101011011111010001110011100010101111101111010001100100010001100011000110011000101110001101010110100000001010101100100001
000011010010101001110010011100111111110000000011000000100101010101100000101111001001001011110100110011111000011100011100010011000100001001111000100000000110101011101001101101101000
011101110100011000000110100000101001110001111000101111001010110000011010011111111101110010110000010111101000110110101110101001011110100011011100101110001010100010111100111111001001
000100110000000111110000001011111001000011000101010001001001011111010110010000100110110100010100101101001101111111000111100011100110000010010000111100101100000110111110110000110101
100101111100110110011011100011000101100011100101100000011010000011110111011000011010010110101110010111100001101010110110111011101010001111110001001011011011110100100101010001111100
110101110010111011010101111111111110111000101001000100001100010110110101101111111010000001101001111100010000011111010010111110000100000011011110100100110101110101111010110010111101
110001111100100010000000111110111111110010001010001011110100001100100010110111101011000100110010101000101111001000100010001100101110010001111101011010011110111011001001111110100111
110101001100110111101110100101001011000100111100000001010010100001110100000111001001100111111100011010110100101001100000011110001001101110100111011101110001100000001110000110111111
011111100011000101100111010010010100001100011011010001010100111100000110011010001001101110000110011001101111010001011011010000001010001110000110010100011011010110100010001101010001
000011100111100111010110111111101100000010001100000110101101111110100100101111010001111001111111100110100101110110000100000011000000001001000011100011101000101010101001010000000000
100011100001111011000101101100111000010100010010110110011111110111100001000100111000100001111000011101001011110101011011010100000111000111010001110111011101001011111101011010010110
110011100111001110110001111000000110011110101011011110000010110000111011110001110001110011110100010010001111101010100001011101111000000100111000101100101110011101001010000111110101
010110011101101010111100000001101111000010100100010101111101101000100011110111010110101001111110110111100010101000011100101010010001100101000001110100111010010101110000111010010011
111101001010000010010011100110100111101011001001001011011000100011011011000100100011111111100100100000100100101011000010001010011001110100000100110000111000100101010100011100110100
000011011000000010011001100101001101000000111111011010101110000100101010001011011111110010000100101001111000110110001100110111110001001110111011001111100000000001000111111001001100
100101100001111000111110000010100001111101000011001101100000110101010110011100011111101101111110010100111001111101010110110101110111110010111010010000111110111100011100011100010101
011010000011001001011010101000101010100110010000001010001100000000011110111010011110101000111010110110100011101111111010110100001101100011001010001110110001010010100110010001000110
101010011110001010011001101100001100110010100111001000000000001110100100010011001101110001011001110001001101000000100000001001001000011000111100100010101100001000110001111101011110
011011011011100001100101111110111101000101000111111000011110111001111000001100011011001100100010110011011111100100111010010110011101110110000010110110100010101110011001100011101000
001100111010110100111111011010001101110100100010100000110110100101001101111100110001111110111010101000010000010101011111101011011100101010100001101101001011111101101000100010011100
101110100001001101100010011000111110111010000010101111001111101111011001001000111100001111101100111100011010100111100101101011000011110111100001000010101011011010110000001000100011
110000001111010101011100111010000011111000111110101011100000001010110101110110011010110101101101011110010100010010101100111000001011110100111010110111000001001011111101110001011111
101101100011010001001011000001110011000000110011111101111001110010110000010110101000100101001100000001000001011011001000000000001000110010100110101110001100101011110000000101111010
010001010100011010011100001011010011100010100111111011000100101110001000010000101000101101011101111000111110110001100110100100000010110111001101111000011010001101010001010001111100
110010000000111011111000110111100001011100010011100001000001000001110101110000011000000101011101000001100010101100010000000110011010100111011100001001110001010100001100001011011111
000100011100010111111110011001011011010000010100101000111011000111001100110101101101111011111101000110100010110110110010001001101001101000111001011000101111110101011100011110010010
010011100000101001110101001001011010100111000111001001100101101001101101100110001010100101101110100110101011011000101001111010100111101111111110011001010100011001001010101100011010
110101000100100100111101000111111000001110100100010110000101111101110011001110010101101111011010011010000110110000101111010100110101011100001000101111010010011010101111111001100100
111111001010110111010011111001000111011110110011010101111100111011001001110100100101100110110100010011010011010110111010001000110000010110010101010001001011010110110110110101010000
101110001100000110101101100101110010101000110010001011111101110000001000001100001110110101110101111001001110100110010100101011001101000011000000001000001001110010001111101111101001
000110011110111100100111100000001101001001110010100100000100100000100011010011001001110010111000111001111111010001111111010100101010101110110110100010100100100101100000010111011000
