110000000010111110110011111101101110101000101010010111010100
000010011111011111011111100110110100010110001001100000111011
111111001010001100100100110110001011010011111101100010011001
111110100111000100001100100100111100000101110100111100111001
110110011001111010100100110110100100100100110011100100100110
110101100000111100111001111111100111011000010111001011111001
001101010001110001100110110001101101110101111001100001110101
100001110100110111111011010011000110000101111100001100010011
111110001111111100001100001100100001011111110111001011111001
110111000011111001011111000000100111111011110111111101010101
000001100001010100011000111010101000101111011001111100010111
000000110110010010010101011000101110101100110010100011111010
100001111001110001100000000010100100111011000111101000010011
010110011100101100101001010001000011110000011110000111000010
010100000100100001110111101100010010010110011010101111010011
001100111101010000011010011101001010111101000000001010011000
000010001110010010001000111101101001000011101000111101011001
001110100110011000010100100010110110011000001111001000011001
010100000111101010111111111010011000111110100100100000100011
000100000001111000001110110100101000011100111100001110111101
000111001011000100011111100001001111101110000010001100110111
000111011011100011110101010110001000000010001000110111111000
110100010101110110100010000110000101011000110100000011110110
000000110101111100101110110111001100010100111111001010110110
111110111111111010111111111100101000000111111001111100000001
101010111010110000111011010110010010110101101010100001111000
111001100010010001101010101001000001000000000001101010010000
110001001000010110111101010100001000101101000000100000010111
111011110001101011111001001010110010101100111001000110000101
010000101011011001010100111111101110001000110010110101111010
111101111110000011100110001011110110100011100100111100011011
111110100100010000011000111001000101010100101100000011011010
010010111101101001101011101101011110110011111011011101010000
011010111111001010001110101111010000000011111110010010011010
010000011110010000101001011011010101001011100100010110101001
111000010110000100011000000001110010000011011011000010010001
010111011001000101100100111101111001011100011101000011000000
100001100111110101101011010111001110010110111101100011010101
000010100101011001001000011111110011010000110110100101011011
101110101101110101001111000101000100100101010000101001010001
