110000111101010110001111001111010101110111110011001000000110
101111010111011101100010010101000001110011111110100001110100
000110000001000110001110101101111001100111011100111100110011
011100100101101110000111010000111001110011100110000000100000
110100100101101110111100000101110101001111100000000110011010
100000101001111101011101001001100011111110000111111101011111
001100000000011111000110010010011100001100100010010100101001
000111110100010011111101111001111001101111011000000011010111
110110111001110011110011000010110110000000001101101011000111
100000101100100011010100001100111100111000110010001011011111
010000100101001000111000010100000001101100011000011010010000
110101001101100101110000000110101100001000001100111100110010
110010011011011110000100101110100110111011100010001100010010
111110010001111011111001001000100101100110101011010011001011
111001010100111100101011111110000001001011110000111100011010
011111011100101010011110000011010000011111111010100111001010
111000110111100111010011111010110110000101010101010101011111
000100100101111100111110001110001101010001111111010100000010
111101110100101111110111000000010111011110001011100101010001
110101000000010110100100100011110001011001101001011000111001
011000001100000011010110001001010000000000001001001001100000
000001101110110111110100100110001100111111000111001110110011
110001100010101011011010111001101101000010001100111110100110
011000110001011110000110110110010110100110001001001101001000
001100110000010010101100010101111000001110011000101010101010
010110011100001011011110011001101010111101000101000011010101
011010100101100111010110111011010110100111100111001110011101
001010101110000001111110110101101011000100101001011101000100
011011100010011110001000001010001001000111001011010101000101
101000001000101001110000000001111001111001111010110100111110
100011111100001101101011011001000001101100000011011001110100
000010011101111111000001110110101010010000001100110001010010
010111110110001110100001101011010001010101100101101110011100
011011101110111110100011011101100000010010110001101001011100
111111111001011001010000001101010000010101001101011001111010
101011110101100000100010001010110001001101000011100100011111
110111000100100011010000010111010000011000111001100111110101
000000110101010101111001000001001110000100101100011000010111
011011011101100110000010101001111000010010010111001110110001
010111110000000101011001011111000100101001010010010010000001
