101100011011100100010111110011010011010101011111001000000010
000000001111010110100100100000011100010100100111000101100110
001000100111101001010000101101110011100011011100000001000111
000001100000110000111001100010101110100010101011110000000111
111001101001000000111000100101111101111101100110000101001010
111101000101011011101011110101011010000110010010101100100100
010100110010111010111101010100010101000111111011011111111111
110101010110110011101001001110101110111011111011001001000111
001001000001100111100011000111111011011000101110101101000001
001000101010111001110100101100010001101111011001001010010010
101001000111100010000101000111010010000010110101011000010101
011111001101110000001110011001011010010100011000000101001110
011111011111010000001101110000010101000110101000110101011100
001111001101111001101100000100111100011011000000111000010010
001101111011101011110100001000111111111010100001001011001001
001111011010001100111011011000100101101101100100100101100101
110001000011100101001110111101101100101011000000100110011101
001100100010001111010110000001010001001111010110101000100001
010110010110010101000000011100101100101010111000011011001010
001001111000011001000100100100010100110010011011001101010000
011001001110010110001011010000111000101111101101000001000110
100011010101010000000000011111000111011100101100000010011010
111001111101101101110100001110010110110001010110100010010000
010110001110000101101011100101110011100110100101010101110100
011011000110000000010101101110110000010100111111001101001010
101011001001110101100111001110001110101011101111000010101111
100100110101011100010110010100100011001111001010001101001011
111101010101100110001011101001001010110011101101111110011011
000111100010110010101001010000011100100000110010100001010000
010011011001011110100011001001111010000001000010101011010110
101011000000110011001110000011101001100110101101111110000001
110110101011111110001000110000110001000001010111111001110101
001011101011101111010101001011101110110100110010011101110000
010101001000001101111000101101101011100000000011001001100011
010111010011110010111110101100100000011000101011110110011010
111101001000001001111100101111100110101011001100100100000110
001000100101011100000000111111101111011110000101000111011110
101100111001010001000101011011110001101100000101000101000001
100100100101101000111111010111100010000110010011001101111101
001100010010101001000110100101001001100111001001000110111101
