001110001101001110011010010001000010101000111100110000010001
111101100111101111000001100010110100101011011000101011110010
110110111001110000110100100001101110000011010101010111111011
001001111000111011101111011110010010101011000011001100001110
011010101011000110011011000011000101101011111001011110000111
110000000001011111001001001010011111001111111101111101011001
011110100010110110110101011111011001001000111101011111010011
000010001001000000100110010000010010000100000110111110010001
011000100000110100101100110001000101100100000110001001111011
111101111011110110001001010001110010001001000010100111001110
001110010000001011010000101110001101011110111100111001100101
111111011011110111110110111110101101111000001010111110111011
100010100101111011000001010110010111100110100101000011100010
010101111111110110101110000001001111111101101001100001010100
011010011011010010010011111100100110110100001101010111000001
111011100101110010110101000110101000100101110100100011010110
011010001101111011100101010001010111000101010011001010100011
100110110110010111110110101000010100111111000111011110100101
000111011001110111111100000000101101101001000010110000100101
110000010111010011001011010011000010011010000010111111000111
001011111001001111101111100110011101111110001100111101110110
011001100111011000011001110000000100110100110100100000000110
110110001101110001010111011000110110111110000010101100011101
011010110000010101110011011011110100011010011001001111010110
110001011111000110001011110000111100111100011010001010010000
111100100000100111100100001111011011000010001001010110000100
011011000001110101110111111011010110111101101111110001011101
011101011011000011011100001010111101001110001111111000011001
000101100001011011111000011001000101100011110111001111110100
110100111001010001110111000001100010101001011000010100111111
110010101001100101100000110010000110011000101111000011100101
000100011100110111101111000011011011000010100100110110001111
011100010001000010001101000101011110100001001101011100010000
100010100001001101110111101100011111110101010001110110110000
100000011001010110101000000100110011101101110111000011001100
001110100100110111011101000111100001011100101110111001110101
111110111000001011101011010011000011011000101011111011111100
110100000110001111111000100100100010001101100110011110100010
010101101110000101100111100111100101110000111000111011100010
111001101000010100000011010000110100011001100001101100111110
