0000010010010000111001101110011011010000010101101001010000101111000001011000101110011111001000111001
0001110000111100100001010001110010001110100110000101011010101101111101011000000011001101001100110000
1101001011000110000101100100100011010110000001101010010000100011010001101011101111010101111100010110
0001101100011001100110011011101101011100101010010101111010111000100101101000001010011111011111111111
0111011011000011010001010100001101111111011001000101000001100100010000000111100001100111111011000001
1111110101101010001111111101111101101001110111101100101010111010010001111100101100110000000111010101
0110011111111111110001111001100111001100001110010111110110000110100100110001111001100001111001010010
0010001110010111111011000110111110010011110001101110011011110001110100011101101101011011111001011010
0011001110000101010110101000011001110111011101000010111101011011100111110101001101111101101010011101
1100011110010010101111010111100111111011011000000010110000010100101100011100001111111000000011001111
0110100000001001010010111010000110011011000111000010111001100000110100110111010011100001101110101001
0000111000010001111000001111011001111110110101100111010011100101100101110101111101110110111110101110
0000011011111110110001111111111101100111000010010001000100111011001110001010000010010011101101110111
0011001010010101000101001000101001100011001110000010010010111100100110111001110010011101110000011111
1010001100010001000111000011111001001100100011111001101101011000001001001111010011110011100100111101
1011011111110101001011100010010011111111100011000010110110001001110101100000110001010011010001001001
0011001110101110111100001010010110011010110111111100010010101101000100010110001011011011000100110110
1111100101001101010110011111011101110101001001001000000101110111100111000100101111001101111110011010
0000101001110100111100001010001000011101001001000000010001011111010011101000000000110100111000110101
1001000011111000000011000100101110001000010101001000000001010001011011100011000101011101011101001110
1111110111101101001101011010110010010100101011101001110101100000001111001001010110101000101001110001
0010110100011100011001010100111110010011000101010001000001010010111011010010101111011101111000110010
1000101100110110111100100110010000100000100100110001011001101100100010011111011010010110100110000000
0000110001101011000001101001100000101011001011001010111000011011011111011000100100010000111101011011
0111100000011100111011111011010001111111101011011001111000000011000000010110011100011011100010101010
1011001010011101110011110001100011100000101000000001110010011100110101000100010001100110110000111001
0110110011001000100100010001000110101000101101111000101000010000100000011101000100100101111001111010
0001001001100011100010001011001100011011001010111101010010000110110110010101010110001011100001111111
1100001001110011111111110110100010011101011111011000000101011010001110000000111010001011000011101011
1010101010001010010000011111011110010101110101000000010101101110011001011110001111110111100100000110
0000000101110111010000000110001010110011010011011111101011110001111100011110011100001100110111111011
0100000001011000100010100100000010011101111011011110111000000001000001000001000011111011001110001011
1010011101000001110110101111111110010110010101101110011101011110101001010111000011100101100000011010
1101010010001001000111110000001101011010001110001010000011001011000010000010101010110001011101101101
1101111011000111010100101111011111010000101000010000100011110101010001101101001010000111011101111110
1100100110100011111000100100110000101101010010011100000010001000010001001110101110110100111111110010
1111001101100000110101010101111110000000010000010111000111001100010101011101011100011100101001001010
0010111001011101001011110101010111100010010101101001010001100001011011001011101010101000011010010001
0011000011111101100001110010000111100011111111000001011011100000010001010101010101100010000001110100
1100011011011001111010010010011100100011110100011001100101000000110001100001011001001101001111100001
0010110010000100111111101110001010100111010010101000111111011010010001111101001110100100001111001110
0110000011101111100001101110100100010011111001110110101100001110001010000101011000001001011111010111
1101100110100111001011100001000100100100001111110001100011011011010000000100011110000001001110011011
0101010100011101001111100100111001100010100111111011111001100110001010111100111011110011010100111011
1010001110100100111001010010000001101001110000001110110010111011001010000111100110111010100000111010
1110010100001010010100000101011010010011111011000000010001010110111110000010101101000010100101111111
1001010101101010000110101100011000100000000110101010010011000101101011111000101000111000001000010111
0110001100011101010110001011000010001101000110011000100010010100101101000010000111110001010111100011
1111110111010011001101111101110000110111111110111111111001110010001111110111101111111101011111001010
0000111010100000110110101101011110111001110011001001111000101101010000110011110111100111110010011001
