010011111010010000111010101110000101000110010001001011011101
110101011011010000010110011001110000110001111000011101101011
111011000111101110100110100111001000101111111001000101101010
110011000011001010111010101110101110011000011100000110010001
101100110100101000010100011011001100111101101000101001100100
010110000100111110100100111000010101100100110010000000011110
010001000100110001111000010111111101011011001111101011100010
010110111100100001110011010111100011011001101110111010001110
111110001000111001010110011000100110011010110001000101000110
010100010100111100101110100101011100000100000110001101111011
100001111000001011110101000001000010110000011101110110100110
001101110110000100001011001011100001011001111001011100001110
001010010001100001011000000101111010001111111110101011111011
110100001010001011000001100100010110110010001010011000101100
011000000010101101010001101011001100110110010101001111000101
101101101001001100111010011001111010110101000111000010111101
111111111001101110101101101011001110111101111001110111100100
100000101000111100001111001111000111000111100101101011011000
111110001010001101100101110101110011110011100010010011110111
100001111010100111110111110100111111111110100110011011010000
101010001100000111111111111011101000101010100101100100111000
101110011110011110010101101101000100011011110101101101100101
001011111100111010111011110101110100100110001101101111110011
101110110111100100000100010001010111111110001001010111110110
010001100011101001011101011101110101011001011110011111111110
010011101110011110011000001111000101110011011111101101101001
110000001000011111110110100100110101000011110011001011110100
110100110000111011111110101100000101100101110000101001100101
101011101010000101110011000010111101100000001101100111011010
111111010100110111110010100001110000100001110100001110100111
000001011010111101100100010001010111111101000101001101011010
000011001011011010001110010111010010001100110100100101001011
011001011001000000110000101011100101000111000001011000000000
100100111101010011100011100110011100100101110110101100010001
101100001010010010011100110101000101010111110101110011111011
010011001111010011011111010010111100000111000000101100011100
100001111110100000100110100110111001000011010101110111010011
110000011111101011100010111000001101101001010001001101110101
101101110101000110011000000111000110000100111110011001100100
011000100001110010001110000011110010011001101000111111110001
