111000110011010000101000010101110010010000011100011101101110
000100010011001010111010101001100001101000111000000111101010
111000001101110101110111011100101011111011110101010100000011
001000100101011000100010100110001100010101110110001001110000
111110001001011001011110000001100010011101110111100110000100
110101111101111100000000010000100011101110011111001001111101
101110010001110000000110001101101001010011010011011001010000
111110111011110111110000101110010101010001101010000101100011
100110010001100001000101001101001001111110000000011011001000
110000110011010000000011000101001100111000011001000010000111
111000101001010110111111101111001111001111110100110101111010
010111011111000101011101101010101011110000111110010000101111
101001000011000110100110111011110111001101011100100000001000
111111100011111010111001101010111000010100110011001010110001
001111101011001000101100001101010010010101000000101011111011
010110000011110111011011111111000010101001000010011101011101
100100000110010001110110100100101001101000110000001110011000
001011101100101100011110100111111010101111010111100101110001
101011011101000100010111111101011110111100111011011000110000
100111001111000000011000000000101001100101100110100101101110
001111111100101010110010000010010100110101101101110011100100
101111000111100111100010000100101001011011010000101000100011
101100110010011101010010001010101000000111111000011000001100
111101011001011111001000000101100100111100111010000000111000
110101010100010010010001100000111011001101110100101011111100
100000100000000101001101100000100111000000010111100110110001
101110010111011111001001010110011101110011011111110100000010
000100000001111001000000111000101010010100001011010101001110
010110011111001111110001011000001101000000000100111111011101
101011000110001011001101111000100100011101000000000100110001
000100010101000100110111011011000100100101010010101111110010
010110010100110100100110100001010001000111100100001111000000
010110110011000011100000110111011010000111011111000010011001
000011001000010001001100010001111011111110011101100110000101
010010111000111110101111101001010111000110110110001000101001
010001101011000001101001011111101111011101111011000011000101
001101101100111001000100001010110001101001010101101111111101
111001111101010011000111000011101100101011110110000001111000
101100011101100110010101100101010011010001100001010000101100
001000100010011111111000000000100110111011111100001010110100
