100101101110101000110010010001111110100001110100010001010100
011101010111000001111001100001101011000011001100010110011000
011100010100001100111111111011110110011110111110100101010001
101111011010111000111111110011110100110000100001001011100111
111111111001010101100000111011011110110110100100000011000000
001110101111111011110001111111000000001001101001010000110011
110110001101011100111000010110010110000110001100010001000101
111010101011110101010001011001111101110000001101000111001110
011000011000000100111111100101100011110100010111101011010001
011010001100111111000011001000110010001101011100101000111110
001111010010100111001000000000010010000010000011100010101111
011100000000001110000111101110110100111001111001101001001111
000111111110111110110110001100111111011001001001001010110101
001101101000111101101111111010001000010100001010001111111110
101101100100010011000101111100001110010110111011111010011110
111011111111000101001000101101101100100001010100100010011011
110101011111011011001100100110111110101001111110100000010011
110010111000100000100011111000011011100010100000011100011110
001010111010010110110001001001010100111110011111101001010110
010010001000001100101110010011101001000001011011111101110010
001111101111001010110101001010111100011111101100011011101110
110111101101101010001001001011110101111101000101100110011110
011101001011000100010001111000110000100011010000001110011111
011111101000100000111010010100101001100101110000100111101001
001000110110001011010000101001011101011100111001111110101100
110111100011001000110011000100011110100101010011111110011100
011000110100110101111101110011000000101101111101001111001001
010011111110010000101000000111000111011110101010001000110011
010100110110100110000000110110111010010110000001010111101001
011001111110000101111110110000101101010010101101011111101000
010001000011100000110110111010010011011100001010000101010111
001110010010010110100111001010000010111110111010111011001111
101110111010111101110101010110011011011011001100001001100110
101101001010101100000100000101011101010010100100111110100001
100010000110011001000001011011011000000000010111001000001100
011111001110000100011111010011100011011011111000000111011000
100111111001010101110000110111111001011111000111011100001001
100010000000000011110000001110100000110101000110111001001011
011100001000100010100100111000100001111010010011111001000001
101100001101000111001000110101001110000001111100110010011101
