001111101001001101101011111111001010000010110101011110001100
111001011110001001100101001000111000000111111000100111011111
000100001000001010101001110110011010001000011111000100111110
011011111010100110110100101000000011111010110011011011100101
111100000111101100011101100000111101010101100010101010111000
100010001101010101010011111101111101010011100001000001011010
011100000010110001001011001001100110000011011000010111010010
110101011000111100101111000110101011000110111101101001001111
100000100100001000011011111010010010000111001000010100001000
011011110011000000011010010010110000010000011001111000110010
001010011010000011100111100110100000011001011101110100100010
100000111111111001011011011100110111111101100010111001000101
010101101011111000110111111111101001000010001010110011101101
110001110010011011001011110111000101000001100010011101101101
100100110000001100010011111100011010101100100001011010000001
011111011000110000011011111000111110100101101101111110101000
111001001010101010101001000010011001010010011001000010000001
000001110011011110000110110011101010111111100101011000110111
001001001110111111101001110001001000111101111101100101011111
100101001000110101011100110011100011100011011011001110100111
101011011010100000111111101111011001001101101110010010101000
010000010011100110100001000110101010110010111111000111111101
010110001100011010011110000010101001111011010100111010001011
000000001101111100000000111001111111010011111000111100111110
110011110100110001010000100111001101011100001111111001111011
000001001111111110101100000010010111110100010001110011011111
111110110010001110111100101100100010001110111011100010011111
101100000001111111001110010111111001111011100111001000010001
100110101001001111011010000101111101011111010011010100010110
011011010100111110001000101101110011011011010000010000110101
101011110001011001110000101101010010100000100010001011011111
011000010100000110000110111101001000000010000001001011001110
001001001011000100000101110101011000111111100100100110101010
010011110001001111111010101110010001110110100101000001010110
111000111000110010100000001010110110001011100000001101010000
101010101110100100011001111101010001100101001010011000011010
001001001111001011111111011100001110010110011000001111101011
111011111101000100101001010110111100001001101101010000110010
110000100010100110111110101010001100100000101000101011110010
101011001000110100110011001101001011101000111000110100000100
