101000010010100101111101000010000110001110100110100110011111
101100011101111000111110000100100100001001100000000010011000
011010101010010101010100000100100110011110010100011110111001
011011110010111010100000110011110110011100101101101110110000
000101110011010110101111000011110110101101101110001111001010
001010101110111001010000011011011000111110001011010110001110
011110010010000111101011000010011000100000110011010010111001
011101010100011100110010000000011101101100001100011000011110
001010110000101001000000111100100010110100011101001001100001
010011000000100000000101110110111111001001110110011110101110
010101011000101111111010100110000110100101100011110010100001
001001101000100001101101001110111111010010100101111110101011
011000110111100000000101111001001011111000111000111110111010
000000010100000101001110011001111111010011111011111010110001
111011101100111111001011101100101011100111100011101101011010
100011010011000111110001001101111110101110010111110101001110
101111111011001110101010101110001010001010001110011110011101
111100101100010000100111110100011111101011010000110110100101
111110110101111010100111100001100100100101000000100000100110
011100100000010100001000111110100100110110000101010111010111
001010101010100111000100001110110000100001111100010000101011
001001001010111011111001110110011001101100001100011110011100
111110000111001011001110000100010100000001100011110111000101
101010101101010101100111101100010011000100101011110000110111
110000011110011000101010000010100100101100101110110100101111
010100000101000010000101111001001110011000111101001011111100
100100001000101000111000101100011001100010111010100011011000
001001111010110000011111010011101001101010110100001100011000
101001010111101111101011111010011010000111000101001001111000
001111100110111010111011010111001001101100001000110101001111
110100000101010000001101101011001110001110110101000101111101
011111000110010001011011110011100010010101001111100011011101
110001111111111111111011101011111001001111110101110111111011
110111110010011001010001000101011100010000101110111001000110
000110011010000100010101010111110010001110011111111101001000
001100001110011000001110110110111000100010011111000101001011
010100100001011111111010101100101000010010100000000100111011
000111010101110010000010111001101010010011001101110110010110
111011011100010001010010111000001101111001100101111110100100
001111011100010011100001001101011111001100100000011101100111
