001011000101000110111001100100111111101010111111011011110011
010001101011100000101100000000000000111101110101010100010011
100100100011011110111100010011001000000000000111011010001010
111000010110101000010010101010000010000000011100110101011000
100111101011010110011001001011111011111101001000010100000000
110100110100001111111110010100111110001111101000011010000010
001110000010011110011001111001000001101100011011010010111100
100001110011011100001101011011100101000010111000000100100001
011111011000000001000000011011110101100000101100111010001011
011110100100111101111110101111000011000001111000101001100001
011010011111110100001001100001011001000110111110110110101000
000010110010000110110100000111110110010000011001110001100110
011100000011110000101000100100111110100001011111110011011011
110011000111010101111000010100111110011000000100111111010011
010001000000111101111101010010010101110100110101110001110100
100101110101000110110010010101100010000101111010110100110100
001001011110101110000010011100000000010110111000011100110010
011101110000010110100011100000100110100100110011111101111000
111001000111101110100101010111010110011101001011001001011000
001000110100011111110110001000100001110100011010001001100110
010110110100111000111110011011000100101001001110011000110110
111110011110111100000110000101100011011000110011111111101001
100111101101000100010000000100110001110111111100000100110001
011110110010101111111101010010111100110110001010000101001100
000011110010111111111100100110000010110101110100111110110100
111000001010010000001010101101000011011100101111101110100001
100000001000101111110000110011010000001000111001001111010111
001001001011101100110111110111001101101101001011111000100100
101011111111111011011010100101000101000010010110100010100011
000101010000000101100100010010111101011011111010000101101010
000101000101111111011001110011010000011000010000000111101011
011010000001100101111011100000101111000001110010010000000101
101000110011000000000101010111100111110011000011001111001010
000001100100001100101110010110000111011110010001000101010001
101001110001000001100110111111110011000110101101101011101100
111110011110111011011100111010010000110110111101010101111101
000011110100111111000011001100000000110000101110011000000100
111111011010111111101100100101110010011110001111010010001010
100101010100111000001101001011100110001001111000110010110010
011010001001000100000001110110000010101110101000110110011110
