010011111101011001010111010101100111101010000011100010110110
000100110001000000111010100011100111101001000110000011111100
101100011111001111001101000000101010111001111001101000011101
000000011100001111000010111101111100111001011111111111110001
001101100001010101010010001100100111111001110011011111101100
111100010101101100000011100111010000001010001100111010110001
010100010111011001000011001111011111001100001000000110001011
110011011110001110101001100011100111010111111000111011011011
111001101011100111011010011011111110110110101000101101110100
001101100010111011111111110001000011001000111011111101100001
101001001110110100010001111100011011100001001001100011001110
001101010001110101111001100101111010101001101000101111001101
000011101111011100101110110001001000101001111001110101000010
111110101100001110010010101011101010101011010001101111101101
100101111000010011001111100011011001110111100001101100011001
100001001001110110111101110101110001011011011100000000101110
100111101001111111101110101010011101011100010000001001110111
101000000001100000111001111000011010001011010011111110010000
111011101101011111110001101000010101101010000011110010010010
000101110110101101010001011011100101011001100100000100111101
100100010110100100010110111110111011000100010000001100010000
111111111011010101110000101001101100000010000010010011001100
100110010011100000011010000110001010000110111011011010100010
000011000001010110111010110111100010011100111001011111011100
100110100000110001001111101111111010011101110001110100101000
011100101100011100101110101010001110001000010000111110010110
011100101101101011101000010100000110100001011011110001100110
111010000110011110011111001011111100100011111011001111010001
110110101011001001000100000101010101010000111011111101100001
011010010101011011000110101001001011000011110101101100111010
111110100000100101101110110111101000000100000001010101110111
000001110000001000001111011000101111010001001100010001001101
111100110100111111000010101000110011001010101011001001111000
000111111101110001001100101010110101101100101111110101001100
111010001010101011100001100101011001111011110101011100101011
000010011001001000110011001111101010010000111010110101111111
110100100000001101111111100111100000111010001001010110011111
110011011100100110111010100011110011001001101101101111111110
000010000111110010110110110010001110010100000010011001000100
011101100011010011011001110110000100111111001011001111010011
