101001001101100000111100111000001010101110010111011001010110
010111001010001000000101000010001111011000110111000110010110
000000011101111010111001001110001001111011110101011101010010
100011111011011001011110111011101011101010100101011100001000
011111011001101010000110010010111101011001110010011011001011
000010100100110000101110011011100011101010011100001011011110
000001000110110010111001001111111010111101000111010001100101
110101010110001001101001011100110101101000010110001001110001
010101101001000011011010001010000111101010000011111101101101
111101111111001100100101001001000111010110001110011111011001
001011011110110000100100001011100001001001001001000010111001
010110101011101110101000011001100001001111100111010101111001
101000001110110001100101111000110010001110110100010100001110
110110001010011100111010100011110010100010010001101111110100
001010101111000100011100001111000010001110111001011110111000
100001011010101111111011111000110100010011010110101010001011
101000000101111111110010000110101000110110100011100001111111
100101010111000010000010010100011000010110011100101010110111
001101101100110101101001001101010110000011110111100101011111
011010100000101001000110101111010000100011001100111010001110
000101010010000001001011100010000110000110010010001010011010
100101101111110101010100010011100111100011011010110100101110
000101101000110011111110100100000010111010010010000110000111
001000000110001010101110100011101010100000000111100111011110
101010111000100110011111000110101101001110011000001000110111
011001100011000011111000010101000010101100111000000110010001
111000100110001111100000010100000010111100110101010100001010
011000101000001000011111011101011001100101001010100001110011
101000001110111011011111010110010000110011100110100011011011
101001100010100110100101101011110011110110010111011110111010
001100110001111100011110100110001011001110010100110100000111
010111011011100001101100001001100101010101111111100110101001
110000101010000101011111101011101100110001011110011110111110
000111000011001111100010010001011011110000010111100001010010
001110100110010000111000100100110100001011100100011111101010
101110110110001111001101110110110100111100110001111000000100
001010100010100001110110001011101010111111011101110000010101
001100010000111110011010000100010111011000000101101000000110
010111111000011100101101011100001101000100100001100000010101
000001101100100010010010001100011100011011010011101011101010
