011110001000110010110011011101001010000100101111010011001000
000101000111100100111011110100000100100100011010100010011101
000010100111010100011001100000100010011000110110000110011010
100010010001011010000010100011111010101101110111101100101101
010101001100101110010000011010001110111000101111111010111010
010101010101011100011110111101101001100110111111101010000011
010011100111100010100001000000101111011111000111101001010111
100010110111010011110100000000100001001001001101011100001010
001000010100011010011011011010111011001100001110001111001100
110001100000010101110100001101000110111101111111101011110010
110100010100010000011010001010111011011101110000011101010110
100100011100111110011101111100101010101011000000000010110111
101101000101011110100100010111000011110000111100010011010110
111001001100111001100011000001101001010000110111001111100101
001100100000110001000000001110000010110100010101011001101010
000111011101000111111101101110111010100000000010000110011001
000010111010010101101101001111011101011000110000111111011011
101101000111011001100111001011110000010001010111010001100100
001011110110110110001001101000000101001011101111110011011101
010101110000000110000100110010010111111101101000110001110011
100111000000100000111110000100001101110110101101101000000100
111100010000001011000101011011100001101100010101011001000001
001101010111010010010100001000000001011010100000111110101110
011011011011000010000100101111111100111000000111001000100100
000011000111010010011100001100100011101000110000000000111110
111010001010110010111110100111100011100001011001010100000101
110100010000100001010100110000011111011110101000101001011001
110100100001111110011010000001111000011100111110001010100011
110010101100110001001111111111011100010011111000111000100010
110010100100100011110001100011010111000100111000101010000100
110110011111111111100001010011100010000001111010111111000101
001000000110100001010100110001010010011000000010000001110100
111101111100100110000011001111000011101111101100111010101101
001000111001100011111110101110101001110001101010000110101000
101010100011101111110001110101110001001110100101011101111000
000110000010000100010100001101101100011100101001110011101011
101100000111000101111100110110011100101110110100010110111010
011000111100011100001010011111011111011110001011100100010111
010110101000001101000100101111111001110011000000001000100111
000000100011110100011010100001010010010110000110000000111011
