000000011010000000000100011001101000100000001010111100010011
111100110001001101101101101110000111011011101101100101101010
000111000100011000100001111111110010000100100110000011001011
110011110011011110001011001110000000010011110001011111000011
011101101010111111010110011010010101011010101101111010111001
010111000100101100101001100111010110010001000101100110100110
100011110110001111000101010011011100011000101011101011110000
000011110011001010101110100111001101000010100110011010000010
100101011111100111000101101010101011001000100100011000000000
100001000111100110110000010111010110010011001001010001100101
011110110110010010100111011100100101011011111111101001001000
111100010100011100011000001010000101011110001000101011100010
000110110011100000101110110111101000000101011000110110111010
101000010010110011011001110010010000011011111000010001110111
100101010011100101100101001101111100010100100011001010110010
011010100100010001101101100110110011011101000010101110001111
101111011100110000100110100000111111111100111110111101111010
011100011100000000001010111000101011110100110101001000011010
001011100101001011000001111011101111010010111010011110001101
010101010001001010100100011111011101011010011100011111111100
001110000100011000000010110111111111011010000111100101101011
101100011101101001110110001111100101010001000101101000100011
110110100001110001100001000110000000000011001011100001010111
101110000000111100101101000010010010100111101011001011011101
110001100111011000110101001101000100000110011001010001011110
101101101111101000111011011010010110110010011111010001100100
111110101101011000001001001001010100011100100111110110100111
010101101000011100001000001101011010000000110110101010011100
011001010111110000001010011111111010001100010111001111111010
100111111111100101101111110011111011101111011110000100110001
011000111001010111000000000001110010100111100010000010010100
010100101111101100011100100011011100101100000001011000010011
001010000101000011010111101111010100000101001111001111100110
011001011011110001111010010101110011111001100011001101011001
001000001001000111111010000101101101011110010000011001001101
110011110001011000010111100000001110010110010110001100000100
101100100110101000010110010111000110000111110111110111101001
001100011000111111011110111010101010000001101100000011011010
001111111111010011110011100100010011001110110011000111110110
100101101111001100010101011100111110111100001000001100100001
