0001110000010000001000101111101100110101001101001000001100011101101100001110111101111101010111001110
1101100010110100111110111110001011100011000011010000001011000000000010000011100010000111100111001011
0100000110101101110001000111010110101101011011001110001100100101101010100001011000110000000100110111
1010101011001101011010010001111110111011001110110101011111110011001101010111011000000001110110111110
1110101001011000101000101001101111010000111001010010111001010111001001010110001111001011000111000001
1011111001010111000000001100101111010100111100000010000100000011110000110100011110011110000100011110
1100011100110001100000111111000100110110001111111011011100110011100100000001011101101111000000100011
1010010010001011111010000100111001001101000110111010110001100011001000100010111001101110101110010100
0000000011110111010001000000101100001010100010001101100111010001101001000100001011011111100100000000
1010011100110100001010011110111101111101010001101111001110111000110101010100001110010010100111000010
1010111000011101100000001100110000000111000011100010100111110111111101001101010111100111011101111110
0111110111000100110000010110010000001011110111000010110001011110001110010011010000000010111011101010
1011010010001010000011000011110110000011100111010111110000010100110001001001100001001110101111011010
1010101100000000010100010011111000100010101010110001001000011000011100011000010001011101011110010101
0010100101011001100101000001011111001100010100110110010010000101100100100010100111100000100111101000
1100111111101001100101111001101100110000110000000111011001100100100110010011100011111000101110101101
1010101111111100000001100011001010001000101001000010100111111100011011000001100010010001101111111101
1101110001011000100001000100100010110100010101101010011011111011000001010100101010111100111111010001
0000000101011000110000011010011111111010101110000110010000110101111111011010111101101001010111001000
1010000001110100000110101101111101110001100001100110111111100000101000111110101010001001110100111001
0110000111000111011101001011011100001111010110001011010111001100011000001010001100111110111010101001
1111101010111001001101000011100010111110111101100010001011101011011110100110101011101011110001101101
0101010111101110100101011001110011011111111100010110011101111000101010011100100110010111100010000101
1001010011011110000001001100011100100101110010010111111001000111000101111101000100111000000101010000
0100011111010111001101000110000001011000101001001100111110111010001011100111111101111010011100000110
1101110110010001101001100101100111110100111011100111011011001011011001011111101000010100010001110101
1110010000010011110101010001100100010111010100110101000001110011100010101001111110011000010001010010
0011101110111100001101000110001101100000001010110011111000010100001100110001001010110001010011010000
1100110000101101111011101100011000111101011000111101101101010011001111010101000110101011100000010001
1011010111110101010111010100010011010110000100100000011100111001010111101011010110001101010111110101
0100100111000101111101001111110100010101011000010010111101100010101110100101011110000011111100001001
1101101011110000010101101111010011000001011110101000011101001110001001011100110001101010010100111100
1000011010010101011001101010110110100110000111110110010000100001100001001100100111100000001010110100
1100001100110010100110101100100101010010011110101110111110101100110101001011110001000010010100011101
1111011010101100111110100001001110101011001000100001001101000110010011110000001011001100101011110110
1010100110111111001100001001101110010000111000011011101001100111101101000110000110111100010111111111
1101100001010111010111010100001101110011010011101000010100100000110110100011111101111000111011100110
0001110101001100000100100001100111000000000001101100010011010101000011001101000011100101110111000100
1101111111001110111011101000111110110100101100100001001000011100100101010000010110100110110101000110
0101001010011110110100100010100011101101010010001111010100010000110011111011100111100011010111100011
1001110111111110000001010000100110110010011111100100110000001110111000111111001111011000001010000001
1000010110101011010110010000100100111101011101000010111111001111111001011101110110101100111010111001
0000111010111010110101111000010111000110000001001010011001011101100110110000101010011110100111010011
0111111001111100000101010010101010010100111001110001011100111010011100100001001111100110011110111001
0110110100010000110100010111111011011000000101001011100100100001001111111010010010001001100000010011
1100010000000111001001011001001000111111100010010000110011011101011010010111100111110010010110011110
0001110011000100011101000110001011010111110111101010010010001010101110001000101000111001110100010110
0000000011011010100101000110010010011011010101010011011001101110011010000000011100101101000010000001
1101000011010010100011111100100101111010110101011001100001000000111110101101010011000010010101100101
1110000011100100101010101100100101001000101110101001000011000111100010110111100110011110100010101001
