001100011101010001010101111110111000001010100101101101110011
101011010001001110100001100110001101111110110101101011111111
100110010100101011111001010010001010101000111101111000001110
001010110101011010111001011110110000101101100111100110100011
010001111100100000010101000001000101001110001111101101000111
011001111010100110100100010011101001001011000111011001111000
111110101100001101111111011100110110100110111100010010111111
110001001010110010100100110110011010011100011011100011101001
001111000101100101110100011000011100100011000110001011011100
100100000100101101000111101001010111111111011111011000011000
010010110001010101011001010011110110100010111000001100110110
001010101110001110011101010111100010101110011000111011000010
011000000100000000001011010111101110111110011101010111111010
101010101110111010011001111010000000101001100010000100100100
000101011101010010010000101011110110001101011000101101010100
111011111000001100001100111000001000100100000001000000111111
001000001111100011001000001011001011101100101011101000101001
110100011001110111110110000110000010010011110110010010011101
101110010001011000110110100111101111100001000000110010110101
110100101011110110100011101001001100111101101010001100000001
010101100100101101111000110101001111010001110110110110101110
001110011010110010010010110110000111001100110100011000011010
100100100111010000000101010100000011001011000110001001000110
010001100001101110010100011001000011011100001111100010011111
110100100110100011001001111010101100101101111010001010010010
000100010011001001101101010100101011110100100011010011000111
110100100101011110010110111010000001101100101001010101000110
001000000111101101001000000110111001010001010101111100010001
101010101011001011111111011101010101100111000101100101101001
000101110110011000111110000100110100111110010100011111110101
100100000111110111000010111110011000000101010111011001110011
000000001010001001000110010111010010110100011101011010000110
101000011101001111000001100110111011011010001001100000100111
111110111010001100011101110101000110101000010000000001110101
011110110110110011100000010100001001010011110101101010010000
100101001110001010110011110100000100111111101101110001001001
101111111110110101010000100110100011100110101001101001101010
110100110110101011111011011110100011110100101010011101111011
101000100101001100100101001010101100010100011110101110100110
010000011110101100000001111100011111111110101100101111000100
