011011111001110100110100110101101011110011011011011001111110
000000100110111001111001011001000101101111011001000100000001
010011011000101110010001110110100010011101011001011001110010
101110011101001110000111101000010100100101100001110001111100
001000110010110100000111011111100010011111010011001011000101
010001000101101100110100101001111110110001010001001111001111
101101110101001100011011100001111110100011000111111011011101
110110101101000110111000000001010110110001011010010110110100
101001110100011110000001000111110000111000100110100011100001
010010111100111011010100110101011010110010110111110001000010
011011111110100011001000001101110101111110011010011000110001
101001110111011111111011101001110001111010011111110011110011
111011000100110000100000010110100111101011010001110111110101
011001011001000100100111111001111001111100011111111011101001
010100100000101010010000010101100001000110011101001110101101
101110111011110011011000000010111101000011111100000101001111
110110011110100100101111111010011110111011000000101110010000
000000011000111010011111011100100011110001000001011001011101
111010001000111010110010111010001110110001011000000000000100
001000100000100001000101000100000001110010000100101100111101
111110100100110001001011101001011001010101010011010010001111
001111101000011101101000101010111100011010010010011101100101
001000000010000111111000100011100100100000010001001000001111
010111010101100001100001101001110110111011101011001010111000
100100011110110100100001001000000110010110101101100100101111
010011010110010011100100101110011011011101111101011000010111
011011101010001010001100101101111111110000011000100100010000
011010010110101011101000111100101100111001100000100001010111
001001000111000001001100111101001101010110111011010111110111
010110101101101100110110011110100011111010001101010010011100
011001001011100110111011000100111101010011010001101001010001
001101011010000001000010101111101000111111101101110100011010
101000100001000110110100001110110111011100010110100010111101
110110000001111010100101000000110100011111000011101001000000
110110110100010111101011010110000000000011111111100001001010
101100101011111111110000110011110101111010000000001110001100
101001011000010101100100111000010111000110010111100100011000
011000011100110111001010010000100100000011001101000011111001
001101001010111011101001011000110100000100111010011010101101
100001101111100101000100010101000110101001111010000101101000
