100000101010101010101110101100101010101111110011100111011001
001100100101111100010001001100101110111100010001001100011111
101000011101111100110010101100110010110101000110100111000001
001000001010110100010000010011010010001011111000110011100111
110010001001000011010101101110011101001011100000001101110000
010011110101100000100101111001111011011001011010011111001001
000101100011111010001001000110100000000110011111010010100111
111110101010000110101110000110100001110011000011001001010001
001010000111001010011011000110101101011001010110100000100001
000010001001010010110101010010101010010010011000101001011111
110110011101100100111111010000110000010110001000011011001011
111000100000111101110100100010111010011001111111001011110111
010001101100100001111011001010011100011100110011100010000101
001000011001010111001101010011010100110110011100010001010100
011001010111111111001111110000100110000111011111010111101010
110100010111101110011100100101000110111011110100100011100101
000110111011011010011101010001011110011001100100100011010111
001100101010101100100000000101101100010101110010001111111101
111100000101010101111111110001101110101000110111101101011001
010100101010000011110010111110011101111110101110000011000110
011011000111011101011100010000010000010001000001100100001111
000001101111010110111110111100111010011001101110000100110110
000010010100001001001110111101101010110101100101000001011110
001001111000010100010100011100010011001110101010011110110111
011100011110101100011001100110001011100000110110100111011100
001011000100001010001000001011110110000110111011111111100010
101000101000110010100111101101000110010001111111010010000100
011011111010011000110101110100000011011000100000110100011100
101000111110000000010101100010111111100000001000101110110111
111110000001100001011010100110000111110000000010010110101110
111101011011001111001110101110011011100010111111101001011111
010101010001000001110111110011101000110100100111100010101101
100011010000010001000100101011100010011000001001011000000001
011001010011001110111110101011010011101111010100010110111000
010001010000011111011000011000101101011000011110111101101111
010100011101111111110001011100101000101101010001100001101011
100101010101011011001011101001011100011110010001101010010011
110010010111101101010011110100010010000010001100100110110001
100110110100011011001011011101100000001111111011011101010011
111001011110010101100110001110010001000000100111011101001111
