010100110111011010010010001000101010001001011000100010000111
001110101001000011101100010101101100010001111000000100100000
111010111000000101011110001011111110001001111000100000110001
111100001010010000111110100001000110100101001001011011011110
110011100110001010100101000011111001001101010001000001110000
000010011011100101100110001111010011010000110110101001001000
011010111100001010000001010111010101111100111111000100111001
110001101100000100010100110101101011110101010011011000110110
001111010110001001101010010101000000001011010111100000110100
011000000101010110101101001010000011000001100111101000101101
011100000111111100111001100000000001011110100010110010100001
011000011111101111011011110000110110100110000001101110101111
100110000101010011010100011101110011110001000001110100101101
110010000100010111111000000111100101010101101110111100001011
000011100000100101111000010011100110101001010001000001101101
100001011111110011011100110011011000000011110110101110100101
111111001101110100000110011111000010101101011010001101010110
001110100110001101010101101101100010010010000101011111010110
100001011011101110011011001100010101100100100010001001101100
101101011011100111111010101111100001000011010001111011001101
010110100100101110000100101100111100010001111101111100001001
110011011011101010000101001011110010111111111111110001111010
010011001101000010000000101111000000111000010011000111001011
011101110011110010001110000011000111111011011100110101000101
011010010110100110001110001001110010001110111000011101100101
110011110001110000011010101010111000010101010110101111111001
000111110101100110010001010100010110000100000000111100000101
000001000110110011001101110001001111001110100111010110010100
100101111100110001110011001011000001011000000001000100101111
010101110010111011110010101100101011111000011011010011011101
101111001110101111100010000011011001100001110100100001011110
001100111101101110100100111101110011000100010111101111111001
110001100111000000001100011010111100101000011100011001110001
111000110011111111101110011111001110001010101101101000000001
101101010011111101110110011001010111011010110100001111100110
101110100101111010110010011001111011010011000110100100110101
001011010000010001101101011001010100011000001110100111011000
110100101010001010001000100110011110011111011011001110111001
011010000000111000111010110110110010111011111101100110011000
001111011111110000010011100101111100110011101001110011110001
