001000111010011000100011010010101010110000001110101101101100
001101100110110011100110101100100001111110111011111000010100
111100100110011101101111111011101110000111111000101110011011
111111010110111100010000011011000011001101100111011100100000
011100101000011101010000100111011010111001011110110110000011
111011101101000001110101110110010011110010101000010011000010
001001101101110100000011110001000100011000101010011001011001
000101010011100001011011110110101010011000101101010101101110
101110000010110010010000011011100111011011010101011101111100
110101010010101101011011001101000011010100100001101100110010
110001100101101010010111001000101011111100010001110111101100
111100110110001001010000000110100000111010010010100101101001
010101001100001011100000011011010111111000111100010100111011
100011011101000010010111110100101011010100100111000000111001
000001101001000100101001010010101011100001110001111110101010
001101000111000011010111010110110010110001111010101001000111
000001110001001100010010110010101110110111010100011110101011
110011101011100110011010001101001100001111111000101110011010
001100001010011101010111111011111101111101011111011110000111
011101101011110111010101000001101001101000101010100110111000
001111100111110010001101001111000100110000101110100110010010
000000101111011111100010011101001101000111010010100011001110
100001001100111111000000110001010011011110100100010101111010
101111111110101000111001001100100100000011110000111011100011
101011100010110100001000000010111011101101000010011101100010
100101000000111001101000111111010100000110100111110001110111
011001011101010011000111000011011011011011000011000010111010
111111110000011011100111100010011111001001101000100100011100
001011000001101001111100010111111110110010101001101001011011
111010011100110001010001100100111010101110110011100011001101
111000111010001011000101100000111010111001101110001011111001
110100100000110001001100110000111011110110000000111000000111
110001101111000011000001011011110001100010111111101001010000
111100000001011101011001111110010101011001101000100110101010
100010001000000000001100110111110100101011111001010000010000
010101011101110111100010011011101101010101001101101111100010
110111100010000000111001101110100110110100011011011011011011
000111000011011010111010101110011010001011001110101001000011
100101010011101100001110111001010000011100100100111100110011
011101000000011010000001010110000110000011101110011100011110
