100111111001000001100100101001011100000000101010010000011011
101001011101101000011111111101011011000001011110101100010110
100110111001110001011001101111000101010100111001110100000111
010110111001111100111100100110010010100000100110001011010010
101111001101111001111111001010111001000110000100010100010100
100101111110101000001001111111010000110010011010001101011010
001110010110000001101101111000101001000000100010001111110000
100001011110001111001011001101011101111000011110111100001011
000010010000010010100101100101000000010101010111001111001101
000111111000111100100001101001100111101001000110011101101010
100110100000011010101100010000110000110100100100011010101101
001101010101011001100100000001011010111010010000111000101000
101000000111011100000100101111110000100101011101111000001011
101001010100110000111000011010100110100010011100111000000010
010011101011100110000111001000001111000001110001111101101110
010110000111000111101010000010001010100001101011111011000111
111101001010000110000010110001011000010100000110110000011101
010111001110000001010111010010100101000110010000100101110100
000111101111100101000101110101111010010000001110010100011001
110011001100100111000111000101101110111011111001011000101110
011001110000110001100100000101111110111111010100111010110001
111111110111111001011010101111001111100010001110110111011010
100010011110111010000000000001110101100111011101000001111011
100011101110000001011110000111001110100110001110011100000110
111001101101101110000101110011001101111011111001000111100100
011101000000110000110000010001111000010000111101001111110010
111000000001100001110010110111011001010100010101011001100110
100111100001110100010000100111101101110001111111010111100101
111111011011010111100101001010001101100011100000010111010111
100100101010010010011001011110100101111010000011000001101001
011011111011101111110010111101111101111101101001100101110001
011111001000001110100100000100101110000100010001111101000000
110001001110110100011011000011110010001110110100000111110110
101110111000011101011000100011100100010100100110001100110000
111110010011010010001001001001111000100101101000010001100110
000001100010010011000111001110001111111011111011010000101000
011011110111101110011110101111111111110111011100110110100001
100111111000000010101000000100110110111101110011001000000101
001011110010001011111000110100101100010010101011110010100000
100110010110110101110000100011011001111101100100101100000011
