101111000100110101011100001100100010011001111101101011100001
111101110100011110110111000100010011110001011010011010001001
001001011110010101001101010010101000111110011100100011110110
100011010010001101001000011111011111101000111100110001110011
110111011110001110000010100100010110101101001100110111101000
111011110101010011111000100001011001000101111011011000100100
100111111001011111000110010000101101101100111011101110110010
111011110101000100101010111101101101001101001110011010100001
001110110110000110001101011100011100110011100010101100010001
100000000110101100100001101001100101000011011010111010100110
010000011111101001000000100011011111010011110001001100010000
010001011100111010011001000111001001011001001111001100001011
110011000010001011000001111010001111000010011000011011111101
011101100010101101000011001011000010011011100000101100111011
000110011000100000111110010011011010101010100011010111000010
110111001011100010011001011001100110001100100101010000001001
011101001010000010110111000011010100101101100011011010100011
100111000000010100101110111111100110101000111110011100010100
101110100000100101001011100101001000111000111000110101100010
001001110101100111100001101110100111110101011011000101111101
001001101001000010000110101110100100111111100100111011011111
010011011111000111100111100100010001110000110011011100100011
110000110100010011001000100101000101100000011100101110111011
100001100110100111011110100000101100110010010101111000010001
000001110111110100010000011110011000101001010011101111000010
111010011100111011001001001010111001101110000101010001001011
010011011111001110101101001011111110000010011100100110110010
010110011110001100110011110001001101101001110111011001100100
010011011011000001111010011100110110001000000110001010010000
100100001000000010011000110011010110001110001100100000000000
100101000010101001010100010111001111011011101001001110111011
101001100001110111111000010000011000101001001000010100100010
101111010100001100001000110011100100101001100101000001110100
100011000001100101011100010010010111001110000010010001010100
110111101100111000011010000101011110101111110111011000011100
100000011111101110110000101101010001000001010001011111111011
000111110110011111110100101111100111011001111001011010011000
100011001100000111100000011110010000110101100011000010100000
000111111001111001110111111010000010110101110011101101101101
100100100001010100010010110010000010010100110110000101000000
