001000111110000001100010101011100111001000010011010111010000
110010001011001101011010100011000101110010011111010001110000
001011001110001101101101010000100110110100011000001010001001
001001110001001001101111000010011100001011000100001000011001
000101001111100101100110010101100101001100010110011110000011
010110010000110010010110011101101011000001100100101111000010
101111101000110011100100001111101101011001000011110100000001
110101101001100010110111011101001010001100001101010010100110
101110111110100110010000010110001010000001000001000011100000
010111111000011111111110001101100000110011011110001001001110
001100100001010010100001101110010001110010001011000001001110
100001110101011010001010100000000100011001110101011101000111
111101011110010010100011111111010010110001101101111000100100
011101110110100010000010101111110110110111101000101001011100
001111010100000000000101010011100000000101001011000000000111
101111111001000001110111111111110111010010010010000000010110
111100010110000000111000110011110101000011011011001011010100
110000001010100110111011011110100000010010010110110011001101
110001011000100101011011110111001011101000011000110010001110
110110000110110110110111010011001101011101000000000011110000
000000010101000000100010100101010011101011100001010001001100
010001101100010001010011000010011101011100100100011001000010
110110000001011101011110100101001010111000100110011111100110
100011110000011000011000001000011010110101010111100010000010
111011110100010010101011001100011101001110111100100011100010
100110101010111101110001000010111100011101000010101100001111
001101111111111000011101110101000011011100000010000101101110
001011101100000010011100101001001001011111100101100000101100
001001100000000110001011001111001011001111001100100100110110
000110011100110100101000010000011110111110101011101100010101
010000101001010000111100001110011100011101101000001001111101
100110001010110111101101000100110000011110000001110010011111
111111101101111111100010011100011111101000110011011100001100
010100111100101111110110001100010010011001101111000001110010
110110101010000011000001001000000100011010000110001110000101
001111110011100101000110000010110110100011000101111001111101
111100111101100010010001110101100011000001110001011101010110
110011111110001111010110000110001001011010010011100101100110
011100001100100100111110010000101101101111000111000111100010
110011010101010101000100111001111100110111011101101010101100
