011000100010111001010101011010000010110001001001000000001001
010000101110001101101001111010000101111001001110010011011110
101011110111001010111001011110001100111110110001101101010100
010110100110001000000111010010111000001001101101010111101010
010100011000110010111110011110001110001001101000101001011110
010101111110101100100001000100000100010011010001111001000000
000010010101000000001011100101111010111010010011110101110001
011010101101010110111011010000101100101101101000110100010000
110011100001111000001110010111000000000100011111000110001111
010101111001111110001000010110001010010100110111010001011010
101000111000010101100111100111000000011010010011000000001110
100011001111000111100100010010010010111011011100101111001010
110101110001000110101100111110001010000000110001011011110011
100011100111000100101010110000001100000010010011010101011110
001101110100010011011001001110100010100001001000111000100011
011000100011011001110101001000101101100100101001001011001101
011000101110000000000000001100010010100111101011111100010001
001010101100100111110001100011011110011111101001111110111011
011111011001111011001010100011101001000011110011010100111010
011111110111010101100101111011001011010011100001111100011001
010011010111011100010000000100110110101100011111010111100000
101111000000001011110100100000100000100100000101100101010010
011010101111100010111110101111000110100111101000010000011011
001011110011101110100100010100110011001111011100101100011001
100011110000000001000100100110100011001010000010010110011011
011111011001000001011001111110000011000001000001010111100110
011111110011000000100000010000011100000010010000110000011010
010011010001010000101101101000101000000010011111001001101101
101101100110000010111010011011011011000000100011110010011010
000101011011100001101110101010000010110011100001000001110011
100110011100001111111011010100011010001110110110000100101010
111100001010011111000110010001101011100110100110000100110001
000011111111100101101100101010011111110000100010010111011000
001111111011000110110110100001000001111101111101100101001000
001110110110000101001100111100001101000010011101111101101001
100100110110100111010000010001100100000100110010100010010000
011011111110011110111101100100110101111010001111010001010001
110101010100011011010110110101101011110011110010110001011001
100100001100100011111011110001110001010111110101101011010111
110000010000001011011011001011000101011010101110000111111010
