010011000000111010001111000110110101001100110010000001001100
011011101010001011110010110101110000101011010010110001111110
101011101011100110110101011001110101011010100011110001111100
110110010110011111000101110110100111110011110000000000101101
000111001011011010111110001010101011010011000000110010101110
010011100101110010110110111101011011110000011000001111010101
100110110010010111111010111011111001100111000010101110001110
111001101110001100100101001011011111110111000101100010000000
100011000111000011010110010000001011000100110110010001010101
010000011000111010101000011111101110100111011000111000110000
100010011111011010110110100101101111011110111111000110100111
000100010111110010100011100000000000010001110100101101100000
101001111111110000100011001010100111000111000100101010110111
010010001001111001000111101111000101110111101100110010000010
000001100000101111011110000101101010001111100011000111011101
111101110010010110100010011111100100110101101101100001100100
011111101000001111010010110100100111110000100011001001101000
010001111001011100101110010001110110010010110101100100101011
010110001000101101010011000110011101000000000010011011100000
111010000001100110111100101101000101101100000100011011000100
000110000011011011110110110111100010001000000000011110001111
110000101101010100101101100110000010110111110010110101100101
111001010101110111110000011100001011101100101000111100101001
011101001000001001100111000110000000011010000101101101111100
001100001011100000001010110100011101010111110111110000110100
000010011000001000001010000111011101101010000111111110100010
111001011101111100010001001000000110001111011010011110011000
000010110001111110001011000010100111000110011111111001100000
101001101101011100001000001001111110110000011110011110000101
000010101000100010110111001010000111110001111011111101100100
101101101101001100010000101111010101001000100001001110011000
100000000010001101100010100100110110110011000011101000100100
000011100101110010010011111010011000101110100010111000000111
010110111100110010001110110110111100110111101111101010111011
110011000010010001011111110011011101010010011000011101011010
010010110011001000011111100001110010010100100001100001001010
111001000010011011000101100101100101001011100001010101010110
010010110110110000111101001000001111101001111011000101111000
100100011001100001101100000100100100000110001000110000000101
111100100001001101011001001001011111100011100011111100111110
