011000100000000010110110101011010111010011110111110000010101
000101101100010011101000111011001101000000000010011010101000
110011010110100011011100101100010110001111000101001110001111
010111111010110000000100010110101011001000110101000111110111
000111010010011101111101111101001001001100011101101000000100
110111100111001001011011000100111101001101000011111011111111
111100001010101101001110010111000001000100011110101110011101
110110011101010101111111001000010000001101111011100010000011
001000011000111001011101100100001101010010011000100010100110
010110001001100001001100001101101110111011111100011001010001
011010011001111100010101100011001101111010001000001111001010
010010100100011110101111110000101011110000110111001010001100
000001101110011110101011111100001001010001010101101101110111
100100000010000100001101101100101110101100111101101111000110
000101011110100111100101111100110001001001111011101100111000
011001011000111100101001000111101001111111010111101111101000
011111000100100001001000001010110100100000001001001100010110
000100100111000011100000001000100101111001100100110110101000
111110011111001010011101101010000100110111011100100011100100
010000100000010100100111110010110010101011010000110101000011
011000111000100010000100000010011000011110110000111110101111
110101011010001111110110000111001000101111100111011011101000
001010011110001000111011000010101001110111111000000000110110
111000010110110110000110100000101111010110111011110111010111
011100011001110111001011111100110111010101100110001010010010
111001011111100110010110111110110101001000110111000111010000
110001101011101000000010100110001111100110000001111000100111
011110100001111110001101001010011101000010101101100111110111
100100100011001111100000110011101011000011100001100001111010
111101000101101000111010100110011010001100000110001101010010
001101000000011101000010101111001010100011101000101100111001
000100000111100100110100010111001010110001001110001111010000
010001000000101100110011010000110100101100000100000101011000
101101010110111101010010000100010001011111101111101111100111
011001011110110001110000111001000101010010101001111100101010
101101011010101010100000100111010000000101001100110110001110
010110100010100010110011010001100010001011011110100001000111
010100001001011111000110100001011111110010111111110000010100
010110001100101111110001001000101000010010001011011101010101
100010110011001010000101111010100110010110010111000010000010
