011100100001011101001011110000010010010101000100110011011011
100100001001111010011100100101011110000010010011001010011101
100010000010111000101101101110110001101110010000011010011111
001000010100001111111100110100110110101011101111000101001010
111100100100101010100101111011001100010100001101111010101110
110101000000110010000101000111010110110010101010100011001011
011101011001000011110110011010011010001101000001110010110100
100000101101101010101000100000110011110101100111101001000110
100111101101010000000010111111111001011010011101011100111000
111111111001011010100110011011001100101000101101000010010010
101001100110101100010110111111001101110100010110001110101011
000011000010101001010100111110100000111011111111011000011000
010000011100110110100000001110100011111000011111011110011000
001011010111001101111001001110010110001010011010010001010101
111000010000101011110010011110011001110000101100010001000001
100010110001100101111001111001010101000111111011010000000010
001001011100000010011110101000110111010010110111000001010111
011001100010011100001001011010111100001110010101001111001011
100011001000101100011011100110101110110010101110010001111010
001111111111111100110000010001101011011001011010001101011101
101011110101110001101110000100011010111110111011001001100010
110010000110101101101100110001000011100001100011011001110111
110110010111010100011100111011100111111000000000111001111101
111101010010000111000101100010100000110010110001100010011001
001111010100110010111011101110110100100000010010010011110101
001011011010111110111111101101010100011000101001010110001101
110110011100010100011110111011000101100000001110001111010001
111001010000101101100011001010001000000010001111111000000111
100100101111100010100101101000011000100011001010101011110000
101011111010111110011110000011111000111110110000101100111101
110010000000001101000100001101001100010000101010110100101000
111111001010011100110000000011100001100100100100110010011110
001101110111101011100110011111010111111011110011001010000110
001000010011111100110001110110010100100010110110011110000010
011011101110110001001011001000001010011010110000100100110011
011110000100111011100001010111101011111111001100111110111110
001000001001011100010111101111011101100111010011000101010011
011101000001010001000101101000101100111110010100010011011010
010110000100000001001111101011111101011110001110010101100000
101100111100000111000010011000011010010111101110111000100100
