010111001010111100001110000011000110011110011010111000010010
011001101111000100110001001101000001100011110100001100111011
010111011111111000011011110100111001100010010110010000001111
101011001001011011001111111010100101010011000101001001010001
001111010011010001011100001100011101011101001100101111111110
001111001100010000010010101010101001111010000111010110010101
010010110110100100100000101111001101000001101000000011110000
010101000011110110010101101111111110110101010010111101001111
001111010011011000100000110001111010011011000110000111101110
101111010101000011001000010011100000011111100101110100110011
110101011111001010010101110111110000000110111101010011010111
001111101011100111110111001001010010111010010000101010011111
000100111011110010001000101010100111011010110100001011110010
001110101110111111000101001111000100010100110001111100000110
110001011110111110100101110000000000111001101100010001100001
101111110111000000101100011111011110100001100010010110001000
000001000110011000110100010101111010111100100000011011010000
010110010111010110110100000000011101001100100010110111100011
100111010010011001000100011010110001101111000110011001000010
111111100011011100111101011110001001110110110101010000011001
110110000011011100100110000100111001011001110011011101010111
101000000110000001001010111010001111001001101001011011000110
101001011011101000111011110010111101100110110000001001000111
010011110100000110100110101010000110100110101010101100001001
110101000111111001110100001001111011011001111111011011110101
100000010000011001001001000100110000000000000111011100000101
011111000011011111111101000001001000000111011110001100111111
011011111001001000001110010000010010110011000101001000100111
011010101101011111101000010101100111011001001011100000110001
100001000110001100100010111101010100010110010010110101011110
111101000000100000010001111111011111111101110101110001101000
101011001110110100101010111110111001011010101010101101110011
010011011101011110111011110011100110000111011011101110000111
111100010110111100110010101011010011100110010001101000001101
000000010110001100111011001010001111100101110001100100110000
110100101001011000101100111101001101101101110111000010010001
001001000110100001111011001010011011000010000110001110110101
101111101100011011001010011111000000000100011110000010010101
011010011100111100100000000100010011010000111010000010101011
100011111110010001001100111011110101111010011101011000111110
