111100010110110011101101111100110000100001010010111000111110
101001000111111101010110010011000010111010101010000001100111
010001110111111000101011100001101001111100010101000100110100
111001100000110100001111111001010100110010010011010110000010
001110001111011001011110001000000110010101111001011111011100
001001011011110010110101101111110111111111011111111011010010
000011010000100111101110111111000011101111011011101001001110
011100101100110100000000011010000001110000101010111100001011
011011111001010110010000001001101000110111101011010101110010
110010111111010110011100111100111111001100011001010000101101
100001000010010110110101011111010111111011011000001010101011
110100000101000011010000010111001001001100101111011001100101
010110010010010111101101110010101100000100001100011111100000
010010000001100000011010100111001001001111100001100101001101
000101010000111000010010011011000001100010110110000011110101
000001011000101010110101101111001011001110111100010010000011
110100000111000000011110001010000111000111100010111001110000
111100110010001010000010100011010101101010110100110000101101
010010110011100011011100101010001111010010000010101101101000
000110110001110011011101101101010010001101011010001100111110
011101101101111011101001010101110000101110010010011010111111
110010111110110100000111110011100001011101001101111110100011
110001001010110111100001111011000101001100111111001010000100
001100001000010000001111100011010101101000011010001000000000
101010000101101111010011100111100001010110000111010010110101
111000011111001101111011101000001011011100000010000011011110
001001111000101111000011110100011010111100111000010001000000
001101000110101010101000011101110110100010101110010101010101
010100101000110000101011101001011011100100010100001101111110
111111110010010001011011010100100111111011011001110001010101
101000100100000001000010011110111001110001110000000010110111
111011001010100100000111110000011101010101110000111011111001
010111010101000110010101101110101000000011001111000000100101
111101011111110100100101001000011011010101000011110010100100
000110000110001101010000010000110110111011001010111111010101
011110110110111100000011101100000110100001111011110100111110
100100101111010111100011100100011000100000100001111001000111
011000011001001000111011011000101110010011101110101010100001
110101100000110011011011010111010111001110010010001110110111
101010000000100000110111000000000010001110010101101001100110
