010011101101101111100110010011010101001100011011100010111001010011100101001011100000111100010000111000100010001101110111000101011111010011101100110111010010110001111001100100111101
100000110011010100111111110010011010001000101000110100000001100001011001111110011110011010100001110100000100001000110100000010101001110011011100011001101100100010101000100011001001
000111110101100010111100110010000101001000101101001001111101000001001111101111100110100001101011011100000010000000001101010011100110000110110001100011110000100000011110100001100100
000001011000011110101010101001011010010001101010000010000111011100011011111111011101000010100010011100110011101000110011101001001001010011010010001001111111010101001010110000000110
001001110010110001101101001011000101100111100110010000110010001010110001010111000001100001111100001101001111000010000000000010101011001000110100001100110000110010000010100010110100
111010101100101010011101001000110001101000000011010100000111000011110101010000010111111111001000000101100001001111110110000001001110111001000111001011000001010100101011101011000101
011001000110011101111001101100001001111010010111011111010001100111001011010000100011111110000100101100100101011010110011100010011111011110111001100111000110110001010001110010100101
110000000000111011000010101101011110001001011111001100101010000001110101111110000101110001010011011001111111010111011001100010000101110000010000110111111001011000011001110000010100
000111110011000001111011011100010110100110000101001010011000000011001001111111011010101100110001101110100111000011101111000011001000001100001100100001110110000001110101001101000101
001010100010101111111011010011110111101100110001101111100010011011111101100000011111011101001100000011101111001010100100010011000010011111000101000011010011100011110100110100011010
110011100100101100101101110101101000100111000101110000110001000010110010000101110001011110101101100111100110010100011101100100011110100001110011001001100111011000011101111101100000
101000110111111000011101101101011111010001011100000011011110101010110110000110111110100010101100100111101111100011010111100011100101111110111001110110100000111010101110000101100011
111011001011001010111011100110001001000000101010110101011011110110000110000000111111001011100001001110001100000011001101100111110011001101110101101111100110010100111011110101101100
110111010000010001011010000011110111101000011101010110001100001110100011001100001011010001100100010110011001001011101111101001110111011111110001110101111100000110001000010001001011
011011101000101011001101101000101111101110111101101110101101111110000001010001101101111010101100000001010111100000100100100000101101010000011000111101000101011011000010010011010110
110001010001110101100010110011111001110100010100101110100011001100110110110000011110111110010011001000111000101111010010101100000111000000111111001110111111001110010011010111011000
101001100011000010110000011101010101011111010010001011010001101010000101010110000110000110010110110110101001100000110000001100011100011100101001100100111010110001110110000001111111
010111000011000010110000100000100110000100000110100001000111001000011001100001000010000110000010111001110000100111101000011010110010000000001001001001001011000100010010111001000001
110000101110101111100000101111000101110011011101100011001101000000010110001111101001010010000100011011101000101011100010000101011000010010111100011100001110001100000110100101011010
010010110000100101011101000000100011000001101001101110111010111100110100101101110100001101111010101000001101000101110010001101000000100010010001010011111011001101110111101110001010
101010100110001111011110010001001110111110101011001001000101000101110110000000111101001010110111000011110010111010100101000000001011010011101010001101010000010011100010100010000011
011011000111001001100110011111001101101111011100000010110111100011010101100010100101000000000100110011101011010001010110010001000001110111001100110100110100100010110110110011100100
001010110100001110010000000100100110010101101111110101000110001011100010001110111111110100110010100110101100100110000000001011000101101011001000101000011000010000100010100110001101
000110111101100111010000100100000000100001011010101100100010010100111101101000110001010111000101100111100010001111111101101100011010000000111011010111001011011011010011011101011001
001000101110001011100010010000000001001000011101100101111100001111110110001101101011010011111110100110100110011101011000100001101011101000110110101011100111101001111010001001000101
110101100011001110101111010111010001111010100010110001101110110010001001111110101000110100010111000100010111010011101110011111001110100100101111001001100100110001111111010001110001
101000011011001011111001010111100100110011110101000100010011010010110100100100010011111011110100001110101100111111011010011000010101110010001101010100110001000001010010101100001100
110000101001001110111100111011100010011100100110001100111001111010110010010100100111010100101100110010010110111001110100110110011000010101000100000110100110101111101101110000011111
101111111010110101100001010001001010110010111100110110001101001111111001110001111010011110101000110001010110001001000010110010010010001010001001010111101101101000111011111011010011
100110011001111001000110101001100100101000011111001011101010001011100101111110110011100001111100010001100011100010111001001001000101001000110000101000011000110110011011011101101011
101100000110101110011001010100100111010011010110010010010100110011011010010100111010100100010111111011100001010111001011001000101101101110100011010000010100000010011100010100111110
100011010101000101111101100011000100001010010000100100101010111010101101110111010011101101001111110010011011011001110000000110000101110100011001011101010001001001110000101101111000
001100100110111001110110001110000111101000110010011111011011011110101000110001110111000000001111000010101001010011101100110001001100010111101110011010101011001101110101010100100101
001000111100101111011000011111110001110000010111010100011010010011110110001000011101001101001100010011111101001110001001110101000100100111010001101010010110101011011011011111110001
111110010011110000001100001011011110001000100010001101100010101110011111110111101110000110011101110010000001110010111100110110010110111100101111100010000010000100001010011110100001
001010100010111100111000011111011111011001001010100001101110000001010001101111100001010100100100011111111001011000010110101000100111000101010010010100001001110001010001011000000001
000101000001011111000110010011111110010011101110110111111000101110111110011100010010111110101001010100010010000001011101110110111111110111100000110010000000101011111000100001001000
110001001100010001100011101111000000010101000000001110111101001101001000011001011111111000110101101010101010110001110001011000001011011010110110110010001111110101001101011110000011
100001100100100000000000001000011010010001000010000010001010000011001010100001110001001110000011010001110110010111100111010010111000111100111001000011001011001001111111101110001000
100001100000100000111000000010111000110100101010011101001011000101110100100111001000010000011010101010000110001110011100010111101000010000110101010100011001001111111011011000010010
111010010010111110101011001110001110011100101001001000100011011111000000100010111101010000110011101010100110110011100101101111100011011110010000011100111110110101101010010011101101
101000011010000010110011110011010100000001101000111111000001101110111001000000111000001100100110111111000100010101011000111011111000011111111100011101100101101100110110011101110000
001111111000000101111111111100101011100111001110110110001101110000011010001111010011110111101011001011011100000101110010000011111110111011010111011000101100011010011010101001111100
100010001001000111110010000100011110101100101100011110001111000010111001111001001011100101101111001110000011110001000110101110111000100000111101010001010111101000111010111001011101
010110001100000010010011011001011010111010110000001000011101000110111010101011111010110111000101110110010101010000001100100100000110111110110100110111110000110100001101000101100000
000000011001000110001001000110101101011010001111101111011001101100011100001010100001110001111000111110001011001000010010110101110111100000100110110111000111101110100000001001111101
100010010100101110011000101000000010010100101101110011001100011101110100111111111011010111101010000100010000010100011100010000110000101101001101110110011011011111001111000001001010
000110000011110011000100010101101101001100100110101001010110100111100011010001110100000000010001010100101100101101111001000000001111010011110000100111001010111000010100010100111100
000001001010000111000100011011011000110000000110000001000011000100000010000010010000001101000001110111001110001000101110001101001111011101110100110110010111010110100001111000110000
011100101101011101100011001110110000110000010000101010110100001001111011111111110000110001010100100011011000011001001110001110110001101010011011100100010101111100000000011010011000
011100101101110111010101110111100110010001111110001000111010000110101000110011100010001111001010110011101101001001001101110001011011010110100101100100010111010110000110100010111110
110111000101010001010000110100000100100110100111001111100100000000111100101101010001011100001100100001100111000000110011101110110100111110001011100111100110000001000010000010110101
011100001111101110011010111100011011001000100100100011111000110000010001000000000010110001010011101010110111000001111010011111011110011100100101000111100011101010011001011110000111
111100010100100111111111101010110100100001001000101100001000100011011001001111111100000110100110001001110000011001000110000100010101110000010100000011100101010100101010010110010101
001110111010010010100100001010101111001101101011001010100110110011010010100011001100010011001100110010000010110000010000101011100101000100010000000001010001000101011101011001111011
010100010000111010011111010000000000001000100111101010100011101111011010101010101111011001000110001010001001101010001011011010110011010100010111010111111111110010111001000001010001
101000001101101100010110111101001010111001101101011000110110011111111011011100101111000101100100110001110010110101111110001001101001111011110110111101000100010011100011100000001111
011001110000111111110011011001010100101010010101110100000111001110010010011011111111111010110011001111011111100111000111100011000111011110110000010000110001000011001110111110010000
011101110100100011100110110000100001000010111011010010001011111001000001111010011000100011110011101111101101100001110101101101010011001000101011100101110101101110111101010111111101
000100010001000111010011010011010000011101011010000010010100111111011011011000101001000110110001100001011011100010011111100101010111010101010101101001111000011111110111110100111100
010111111010010010111010010100100111000110010110111100110000011100011000000000010111011001111001100011010110111011111010000001111001100011100011110110100010101110001001110001001011
101011110011000101111100100101100000101100000011000000110011011000011001101100110000011101011010110100001001101101110110111010100111100110100101010111101010111110011110000001100100
001011110000100101001111010010010010001110111000000001011110001111010101011111100111101001100110011110110010011110111100101011010000010010110101110111110011110000101100001101101010
100011111001101010010011000100001000000111100011101011010111001101101001001111101010100100110110110001111110110000010110110101100110011100100001100010110101001111111111100001111010
110010011110000000100111000000100001011101010111101101001000111101010100100001010000110101100010011010001000011101000100101001000010101011110101000110110000111100111010101000100010
111010111111001100100110000001100101111111100111111100101111001110110100001001000010110010111001000101010101111110000011101011110000100100101011101010101000010010000000101110101001
110101100100111000011001111111100100000000010110111110111000001001000101101001110010001000010101101000110000101011100110100101101110011011100010101111111011100011111110011101110011
110000111101010111111010110110011001111000100100110010011100011011100010100111001101111111011001011100010010100110101001010100111111111001000100100100011010110101110101101010110000
001010011010000100000010100101111001011011111011101100101001100110110001010111101011001011110010101110101001001100100010100101000011100111010001010111010100100110100011000101001111
001100110011000100010010111110100010000011010100101011011101100110001111000101111010101101011111110011010110110111001101000010000001000000110111001110001011001000110111110001001111
101000101100011100111100010110100101011010101001000111110111100111000010111000011000110100000100101000001011011000100001000110100111111001101000010011110010110111101010100110010101
100011001101011111100011010111111100010100001110001010000101000001010010110100101010011111110111010110011101011010001000000110101000000110010110000100110111101011110100000101011111
100111100011110110011010000111100010010010010010000110100010000101011110001001100111011011001010110011001110011000100011111001110110110111000111001011010110011011101101101011110010
011000001010010100011101111110111010100111000000100111010111011011111110111010000000001011100100011010001111111111101111100011110010011010110001110000000110000010011000001101100010
001000111000010000011101000111010101101000001010001010010010000011111100000110110111101111011101101101001110100000110011111101001111101111100001111100001101101101010001010110110010
011111010010111000110011010010100011100110100101010011101001101000100010101100101110000101010100010101000100101000000110110101110100110111001000001000111011111101010010010010101101
001101110101010000010001010011100010111011000111111010000110111001000001011111000011111101111101011010110001101101011100001001000011000010010111011111010000100010110011010101111111
110100110110000010001010111001100111111100100010110110100101101101001100010000100110010111010110001010001001111001101100111010100011000000110100110100110000111100100110010100011010
010000100111001001110110110101111101001010001110100011100110011110111100101101011100110010001010001011000000001011110101101100111111101010000101100011000110001111010001110100101000
101011101110100001000100111110010001100100101111100101010011011111100100001001101101000100100010000101001110000000011111001101101010100011000101011010101010110010101110000110001100
111110101101000001110110101000011101000111100100000100111101101101101111101110110011001100001011010101110100110100110001101101000101100111100000100001111001000100110110001011001100
110000110101011001111110001011010111111001011110100100111110010111110100111101110101101100101111111000000010100011111100000111000011001001011011011011000000100111100001001001010101
111110111101000111101010100011111101001001000110110110001010101111010110011000111010100110110000001011101011100001101011011101010100001011111001110010010010100111010010100101100010
110111111010011010100101101101000011110110100001110011001011101001011110101100110101010101101100011101001100001110101001010100101000111011100110110011101011011110000010001001101111
000110101100011000010011101110000010100100011001110100001000010010101111111001100101001111011111000100011000101000000010101001110100011101001000010011000010010010100110010010101010
101111111000110100110100101101111010000011010100010010001111100000011100001101110111010100011101100101000111110000000010111000011010010111101010000010111100100010001011101110000101
001011100111111110110101100001000001010100110110111010001111111110011011100000001010001001010100001101000101100110110011110111010101100110010100001111111010010000110111000001111101
011001100001010011100101010111001000100010001101110110010011110011000100000011111000111101100000010010100011110011101101101001000101000010000011000011100101100111111101110111111110
110100100101110101000010111000010011011000101110001010110000011000001011110001111001000011011101110111001010011011111000100110110001011000011101110110101001010101111111001010001111
011100000101001101101011010011101110001100101001111010011001010011011110101101001011100000111000101111110101110000101011000001100011110100001111001011011100000111000011010000011011
111100000110000010111010011101011100110110001010000101010000111011011111110101100111000011100001110111111010110111100001000010000010011001100110010001100110011000111111111101000111
010101001011110101001100110101111000011011111100101100011101001111110110000001100100000011101011110011100110100010010001110101101100111101101011111010100101111000001110001000000101
100111111100001000100011010100100011110010011110101101111111101001111000001100101101101111011100011100101001011101110010111110000011111111110100010001010010000001001101000100011000
100001001010111001010101000000101101000010000100011001000000011111110010100101000011011101010111010100100110110100111000010010001111000110110011110001100010100111000100111000010101
010110100110000011100100000100010000110001101010110110111110001011001100000010011100110000000001001101111010111000111111101001011011000011001010011000000111100101101000111111101111
011101111010100000111010001100101010101000100101101000111010011111100000101111100111101011100100011000000010010110110011010110000000110010111010010011101000011000010100011001001101
110001100000011101000110010010001100010101101100101111010011110110100011101111000001100011001010101011011110011001100110100111110010101000000100101100100001011001011001010011110101
101000001100010001011001000100110001011001000001001100101110111111011100100110100001010001011101001011001111010001010110001100101110001111101001000000100100101001010101001011100000
101001010001100010011011111000100110001010101010001111011100101101010001000000001001101100100010011010100101011011110011010101011001101111101001111110100011101001011010101010001010
100010111101110110101001011111001110100011000011011101110111110100100101011111000001011000011100000101000111000110011100101100101001010111000100101001010010110011001001000000101000
