110000110110010110110010001100000011101110110110100101110011
111011000111000111010110001010010100111100110001010000110001
100111111001000100100011100011101110111111100001001011100011
101101000001011011000111001001101000000010010111110110000110
010101001000111011011100101101110100110000001101010011010000
001011001000101000001011111010000110110010101110110100000010
001010011110110100010000010111111101100011011001100011101001
111010101001011000011100011011111110000001111001000100100100
111000011100001110100000001010001100000000010100111110111111
100111110110001001010110011110101001001101001110110110011111
000000011110110111111010100011001100111011110100111011110001
011110010011111000001011001010000010101111000010101111110000
110001110111010001101101001110110111010000110101000110000101
110010111101001000011001110001001110010001000100011110010111
101000011101111110100100111111111110110010111100010010000000
001000010101111100011111110001001111011110101010110100011000
011010001000010010110010011111100000100000110011010101011111
000101010000100111111100001011010010100010101110110010100011
001100101010111110110011110010011011011110111100011101100011
111010101111100001011111010100100000001011101111111100110000
111111110001000001010010011100010100111100111101010000100000
001001100000001100110100011010000101011100000110110101001001
011010011001001000000001011101010100010101011111111000101000
111100010111101010100010101101010010000110101111010011011110
111111011110010100110100111110111001011101000100101101111101
010010000110000101100111011100010000011101011011101011101111
111100011100000011010010011101000001001101000101010011010011
101110110100110011110011011100010001010110101111011011100011
110000000001001000001101110011110110101001100101110010101001
011101001011011101000111110000101001000111110001101011001111
111111101111100101110000101101000101100101100100011001111111
011010111110010011010110001101000111111101110011101100011011
001001110111101000110010111011010111110101011011110100101000
101001000011010001101100100110100111000110010000010011010101
000110001100001110001110011110111110111100011111010011010001
111101101111000111001010101100000100100101010101000101100000
000100100101100101000001001011000001000001011011101101111000
001001010110010000011100010110110110110001010011001000001011
101010000100110011001111001110100111101110001100010111001001
011101100110000101000100001000101101110111100000000001111101
