101001011100010010001101000100000100011000011000001000010110
100100110000101111100010000010110110001111001000001001110011
101011011011101000100110010101100011100100111111010100100000
110000100101000100011111100001101011011110110110110011101101
000001110001011101010000001011110111101101110001001110101101
010100111100111100010010000000110011111001101000111000011110
011100010011100100001101110001001110010100010100000111101011
000011111011011000101100011010110101101000011001000100000011
101011011111010001000100010100101010011001100011000010110011
100110001001110000110100110011111011100111111100001010110101
101000110001101101111000101100110001101011011010100110011101
010100101110010010010101111010000111100011001101101000001000
010111011111100000011001011000000111111110011110001111100000
011010010111010110110000101110000110111010001101110101111011
000110101000011010101001010000010001001100110111010111111101
110100110011111000001010011001100000001110111101100000010100
110100111100011100101110100000000111110000001001101011101001
100000110001011011100010101101010000111111011110101011101100
110011011111010011101011111000111010001111100011110011001110
001101111100101011111011011111101001011001101101111011101110
110101110110100111011001010101101101001001111101010110011101
111110110100001010110000010100110100111011100001100011010100
000011010000111001000110101000110100100100000011001101100101
011100111100101011111010100101111010000010011001001000011100
100000000100100100000011100111010000000010101011001000001000
111111001101001000010010110001000011010111001011110111101011
001001000100011100101100001010101010100100100001011000111011
111111011010110000010001010111101110010100001010001000010101
111010110010110001001001110001110110111110101101011110011110
100010010101000011101100010010110010010110100011011010000011
110010010101011101010110001011010010010111110110001010011111
011011100101010111010111110010111011101010010011000011110110
001101000010000101110110111101000101001111010111011010010011
011111001100010000011101000101111111101000000010111101000100
010111110111110111011000100111100000100100001111011110011101
110110110110110001011111100101110001101001001110100101100101
000001110000000000101011110011110011100011001101010100001111
100101100101101101001101000101111011000110001000110110110100
011111110100100010101110000001011010010101011001100010000001
101110111000100111011111000111100011101011001010111010001100
