010111011010110010110111011010110100110011001111111001111100
011100000100001111110011010011110010101100111001000111110101
100011000110101100100000011000110111111010100010111011110000
110010111010011010111000010011000111010111100101100111100010
001100100011000101100001111010001011111010110110000011011110
011111000100101110100010110111111001001111111110010010111100
101101011110000011100101001001010111011100111100110111010100
000100111001111010000000011011110011001000110110011010000101
011101000001011111100101011111110001001010110111100011001011
000000100010110010111110110001000100110011001101101000100010
100100001001110000011011100001010001011010010100100010010000
000011010010101110011100010100011001001111101011100001111010
110011000000000100100000110010100110101111111111111111010000
100000000100000101101010101110000101110110100100010010101100
101011011000101001101111000101100000001110111101111100010110
000110001000011010001111111000100011101010011011100100101110
011111000101110101101101000110000010100001101000111011101010
111110110010111111000001100101000110110100101010001101100000
110010011101000001101110001110001010110010111010010111000010
010111011110011100111110001000100101100000011110111000101101
010110011011110000011100011101110100110011011111101000011110
001000000011111111111111001111100001011101110001011101100011
110110011000101000010010000011010100100101001011010011111111
101110101100101010110101001111001100100111001100000100100010
001101010111001101011110011001111101110000010100011110000011
111001001100101101010010100010001101000010001111000101101001
001111010110011010011100001100001110011111001101011101100100
100000100001111111000010010101100010000010100011000111001111
100010111000010010001000101111000011110100001001001100111101
000100110011111010010011000010100001011100111111011010100101
100101011100011111001101001010110000110100110011011010000000
011111001110010111111001000101111100111011011000100101110010
110010100111000101001010001000001001010110100111111100011100
000001001111100011110010101111100100111111001101110001010101
111110111000011110011000101110001011000100000001111110111101
101100100001011000111010000100101101100100111111101101101110
011001000000001100111000001011001110101001100001110101101100
001111101000100011100000001111011110101101010000110011011011
101101111000001011011111101101010101101000100000100001111011
100001111000011001010111101011111101010111001011001100001001
