011000011010101000110100100001011101000111000111110000000101
111110000001000111110000011110110111011110100101110111111110
001000110010000000101000011101111011011100010001111000000001
111110011001000000111100001011110100001110100111101100001011
101001000110010001010000100011011000111000000111010000010110
000000111010111101000000101111110001101011111101000000001001
001011110000011011110010111100101100001111000011011100001101
101010011100011111111111100000000101110001111110010001101101
011011101110111110011001101010011111000110001100101001111010
010011000001100101111111001100011011001111101001100010011001
001000111010000110000111010100010000100000110011110011011111
100000100111000001101100101010000001010001010010010000111101
100101110101010001010000110101000101111000111100010000101101
110001110000110010011111000001101101010011110000101101010010
000111011001110110111100000001100101000111001011011011010111
111111000101100111110011100111101101110001000000111011100100
000110110000111100101110010000001100100011100011001101001001
110110111110111000111001000011010110001000001011001010111011
110001101100110000110101110101001011101100101110001001011101
111000011111001011101111100011111101111011000001010111110111
100100110110100111010011001010110100001111101001111110001011
001000100010101101110010011000100000101001100100101010011000
110100100010010010011111110011010010100001100101010101110011
100110000001101100000101101001010110000001111001101011110010
010010110010110111100000001100110101011001110011000010110100
101001100100001001010100001101101101011101100100111100101011
001011100000100001101010111011101001110011110001000100111111
111001001011010101011111001001001001101101000100100000000100
110110110011111111100111011000000010001000111001010011111010
010111100011111111010111101000101000010100101101000101101011
001000111110000010101100100000010000011101100101101111111101
101100110001100010111110011111000000010111001101001101001001
010100101111000001001001000011000001101011010100111110010011
101011101001101001101110110011000110011011010110000101101100
000000110100101001011111101001110000001010111100001111011001
011111011110101110111000111010000100011000110111001100100010
011001110001010111101100111101001101010110100000110100001000
101000000111111110010100111111000111011001100111100111110110
011101001100001010001001001100111010111111110111010010011100
110111111101101100111111001011010000011110111001110110000111
