111100000100011000011110101100111010000010010100001001000011
100011011100001001011111000010010011000111011110000010111100
110111101001001110110101110000011110100010010111101101110000
101010000101010100110001101010011010011001000011000010111110
111111110000000011001011100011010111101110000111001110011011
001100110000101110001111001111001001000100011000010000110011
111111000111000000011010100101110000110100000000000110111110
110001100010010000111101000111010111110110110111011000000010
010100100001001111011011001010111011011100100110111001000011
001010000010010101111111110111011110100001010001011111101000
011111101001110010100000110001010001100110001110001010100001
101000010000100010111100001111100000001000100010100011001110
110001011001010011100000010010001001110100101101011101100101
110011000110010110010100111001011100000011010110110111100001
111010011111110011101101110011111010110100101000111111011111
100010100000111001011100111110000000001011100110101011011101
011000101010011000111111101100010111010000010100110011110000
001111011010011001101011000111010001100101111100101111101100
000011010101111101011011010010000011001001000110101010110101
101110111110001001000001010000000100001000101001010100001010
010010100101010010001111010010110000000111011100110011101110
001101100000001011111010001011101101111010101000100001001101
111001010110000100110111100011011010101101110001100010011100
011100111001101110010110111101100000001100011101101001111111
010011011100101000010100010111111000111010001011011001110100
000110001011010111101011011111101101001100111001101001100011
001111001101011011010100001000011110010000110000001101011100
000110000100011100010010101110000000111001111001101100100000
100110100101001010001100000101000101010100011100100100010010
101010111011010010000101000110110101110011011111010010111100
110001111001001110110001110101100010010111000011011111101101
100100111100100010111100000010001100111110111000101100101001
110000000010011100001111111101000100001011101001110111010011
111100000011100100010111011110001100111101110000100001100110
110111111100010101101100011100010111011101010000100101110100
111110110011010000000101101001101101100110101010010100000111
001101000010100110100101101110100101000101000011100100100100
111100010111101111010010001010111001110010001000010011101110
101101100100001110001011101001000110111010011010011000101100
010000011111010001100011010010100110000010001000110010011011
