110011101011110011111110011000111101000100110101111110111101
010011010101011000010100001100011100010101010110000011000110
111010001010110110011011110110010000100111110101000100100101
101111000110101001110101110010110101000111100110110111000010
110010101101111000101011011101100100101010110110101011100101
101001010111000101011101101100100100000010100111001011001111
010101011010101001101101000011101001101010101110111100000101
001001011010010001000001100110000011010011011111000011000110
010010001110000011110011001011111001101010001000010001100101
111010110011011111100000001101010001000001100110010100010111
100010110100100011001110111110001100010000011000110111001000
110011111000110010111100011010011010111111011000110011100110
100110100010001001001110111111000110001100100010110101100100
000000101000101011010100010100101111000101010000000010100111
100001010110010011010101110110111001101101101011111001010001
001000000101110010000011011100111010010101000011111000000101
110100100001110101101001001101110100110000001111000110100011
011000110001010000110111001011101111101010011101000101100100
000010100001000111010001000111100011110110110100111111001010
010010011110111001010011111001011001011111011001010011010010
100010001000110000010010001111101010000101101100111111011110
010001000000000001111110111101000001001001011110100011111100
000001001101100011101001101011000011000011011100000001110000
011101100001111011111010011100010000101000000100111010010101
110111111001010111101010101010100000000101000011011010111110
011101111001011101110000100011100010000100001111001000100101
110010001111110100001110110001010110001110100011000110011101
011111010011101001110000111101111000000101101101010000101111
101000011011100000100101101100011000000000110110100100110100
001100000001101000001000111001101011011110110001110100111101
110010011111101111101001111111111110011000110111001100000011
010000010000110101111100001011100111010010010010010011000100
011111000000010100011111101110011010001000000100011111110001
001111001011000110101101110001111111001011010010010101110110
000111001100011110000000110101011000011100010110011101010000
011111100000000011010100110011101110111011110110000101110000
100101111101101111111110001010100101010000111001111101001110
010100100011101000111110100101011100000101011111101110001101
100110100101000101011100101010100100001010110001010011011111
010000011110010111101111100011101100111011001001100001011011
