110011000110100001001000000000111111011000000001011011001100
001111100101110000111000111101110100111001101100010011001110
010011011111111110011100110000000100110111001011010001001100
100000001110100101001011011100000000001000010001100101101101
001010001100011000100000011100010101110101110001010010100011
111100101110000000011000011101101110011101001100111010010101
100100010011000101010000000000000110010011100001010100011110
111100001011000010110010010010101011000110010111110111000000
001011001001110000011101100000000011100011100010110111111101
111011001011111000001111100111001110001011001011100000010101
001101110010011100110101111111100011011110101001000010111110
010011110111010101110111001001100011101100011111001111111100
010100000111110111100001110101101101101011011101011111011000
100010011100000010010101001000101111101001101000001110010110
100011010111010010010010101110010001110101011110100001111100
000010110000111111111100110000110101011001100001011001100100
001010010101111011010010111001110111001000100111010110101100
100111101101110101110000001110110100101101011110100101011001
011101110111100000111100011011001111100001010100111110011011
000110111010010101010111110001100011010011101101010111011101
101001010011011011011100110010011101100011101010001011110000
001101111111110001010001100000011111001010010011000110000001
011000010110100010010111001010010001011000110101001101110111
110100100001101111100010001010100111110010101110101000011011
110110110100011000000100111010001111111110111011010100111000
011011100101101010101101001000110000101001100101110010110000
111001010000101100110100101001001100110001111000011000001001
111101010001010010110011111000101101000111011000111011101101
010110101100100101001001100110011010001010000000001000000000
100010111100001111001101011011010111101101110110000010101111
110000000100101001001000000100110001001001000100010000101011
111011000110010000111100000111111000101100100100000100110110
010001001110010010100001010111010110011000010100001010001001
011110101100101000110010011100001110001011011010011000101000
111101100000111110000101000100000010000101010101100001101111
101011110110101011110000011110000110110010101101000010000000
001011100111100100011010011001101110011011000001011110000000
000011101101100011111011101100101001000111101110111001111001
001011010100010110111100011111000110110000011000001001100010
011101011010110101100111001000110111001100111110011101001100
