011010100100100110000101000001001111011101101110011010110111
010001011001111111111111100101100101111001001011011010000110
000011111000101010111101111000011111000011110010001010110100
110000010000110110000100101110110011110110000010101000010100
011110001101010010010110110100001101011101000011100110001001
001110111011110100000110011000010101100101111100100100100111
111111101110010111101101001010011111101010100100001110011000
111001011100000000100110101101011010110110000001101001011000
111011000101001010001100100101110000101011100111011001110101
000111111001001111000001010011100100001110001110000101010010
101101111101110101110100111000000101001011010100010110111111
011011001011111110110011111100101111110100001000111001101111
110000010001000001000000001011111010100111001010010010000110
011100111101100000111000101101100111001101000101011000110100
011100110111101100101000111111000111110110011100100110001101
110110011011111010010100110001111110111100001001101010011100
111110101110000000111101100011111001000000110010001000111001
001100001110001010110111010010111010000110111000001100110110
110110100000000111111010001010011011001101100000010100000110
101001100110010111101001111011011000100101011100110110000101
111101010100011101010000011110001010001110101101010000011111
000000100000111101001001001010111101111011100100101110010101
011011000100100111101100101110100101011011000000100011001010
000101001101001110100101110001110010101000100111100110111000
101001100001111110000100000110000111000011101111011010010011
111101000011100001011011100000011011111001111101110100000111
110001101111110101110010111111011100010111101111001011001100
010111000010111111010010010111011000110001001110011111101010
011100001011001100111101010110100100011110101000000001010111
010000001101001100000000101110001010010101110111101001110111
001011000110001110011000101011111101010001000001010010111101
111010100110000001110010011101100101010010110011001110011011
001100101100100101010010011001010000100001010101100100100011
011110001010100101000101111100111111011100000101000111100110
100000101011011000010100111101100010110001010010101111101100
110001111111011110011100010010011001000100001111110110110000
010110111101100000110000000000110101101000100110010110010001
010001010101101100001100110111010010111011000000101010110010
010011010000110110000001110010101001111111111000111110000100
111111010010000100110101110111000010001100111000001100101001
