000010111001000000100001001100110010100101100001001010010001
111111010111100110000101101111110000000011111110100010001110
010111100011100011010010010100111101001100101101011001000000
101010011110010101000011010110100010110011011001000010011101
111010011010010100110111110101111110110100101100011111110110
101100011011100000001101001010101011010111111110001000100100
110001110001101001000111111110110101001010010010111101000101
011010000001010000100111110111010001010000011001001010100101
001000111010000001001000110111010011011010101100000101000111
011001000111111100100111011011010000010101101010110100001111
110011000010100010110010000101111100011010111011010011100100
010010100101101111110000011001101001011101111110010011110000
111111110110111000110011100101110111101110100100011010111101
010001100100111111001011101110000111010001001111100111001101
011100011010011011001101100101001110111011010101000001000000
111110000111011000001100100111111111111010000010000110111011
001010101001101000100001001111101000101010111001101101001000
111010101011100001100011000000010010011110110000000000101101
001001110101111001111110100111000101000111100101101000010111
011111011110100101100000111000000010010101000100100000111001
110000100111011010100001001101101100011000111000101001100011
110100110011101111100000110111100110100000101000001011011011
001100000010101000001101010111100100001100010000010110001001
011001001101111011000110100111010011001011000100000100010000
101111000111100110000011000001100010010110111001101010101011
101001111101101100000000100001111101100001011011110100101110
111110000101111111100001101010010110010100000011010000110000
000010111000011011101001010110010001100111011001100010111101
011010110001010011111101110110100101111000000000001110100110
000100010111011100110110110111001101101101000100110110000000
100000111010011101100011111101000110011000011100110010100000
001111111110010101101101001100001110011101100111111001000101
100101101100001011110100101001100001010100111001111000000111
110110011001000001001000100101000110001101001001000011001101
110101000100011110010001101101110000011011000001100100101110
011011000101000011101110001011000111101010000000100010010010
001000000111101111001001010100101101111001011001010101011011
010100110010110001100000001000111001100011101010011100110111
100000011111011001011000100110001010010001111100011101011111
010111101110010101001101011011100011101011010001011111001010
