111001001101011011110000011001011000101111100100011111110110
100100111000101100011111001001010011001001010001010000110000
010101101100100111010011000100000101100110110110001110000111
000011101011111111001010000001110001000101101110101101011100
001010110100110001111100100100100011100110100101100000001101
110111100110110000010110100010100110110101010010001001100100
101101000010011011100100001101010101011101000111011110001100
000110110101110101011111011010100110001100000011010010001110
110110010100010101001110110011010011000110110110011100010100
111000011101101110011010001000110001010110001001100111010010
001101001010011000010101111111010010110000110101100001000000
010010100011001010110111100000010101110000010000100011001100
011001010111000000010100001011111010101111000101111101000001
101101010001100001100011011000000000100101100101011101010111
010101101101110000000100001101100010001111111101001001010010
100101001111111100010001011100101101011110100100110001111000
001010101110100000000010001011110011010101010011111101101100
100011101111101100010011001010111101011010111011110110101111
101100100110110111100010011111101100011000001100101100100001
100101101101001100101111000000111101110010100111001000001101
110001100001000111001110001101011111100101001110101110011010
010101110010110011000000101001011111110000100011111111100111
110110111101010010100010110111000110100101110100011000111010
101000111000000010111011100011011001000011110101101101100101
111000100000101010010110011001000100100100011010001011011111
111001011110101010100011001000111001010100011110011001110011
000111001000010000111101101000100000001000101110001010110011
011110011000101010101101000101001000101001000100101110010101
011100000100000011110110101011100111111101101011111101100110
101011010001110000001101001110100100111111011001010100001111
001100100011110111011101011110010000100101111000001100001010
011001010011100001111111000111000110101011111110011111100110
111010000100001101111010011000001110000101010110110100110110
100010110010000000001010011101110111011011110000101001001100
110011010110011110111101110001101001001010000011101010011101
101110000001010111111111100001101101111001101010001100110010
010111010101110101000101100101011011000111001010100100011010
101010001011011100100011001110111100000100110110000100100100
100101100101001010110111101010000001010110001110101100011001
100101110111011111001110110010111101011010001011001010010010
