101000000101011010100001001001011111111110001100110010001111
000001011001101101110010000111010111001000010001011000100101
011110100001111011010011100001101101100011000011100111100000
010000000111001011011101011110101000010000011001111110111000
011101011011111010100011101010000010100010000001010011101101
111011110010111101010100001010010011000110011100111100011111
001000001000111000010010011010100000111101101011111101000010
110111001010000000000010010001001001101011101110111101010010
111101101100111110011100110101100000001110111101101110010010
101010100101100011100110011101011010110001000011011110110010
010001001100000010101111011001001001101000111101010000000100
110011110101011100110001010111011001010100001100000110100011
001011001100011011111010001000000110110010011100110010110001
000111100010011111101001011101010001011000110000000111001101
011100000001110110000100101101111110011000001010100010011001
001100000000100001010010000101100111001010111000001110100000
011100001101111111110110100100111011001110000111111010001111
000000011001001011110111110111111110000011110111001011001010
111010111010110101101111101111001110001001011000000101111100
000001101111111110100110100011111001111001001000000110001011
001101100011010010111000111000100110101111100101100011100111
000101010111011100010000100011110111110001010010010100111000
011110110010111110010010001101100000111110000101111010101101
000011111100100010011101010011000011100010101000111111010111
111111110111010100111110110100110011111000000010011100001000
001010101110000111001100010110001110110100100101111010000100
011110101111011110011001101110000111000101100101101110101111
000001111010101110111011110110111001000100111110011000100100
101100011001000110001010010101111000011100101010011101100011
110101001110101101000010101111010011101101010011001100101100
110011101011100010001111001010001000000110100100001011110101
111000101001110111010011001010111111001111111100100001011100
100000100100001111100100010000001100011110100110101100110010
110010011000111010010001010101010001010101000001000011100000
001010000000011001110001100011010100001000100101101010110110
000100111010101101100100100010001011101110111010101010000110
100100001001001001011110110101000011000001100100010110100101
000101100101101111100110010100000111111100100000011111001011
000000010110010010010001000000100110010100011111010110110010
101100101100011101101010010011111000011001000111111100000101
