110110110100001001100110101001111101110000101101100000001101
010100010001101111011100111001000001011100000100001000011111
011100011010010011101100100110100111011000101010110010111100
101111000011111100000011011001101101001001010011000000001011
001010111000000010001001101000100100110000000100100101101001
100001100000111000001000000100000010101000101011100010000111
011101011101011001110111111100101010010101101101110001110011
111000100101001010101000100101100000011100000110000010000001
010011100110010111110100111100110100100001010000111010000010
111011011100110001100010111000011011100111010001110101001100
101000111010100111101001010111110101110100101101101101110110
110010101110011111111000101110100100001110000110111011101101
101010111010100101011000111001111011101100110101110100111101
011010110111010001010101101100011101011110110110101101001000
111110011011110001101111001011011001010100000100011100001001
011111100000111100010010100111110011100000011011110011110011
100100001110110010101011001010101100000010111111010000100101
011110101010101011010100110000101100010110011010000101100000
011110001111101001001010101011011011011011101101000100001000
011101001000100010111110110111011001100000010110001001001000
101011100100001110100010010001000100111110100110100011111111
111010110100101001000111110001010111000001001010000001001010
110010000011100101011100111010011000101100011001110011011100
100101110010101111010101010110000010011100000101010011110010
000110110010001100100111001111101110000010000110000111010101
100100100100000110011010101111011101010011010001110000001010
001011000010100110011100111101100100010010001001111001100110
110111111101100100001100000111011010011000101001000001011000
001101110001110001011100100110011000111101010011111000100011
010001100100001100001010010010001111110100011001100100011001
011101010000110011000001010011011001010110100111111111011110
010100101110111011010100110111101101001110100011110100100011
111110011001100110111110000101110101101100111100110100111100
001001001100000110100011101001110001100010010000101000100000
101010111011100111001111011110001001001101110101111111110010
000000110000110010110101001101111111110100001011111111000001
101000010010000000100111110110110011001000000110000111100010
100110101010100001011110101111000000001101110101010011100010
000000000101000100111110101110100000001010011111100011011101
001101110000100111000101011010100101011010000010000001110001
