101000110110111101100110011101011100100001000010100011001011
011001011011001100101100110000111001000101001010101100011001
011010000111110000100100010110010001110110110010001001001100
100010010011100011000011001110000011010000000101111000000111
000110010011000011110100110111101111100100101101111001100000
010001010110000100000100110011101000011110000000110100100010
010111000101011100010101101011000011110111110010000100010110
100001100010010110101011001011000101011001111000101101110010
110011001100001010000010001110111001010010111101101000010100
111010101111011111110100111011111101101010101101001011011000
100000101101111111100000110001000101001001110010101100000100
010000010000000000101110001011100000100010010110111110000101
111111100111001100000111101111000010011001101111010100011011
001000101101011110001111011100011101100111110010000010001110
111111101010010101011011011010011111101101001000111010010100
100111011010010101101000100111010100010101000110111010000100
000111010010111001010101101010101111100101110001010001001000
101000101001111010001000101101001100010001001000010100100111
111111110001011011001001001111000001010100101000111011010000
111011001111010000000111000111001110011110011110011010010011
110011011101010010101100111100110101110110101000100110011101
110000100101000101001000111110000111010101011000010100000111
100111110111000100001111101000011110101110011001000010010101
101011011000101100000101011101001010100101010100100110110011
010000000011010110111100001100001010000001001000111001100011
011000011010100001010111100110101001001100010001000010011001
000110010111001100010001101001101001101011001101000000001011
011001110000000111000100001000100100100110001011100000110011
111110111000011010100011110000100001010101101011111100000000
000110010011011010110011101111100000100001111110001001100100
011000000100101011011010011110111000100110110011011111111101
011001101111100100111010101110000011110101110111100000000111
010101010000000010110001111001100111111011111101011011110011
101100001101101101000110101010100001111000101101001010110000
010011110011011100101111101001001001000011000111001101001100
000010001001010110110111100111010110111101111000010001101110
111100001001011011011011101100011011111100000010110101001010
101110000000000000110010010010000011001101010010111011000111
001000100100100111110011100100001100011011011011101011011111
110001000111010000110101011000111111011100010001010110011111
