101001000101111001010011100001000101100101100001101010101111
111111001010011111010010110101010000010010111001100000010111
110001101011110111101010111111011001010011101100111001100110
110110010111010001101010000101100010110110011110111010111011
101110001111011100010011111100010100000111111100011110111001
010110001100110010110010000010110011011000001010101110001101
101101100111001011001101110101010000111110100100001001001011
000001111111111000000000011001011011111001001111001110001000
011000111011100111111000000110010111111001101101000110100101
110101001010010101101111000110101011010110010000011000110000
011011010001010111111011110110100000111010001111101100010111
100110001001000111011111111110000100000001010010010001010100
111101011011111100011101011100001100001101100001010110100110
110001011101101110011111010101010011101111100110111000110000
111001000000100001111001101100110000111111001000000111000110
011010100111101111001100100101000111111001000111100000001110
000110101110100101000010001010100101110101100101110001001101
110000000100100011011001101111100101101011011100100011001000
011110001111011011110000110101011000010010010001101100111001
010100000001111000101001000000100010011000111000111000001111
000111110110000100011100100011101000110100110001100011010000
111111101001101101010000010000100010001000001100001111001011
110110101101100111011010001000001001111011000100010110010010
110110111001010111010010000111001100001111111100111001010010
000000010011100110000011101110101001110111011100100101010001
111010110010000110110001001000100111110100011100110110010100
101111000010110010101110101110111000010100100111000000010110
011000010011010100100110001001111000011001000010100010010100
010111000011100111111101001000111100101011111101111011111110
101001100010011001110110110100011100101101010001101001111101
000011111100001110011101011100111100000110000000111011011001
010000100101110110001111000101010101100101111110111001010010
100011001010000100101010000100000001110110101001101111110111
010010100001100111101110111100100001101101010001111000101110
111101111000011101100100110100000111010001101011110010000100
010111110101001100111010000011011000010100100001100000111101
001100011011110110111101000001110011111111100101001000011000
001010010000011010000101111111000111110011111001100100110001
001000100011000101011010111001001011111001011100110100011000
100010011111111100111010101010100111010111101110001101010101
