111001011010010101000011011010000100100011000001101110100111
100100011110101001011011111011000110000110100011001000010110
100110011100111011010111010110001010011010101010101000101100
010000111111001110000110001010010110001101100101111101101111
010101011110001100100001000001101110110100110000111110110101
010010000011111010011001010100000110011001011111010010100101
001111111001001000000100111010100000100100000011000110000001
111010101010111000100010001100011101110101011101000100001100
011000010001000101100100110001101111110101110000111001111010
111101000010100000111001001000000010100110111101000001011111
000100101001010010100010101111110111110010101011011000000100
111000000110110001101011001110110110110010101101010000011010
000101110000010110111100001000011101111011100111100011010101
010011001000101001111001000011011000001100101111001010000100
100110110110011101100001101101001001010110111000111110101110
010011101001101110101111011010110010100111001001011101001010
010001110101000100000001100010001001100010000100100011001001
001111000101001111101101001111111000111111001011000110100001
011111110001101001001001010000001111101110111110000110010101
110111001101011011100011110000110000111101111111001001100110
101011101010010011111001001111100101001000100001011001101011
011100011111110111100101011100100101111101111011010110010100
000001010010100011001001101000101101111010110110000101100100
011100001010010100011101100110100000010110101010100010000100
000000001101101000000111010001011100001011010100000100100100
111101110111000110100111110000110010010011000100010001001110
100001000001100111100101011111011110100000100011101010010101
011000100000100101000010110100001110111000000110101111101110
100011010010100000011011011101110001000111001100111111110111
100111010110010001000101110010011000100110000110110100100110
101010000101101111100110010010011010110101100011011001101000
100101101000100110010010110011011110101010010000000100110000
010001110101111101111011000111011001111100011111000010111010
101100101011110001110110000001110011000011101000110011011011
111101001000111001010101001001100101010100011010001011101010
010100001001110000111000010110100010001100100101010101010001
010010101100110100011100111110100110000010110111011000010101
010001111001010001100110011011111000010000111100101100010110
100010100011001010010101010000001101000011000100011000011110
111101001000011001000101101010010100010011100101000101100011
