111100111011110000110000101101011111110111001010100111101001
111100111100110001011111111010101101101001110101011011100100
000000100000111001011011011100110011111101110101101111100011
110011011101000010101011101011111011100101001000111010111001
110101101101110011001001000111111010101001000101110001010101
011110010010100011001111111101000010111000000101111101111111
101100101111111101111101111100100010111101111000000011011000
101001111110011011110111011000000000111001100000000000001111
010110111011010010101000111111011001001000100010101000111110
110010101010100100101111000111011101010010110001111011111101
101001110110011111110001010000000111110010101000100110111100
011001000011111011010010111101000110101111101110101100010111
010111101011101101011011011101011011101011000101011110111110
101111110010010111001110010001100000111100001110011000010000
101111110001001010101110011101110110001001100000010011111101
110110100001011010100011100011000100011100101110011011100011
100000011111010101100010111111100101101011101011011100010111
010011110100010111111110111100110110000111011111011101101001
111101101101100011111001001000100000100001011011001110000111
011110111101111000011111110110010111111011100000001111101011
000011100101101110101101001001000100101101110110000010100110
100000101000100000000011010100001011001001000000010001101100
100001000111010100101110010011110111110001110110100001010101
111111100110110101100110111100000010110111010111110111110100
110111110011001001100011100000100001111001001101111111110000
001101010010101010000101101011110110000001011111001000011101
010001100000001010001001111101010110101101000010001100010101
101110101010111000000010010111000110110001001010001000111110
111011101000110111000110100000011100010101101010000001010000
001100111001111111101000001011010010100100000000101100110011
011101111110010110110001111101111010110001111100010100000111
001011101111000000101011000100110010011110010111100100011100
011101011100101111100000000010011110001110011000100101111111
100111100000010111101001011011001111101110011001111110011001
000101110000000110001101011010111000101101111101000101000101
010000011011111111011101010001100000110100010011100001000100
100010111010101110111011000011001110110110000010100010111011
101110101011000011011110101101010011100101010101101000100101
010101000010110110011000111000100010001100000100001011010001
010101101101011101100001011111110100100010001001011101111110
