110100100110001010001000011000010000011100110110011010011010
110101011000101111101000101011101010011011110100100101000110
001111101001010011101100010000001111010100011001001001010011
101111110110001111100000001100111010100010000000111010100010
111100110010010010100101000001111001011101101100011011101010
000010001100101000011100111011110000111010101110100011010111
001001010001101001011011000011100110111101101011001010000011
010010101011011100111011110010111011101000010000100111010100
100101110011000111000011000100010000100111011011101010111100
101110101100111000110001111101101011101100101000111111000001
101111011110000101010111100011001011101011111001001100000010
101101010011010111001101111111100001111001101010000001100010
001010101111101111110100110111111101001010100011110000000110
010100011001110000101001110011100001101000000101001100101101
111111001111011111101000010110101010100010000100010010111011
001101000100000110100110100110001000010010110101011100011101
001110001111110110101110011101011111100110011011000111001110
100111110011011100011100000100010011111100010000110011111010
111011100000011010001011110110010000100011010010011100000010
100011001010111011011100011000000101101101010011000000110111
110110000101001110000011000000001010011111110001011110110101
010110101011111001111100000100000111100010000010010111011111
111011000011011110111001000101101100001000111011100011000111
001001001011010101010010000011110010000100010100000100101100
011001110010101010011111010100000010011111101011100010101111
000001101101001010111101001101100011001011100100000111110011
101101010010101110110100001111101000010101010111100010011011
000000010011000100110110101011001001101000110000100110010101
001001111001011101110001010001001111100001110111110000111110
110000111001111101110000010001110110101100101011111000000100
011110111100100001110011001001011000101010011001001110010101
000011011010011110001010011111011110010110111001101000011011
100111110011011010001010110111011100001111011011101100101010
010001100001101111111101000000010000001100101111100001010100
110001110001011100110110111011101010000101000011100111100110
010010100001101000010001011101110000000010111100110101011100
100111011111111000010101101110110100100011100101101101100110
100100010001101110100010001110011001010000001011110101001101
101001110101110111000001111110110011000100111110001010000001
101001111011011100110101010111100111110110010100010001001001
