000001101000100100100000011111110000011010011110110011001111
001001001010101101001111000100001011011011010111001000011000
101100110000011100001011110010110111001010111010100110101101
110100011011100011011001010111010101110011111101110110101101
010100010000101101101111000010011111110011110011001100001100
101010001001001000110101100111010100101111111111110110110100
000111000000000000011001101010101010110000010110011100101100
110100000100101110001010000110001101101011011101100001010111
100101010100001110011001011101110100011101111110101000100100
011010111000111010000100000100110001100010000010101111101000
101100100011101001100000001100111110001110110010100011101111
010000100000100011111101011111010011101001011000100011010100
000011100000011111010110101101100000111000011111111100110001
101110001100111000100100010001011100111100010001101111100011
000101011100111101100001001011000100101100010101100011111001
100101101100010111100001010111101000110010010001011111011001
000011010000001000011100001100111010001000010111100100001001
100100001010000111111100100000010011110110111000101110100111
110101011000101010111010110010010110001100101011000110110101
001111110100010110101010110000000101001010100011111100001001
010111111100101100001010101101011110010100111110101111110101
010100000010010110001010011110001001110111001000100110100000
010110100001111010001000001100001011101000101000101100010000
110101000111111011110111010001101111101110111101000000011100
011000010110010111000011001001010110000100010101010101010100
111111101010001000100101110101101011000010011100010110101010
010101001101110001111000100100010111000001001010110000001011
111001010010111101111100100000011010110010001010100000010101
001011100101011011011010100100110101111011001111000110010111
100010101000110101010010010010111100100111011100011110001101
100100101111011100010111000011100000010010101010001011111101
110010011110001110000011100111000000000001001100000011101000
000100100010101011101001011010110100010111010101100010110100
100100100101011101001001001101111110001011110010110000000011
100001000001001011000011010111111000000011111101100011110101
011111100000111110000001101111000101100000110010001111010000
011111100000000001011100100010010100110110111111000110111001
001111000110100000001010101101101011011010110000100000010101
111001100010111000000110001010100101010010001011110011000101
111110011010110001100001000111000111110011111100101110010101
