001001110100010110001011011011010011010100010110011010000001
001010010111001001110000110001101111000111110100100100010111
001111100110110111001111110011000100000110110001110011111111
001001001010110111011111011111101111100000011111111100110001
011000110001110001111111000010011001000001100000001110100101
010110010110001111010000110011010110110111101011100001010000
110010100001101000110111000111100100110011101101100111111010
011110100010010001000110010101101011100000110011010011111010
101101000100110000110100010011001101000111111100100010100110
001100001010100000110111000010010010000010100010101011001101
110110010111010111100000000101001110011000010000001000010111
110111110110001011010110111111110001011010100111001001100101
100101111010000010000110001000110010111010110001011010001101
110000010111000111110010010011110001100110100111011000000100
011110000010101111110011000010000001011111100011111011101111
000011011110110111100101100010011011001011111000110101110100
000011100001111000010001001011101010101111100000101010100110
110111010000100000110111111101110111011100100011100011100111
100000010000101111000100011110110100011100111000110100101101
100011011101010110101000110011000101001100111011001110100010
001010101001101001011111001101001010110100011101001001100001
111111010011111011111101111000010110011001010100000010011011
110111101000000101010110001111000001101000111100010011001101
100111000001000001111110001100110101001100010100100111110000
001001010110010000001110011011001001001100010011001011011111
100100100110101000001001110111001001101001010010001010010110
011111011011101101011111010101110101101110011001000000111001
111101000001111111110001001011100001000110010100000100010010
100110110001001000010011111000110110110011001001110011001000
111101010000011100000001000101101111011001000111010010000010
010000101110110101001100111001000001111011110011010001100011
000110000100111110100100011110011000011001010000011011111000
101011000101110101001110111011111111110000000000101011110100
001001010101101000100100111001001011011001001100101110111000
000010000101100011111010011000001100100101111111001111101100
001101101110100111010101010000111011000001101100000111001110
100000001011100101001010101011111010011101100101111101111101
000110100101100001100001100010001011000010001101101101001101
010000111111010001110000011100110110011111001110011000110110
001011111110011111100010111111100010111011000100000111001001
