101000110100110011100101011011010011100111101000111110100011
001101010101000011000001100100101101111110100000011110001110
011101001101000100110100110100011000100101110000010110011011
110100101010011100110000111100101110110001001101111110111100
000101000110111010111001101011101100111011010001101101001101
100111110100011001001011100011100010111001111001101110101010
011000010101000101101010110111101001011101110111101110001001
011111010011010101110010110110010001001000111010110110001110
010001101101111001100010111110001110010001110101000110111001
001000011010110111101001001000100110110101100011111011001100
010010100100000001100101111100010111100111101100010100010101
111111111110000010001010101010011000001110010010001110010010
011101010111000001010101100001011011100000100100001001110110
110010001011101111000110001110111011010000111101010011101101
100101001111011101101011110110110011101100110100001011010010
011111110110101100101010111011001110110101001110110111100111
010110101100110011001001001111000111000111110011010011000111
111001111111011101100110100111000001000001010011001000001111
111000100101110000010001101000110001101001001110101100011100
011111000101010011000111001101010100001011100100111000011101
110011001001001100100101100001010010111000100111111010001101
111101111010100011000010101110001111001110110111111001100010
011111101000100101100111111100111101010010110100011101010111
100110010110001000101001000011110000011101001110001111100010
000011101111111100001010110011011001111110011111011100100111
110001010010111111010110110100111001110111111000010011100000
000001101111011011000001111001101010010000010110001111010101
001100000001100010100101111000010011010110111100011000110001
001100110010001011111010000011110100000010110101110100010000
000011100110000111101010111011010010110101100011011000110011
101111001001101010000011001101100111111110111000000101110110
101110011100011101000010011111001101111010000000100101000010
011001001000000010110110101000001000100011100101011101010000
000000111001101101101011000100000010010110100010000011011010
010101110010001010101110100011010010100011001000100111011100
011001111100111101110001111111111100010101010001100100110100
000001011101100011000011000011101010011110100010011011110001
111100111100101011111001100110000010111110001000010001000001
000101001011001101001110010011010101110110111101110011110110
010010111111101101110111101011110100001011100001010111010100
