101011001010100100001111001001000111000010100111001010110001
100100100010010000111100000101110101011111110110010001010111
011101001000000110001011111101001101110101101101001111011000
010101010110110001100011111100000110111011111110010000111001
100110010010111010001001011001111010011011101111000001100010
101010100001001000100111110001001000001100101001111111100100
100010110101101100110110010101110011010010101000011000000111
001011101110101110111010111101011001101111100000100100110001
011101100010000100101110110111100001000000100101000111010110
000110111011010001101100111001110100100011010001000001101111
100000011101111101111101111101110011111100100111101100100001
100101110000000100111100100000110110001111001101110001101110
111111111101100110011010001000011001110110011101010011001000
100111011110110100111111010100010111001000001100101000001000
000011001110101111101001111001000110100101100101100000000101
000110101100100100011101100101001110000001010001100000000001
000001011111000100110010010001010111100101010001110100011110
111111110010111010000100001000000000010100100111101101100011
011110001110000010110100100011010111010100110010010000000101
101100111000000110101000101100111011010100000111001011011100
010001001110001001010011001011010011000100011010000010010110
001100101101100010101101111001011101000111100011110011111111
111100101011110010110110011101101010110101111110010010001110
010100001100100111010001010101011010100111000000010100001010
110000110110011110001010011110000011010010101011111000010111
100001101101111110000010000000000110101100100100000001001100
100000100010110101001111110011000010011001110110100011111000
000100101001010100000100010001111000111000000001001011110011
110110001101100101000001011100011110001101111001000110111101
011101010110011001011011101010001001110001001101001110011100
110101110111101000000010111111011011110101111100000000110011
011110010000011011100111111011010100011011101001101101100010
101010111101011111001101110100100000110000111001010110010011
001000001001101101000101110010011100101010000010011011110011
011101001111110000011000101101111101001000001100101000111011
010001011111010011110000101101010011011110000001100101110111
000000110011001101111110010010101100000110000110110001000001
001101011110110110100001111100011011010110011110110001000000
110000000001011101101100011111011000111001011100001001010110
110010100010011001001111110110010100110001111111111101010001
