110000111001101101000000010101100001111100010111110001100010
100001111001000111101001001000010011100100010010110110010111
101111110111110110010111101110111001010111010010101001001110
111111000101001000000000010100111111110011111101000010110000
010001110101101101110101010110010010101011111110001100001101
111110011101101011101100011101101101111010101101101010110101
000010001010100111111110011001100010010000000100110101100010
100111000101110001001111010001011110101110110111100111101110
101110001010111001100100000000010110100100101100001000100100
111100010100101111011011011111001010111000100100001011110111
000000110100110010001111100100100011110001110100101011001001
110110011001110010010111000101011001011010000000110001011101
010000011111011000100100100100101101001001110111011110111011
011001111110100100011111011010011001100010111111001110000111
011110110100011011111011100100000101100100000000100100011000
010011111000001001011111010110011101110101110011100000000010
101011000111110101110111111000001100011101110101110110011011
110110100010111001001001010000101010111110000001001101000101
100011000011011000110010001111110111010011001010010100110101
110010101100000011110101101000001000100110001110001011011010
011110110011101011101001000010100001001111111011101101000111
000000101110111111101101000100101011010100100100001011100011
100000101111000100111111111001100101101111010111001011001100
111101001011110101100010100110001100101101100110111001101011
101100000101111010101101010101110111011110000000010000111101
011001111110100010101101100100011101001110000100000011000010
001000000011110011001100010101110011010000100011111101010000
100000111011111000010110110110110101110011101111111000111101
011110010111000010101111111101100110011100111001011001000010
011010111011010011000111100111100100001011010000111000100100
011000011011110100100000000011111110110011000010010111010001
101010111000101010100001001001101010010010110101100110101010
010000101110110000100101011111101110010000111011101010110101
110110010110110111100010110110100101000010010010111111110100
000000010001010000100110100111101011110100110011110011010000
101001011010001001010011000101110011011111100010000011111100
111110111111001100101110010100111111010111010110010011001010
111110011111110011010011101101001000001100101011111011100000
101001011101110100110000011101111111100100000111000000110000
111011110000101000000110000001010011000101010001111110011001
