000001010010001100011011011000000111011011111000111110011001
001100100111011000100101010111110011000100010110110001110011
000100001111101001010101011011001101111000100110100001100100
101111000011010100000110110000100010100000111010011001110001
010111011100110100010000010111111010110011111100101111001110
011010001011111001011011011110011010111101101010101110001111
110011001110000001001111111110111010010011101111010011110010
010100110110000011010110000110001101000001111011011100000000
011010111011010110010110001001001101110101100111000001001110
101010000111011101111111101000111010100001001100111000010100
000100000010010011001110101110101000100110110110001010010100
010011101110110010111010011011111010111111101111101000010000
110010110010011010100111110111000111111011111001111011010010
000010000001011011000101011001011010101101010110101011000101
101110110101100100100001011110110101110000011001100010011111
110111101000100111111111101001110000101001101110110011000010
001100100100011111101010010110110100110100011000101001110011
110001000011110110000111000111001010101101110011101110101011
010100001100010000110010101001110111101000000110110110101110
101000000001100010110100100100011001111110001111010010011001
010010011111101001110101100000010101001000100000000110101100
111100010100010110111010010010100110001010010101011010000000
100010000011101110001001111101011100001001001010001000110101
000101000101000011111100001111110110100110100101011111010000
000001000011111110100100100110101001001101101100000011100011
101010101101001111010001110001101000010100110010000000110001
111110100101000000111110000100111010000110001011100110111000
000111000110111100111011010000110111101010111100011101101111
101011100000001101110010000101111111111100001101011100101000
001111101001110011010111010110010110010110110101010001101001
110100111001010000010101010111111000010001010011011111110000
010101010101110011101000011111010111110000010101111010100000
101110001011011111011111011000010111110010101001111010000001
101001001011110110110110011000100111001111101110101110101101
000000100010100011001110000100101000011111010011000001101000
100010000001111011110100010010100000100000011011101111100010
010110000110101101100101010111010001010111011100100100000110
110010001010110001110110010100111101000100111100000000100100
101011101111100000010111010111001011010000001001111111100000
100111110101000001100010110101001001001011110001000100101101
