000000101010000110101100111111011011000101101111001110001010
000010000100011110110100110110010101010111111100011011000001
010100011100110010000111111010011110000011111110001100001000
001000001000011000111010001110111101000001101111000100000011
100101011011010111010111101100000101010101010000000110000110
111100101000001010101001001111111010101000100111010011011110
010100011110100001000011010000011010001101011010011001001001
011101000111001010101101100100001110100111000101010100110000
101101100111110100110110101001001001001010110000000110001011
111101100000111010101001101001101001100111010011110010011100
110101100101000110010110110010111101000101111011011100011100
010010110010110110100010110000010101001110000011001001010000
111101010010110101111100001110100000000111000010001000110110
110101011000101001010001101101100100100110011111000110110101
010000001011101100100000110001111001011111011011111111011111
000000010010110101100000010001111010001001010001101100011110
111101001011111101011001010010000011100001011111101110011111
100001001111111100100011010010110110001001000111111000001001
000101001100111110010101010101000110001111000011000010111101
001010110000111011000001010100001100110000010000010101010011
000111111011010110011100011110110100000011110101100111111010
101000100011100111100100100000000001001110011100010001001100
001010011101011010111000000101001000101110100001011011010101
101110000001110100111000001110011001111111011110001100110001
011010001000100001110001100100101101111111010000111101101001
110000000101110010100111100001011110100110000111000101000111
001100100000011010100001001100001110100000001010010000110100
001101000111101101001110100101100111000010001100111111111111
010011011001111111111011101010000001110101000011000101000011
001110011111110110101110011110110111101000101000010011100111
111100100110011000000010000010001000100110110110111010001010
101111000011101110000101100101111000001101111100001111111000
111001010001111000101011101101011011111011110001000010000111
011000100011000111011110011001100000111100001101010111011011
110100000010000001000110010001001000001101100100011111101010
011111011000110001001001111001111011111011111111010010111100
000110101101011111000011000100101001001001111100010001110111
011101110111011110110100100001001011100011001000110101000111
110111101110011000010010100010001101110011101011010011101011
110101000010100011011101010000101100110000010111101100011011
