110101101101110000000111110001101011101011100101111011101100
000011010011000111100101111011100011011100111101101010101110
101110000110000011010010011011001010111001111001100011010011
111000101100000010110110001110011111010010000111110011011110
110100100111100011011100011010100000001000010000111110101110
100000101100110000001001011111011011100111110110110000001011
010010001001010001101011000010101101010100010011110000101111
110100011010001100001111001011000011011000110100001101100011
111110010001010001010111011110101110001100110011100100100111
001011000010100001110011101101100100000100011010101111011110
010101001110100001011001010101010011110100111100000001000010
101000110000010000111011100101111000011101111111000011000010
101000111010101100101100001010110000100110001010110010011001
000000100110110101111010101011001000111101000001010000111001
101010001010101000111010010000101101110010000000101110010110
000000011011111001100011010100100100100100010011001101110010
110100101011010011111010010000010110100010011010011110111010
010011000100010011110001001100001111100000101111010111110101
011001111001010011100100001010111111000000101110010000011110
001100111011001011001101000110010010111101100000011001011000
110101101001010100110110011001000110000010100001001000010101
011001110010010100101110000011011011101001001000001011000100
011011010010010000000110110100100001000101010000010101110100
111101011011110000001101101101010100011001110001001100101101
000011001010000001100001101110101110011010111110100111101000
100110000011100001111100011010010100000000100001100100110000
000000011110101110100011001001001101000111101001010010110001
110001000101001001110000111101101010110000100010011101011110
101110110000010101100100010001100111111010011011010100001010
010000100100000010011110100101000001001101111101100100110100
001000010101000011000001000101011000010111110100011100100010
010011011001111000011000110010101010011111001011111100010101
110000110110100101001110001100111100111100000101111010100110
110000101001110001001000000001001011110000011000010100110010
101001111110111010010101001011010010111010101000111111111101
110000101110110111100110010101100010110001100110000110001110
001000010011110010000011000111101000000111111111100011011000
000011011010011101101010000001011000111000100011011011111001
100001010010111001000011110101000011001110111010011001100001
010010100110110000000011111100101000000111001100111010011000
