111101001100001110001101001100011100001011001010111010011001
110101011110110100010000001111011011110101101111000110111011
111100010101000100010110001011101001010110000000100001101101
111100101110101100100011101100100111010101000010100000111001
110010100100001011010010111100110100111011010000110100001000
011110001011111111110000001101111010010010100110111000111111
111111100010101101110010010110111111111110100110110111110101
001111101101111100010000100110111000111011000101010000100101
000000111000001110101100010011000110110100110000111100011100
110010011000000001011010011000110100111111100110110100101011
010001101100010110010010111001001000100000110110100111100101
111101100110101000110111010001111001010000001101110110010011
001011000100000001101111010110101101010000011001111001100101
101110110100110110100000101110000000001111010011101110000010
110100010011010000100001001001110111100110101110110010100101
010111000100010001010000001111001100110111001000000011111011
000110011100010001011001100100100000100001000111110111010010
010100101110111011010011101100101111011011011000011011100111
000100010000000110011101101101011101000001111100101101001100
001000100110011010010100100011100000111100001011110110100101
000100111110110011111101110111110110010000110100010010001101
001010000011101010101001100101011110100011010001100110001100
001101110110011000011100111100101110101100111110110000101101
000100100111111110011000001111100001111000010011010001000010
000001111100000010111100010000010111010000010101101111101010
111001010101001110111101101000110100100111001011010010100011
010000011110001010111000011001101000010110111110110010010100
100000110110011100011010000001101000101011101100101001000111
110100111101101111011100100101100100100001100100001101010100
000001001010101110101101000101111101011110001000010100110100
010010000000111101010101111101111110010010111111110010110010
001110001100011000010010000001010111001110000010111001001011
011111000100011011010010010010101111010000111110010100110110
001111011111001111100000011001001001101010100001010001110100
001000101011111101010110001000111100000111110100111101010010
101101100011100000110000100101000101001011111100011011011110
010111111101111001011101111010001011011111001111100010101000
010111100111100000111010101111001010000011100111111001100100
011010001111111011100001001001101010000110000110011001011010
111001101011110011001110000010010001000011110110111001001100
