010101111101111010011100011100110010000011000110001111100110
010110111000011000100010011010000101011111110101110000111100
100000000011110001100011001111111001101111000000111001111110
011101001000101100001111110101110000001110110101010010100111
011011001000111011001110100110111110111101110111011111101110
110001100101101100000010001111110011010011101001001001010101
111001101100010011111110000010101101000111111011011101001101
111011010101100010101011000011100010100010111010010001111000
101101010101100101011111110111110000001010110101000000100011
000100101101010101101100101011001001101001000111110100001100
101111101100111011000110110000011110101101100110101010111001
001000001101101101100111011010101101111100001010010101111110
110110111010101100000011110101000101010010010000110111010101
101100101000101100101100010001010001000110000010001000101001
101110001101001100111101111100010111110001011101010001010010
100001100010001011011101101101001000000001001000001111000110
011011111001000110111101111111111101011100011111101111000011
111001000110010001011111110010010000111101111010010100101100
001011010000001101110100110111111111010010001110011101001001
011111000010010011011101101100110001110111101111010001100000
011001010100110110001111110010100111110010010011001001101001
111010011100000000101101100001010100100101100101100110001111
001000100100100110010011010000001000001110100110100001110010
100000110100111101110001111011111110001111011110011100001101
001101000111000010100111100111000010000111011010101111100010
111001000001000001010110100000100111010111100000001001010100
110000001110001001111011111101001010010101010101111100110100
111101101001010101100000001111010110000000000100000111010001
011000100110110101111110101011001100001110001101000001010001
010100001100111001100101001111010101001110100000110111011100
000001101110111000111111001110101001110110011101011000011101
100110101111011100111110010000010101010111001000000111111101
001001111111001111111000110101000101001000101001000000100111
100010010000110001001001100111001101000010011110100110100111
001111111101010101010100100101110111011101001101101001111000
111000011010110001011011011011000110101101011011001010101101
010001110110100101011100111010001011011000001001000011010010
101101101100110100101011101001111100111111110111111111000110
000001110100100010010001101101110110000100100100001000100010
101111101100001010010110100000111100100101000101110111010101
