001100111101011101011101011011000100011010111110011011011101
001110001111011011011111111100000110110010101000000100110000
010101010000110110010001100000110000111110101100110000111111
111111101011011011111001110001001110011100011001011001101011
000011011000101011110001110101110110111000000010010110100010
111001111101111011111101111110011001001011110111011001010011
010100111100010111110011101110011001010001110000000000101110
000111000000011000010110101010001011110010000001011100100101
000010001101011110011101011000100011001110001000001101111110
011011101100100101111000101001100101010101001100010111101101
110100011100011111111011100100010100100001011001110011111001
101101111011010101001110000011110000001101001000000101000001
001101011001111110011101010000110101100100111000000110100001
010001111011110111100011111010111011001100101111010111101110
011111101111100011000100101111010111111000101100110101000010
010100010000010100011111011000001000011111010111101110101011
111000101101011111010011110000101111111001011110001001101011
110001110110000101100101100010111110001101011000100110110101
110011011000011110101001110011000000100011111010110100001100
100001100010101100011011010111101100011000011101011110110101
011100101111101100110110000010010011111100111001000001101011
010010010100100100001101100100111101111001100100110000111000
010101111110011001011000010111100001101111110001011111010110
001100000010100111010010110010011110001110101000000010110001
101011111001001010000100100001101011111111101100101110100011
101010010111110110101001000001011011000010100101001000110100
110101011011001010100000001100100011110111010000110101101001
011100110000111111011100011010011111100010111010010110010110
110100000010011110111001110111010111010000001011101111111101
111010111000101000011011011111101010101100110010100011110000
001011010010101111001101011110010010000101000101011111010000
010010111111101100001011010111101001101100010110100000011011
110100101110101001110111101001001111001001000101100100110111
011100100000100100010011100001011001001000101101001101001100
011011111110100001100100111100100101110011101100000000101001
000100010011111101000100110110010000111101101110000101000001
101010101011101000011100110110110000000110010000000100100000
110101110001101000011101110101000001010000010001100001101011
011110000111101001111011000101011111111000101000001100110010
000101110011111001000111110000110001000001011111001100011110
