111010100000101011011100110110001011110110011110110011111010
001100111010001100000001101100101000111101110111110101100000
101011101000100001110011010000011001101101111110100100101101
110110100111110010101100000010001101111100101101000110100111
110110001010000111011010100011000111101101100001101000111110
100011100000111011110011111000101010011100000000000000101010
000011111001000010110110001101000001110001001101000010010100
010010100000001001011110100101011110000100010010101101011101
100110100111110100011001000011101000111100111011010000000010
100111101010000100000010011111010010001111101100101110011111
000000001010010011101001101111110101011001111101010010011100
011110001100100001101111011011010100001011111010001010111110
100110110001111101100100001010000011010111101110001001010111
111011011110110000001100010111101011001000011101100010001100
011100110011111011000000001111101111111010011011000111111111
100010001111001001001000000010010111100111101111001000110010
001110000111111101001101000010111110100100000011100011111111
111011101100011000100000011100110111011101001000111110111100
011101000000001000100010110100011100000101001010011110100001
011000111011010110011111101000101111000010011100110001011110
100000001011110011001111110100110010000100101010011010011101
000100101110111000101111101001100110111000111101111100111011
111011010010010111010100110100111100010111100101100010000110
110100000100111011100110110011100010101010000111100110010101
110111100011100101110011000100111100101111100101110100000111
111011110000111111011011101110001001011000110101000100110000
001101011111000000101110111001001000101111101011000010110100
001010101101101000010110101100000011110010101111100001110100
100101101000000011000011000111110100101101010011001110100000
000011010111101000011011101110111010010101010011011111110101
110101010111100110101000110101011111011101001110110101010101
100101101110010100001111001001000001111111010101101100111111
101000101001000111100100110010100000011110101111101000101001
011110100110010110010011111100111100010010110000110101100101
101100000111111100001010100000001001010011101100010000111001
010010000100010100100000000111001111111111011001110110011001
001111111010011111111000101010011001111010001000010001110100
101001011011000011000000110100101110011100010000111011000110
111001100000011010110010010011000000010110100101100000000110
011100001011001100000100000010111111011000000000010110001101
