001111101010111111110110011000000010111101111000111100010101
111011010000110111111111111011010001111011000110101101011111
001010000111000111100100000010101010000101111001000100101000
110011010000000000100000001001110110100110110100010100101001
111001111000110010101100100011101011010000100011100001101011
111111000011111110010000010010110010101011101100000001011010
000010000111001111101000100110001100010001001001011100111100
100011000101111001000001011010010111100100111010101110110110
110001010111101010111000011111010100011000010111001001000101
100000000010111111000011010001111110101001000000011111001100
011000000001100001001111011101111000101010001111011011000000
011101000011111111110100010000111101111101000111111011110001
100011000000000001100001010010100111101000100101011011000101
110010100010011011011110110101010101010001110111000110011010
001110100000011010101100000010110110111011011011101101110111
001011000110111101100000000010011000011000111111010011101001
001110010111001111011000011111110001010011011011100010100000
111110110000011010010100001011101110011101111110010100101110
110100000111000010111010000001111111000111110100011011011110
110110001001100111100100100011000000010111011101110111011000
110100001011000111111000101110010000011011101011000010001010
100000100100101010001010000101001001010101000110010000111111
010100110001010000100010110010101011111101111000111101011010
110001110110000000001110111101000111000101100001010101001111
000000010111000001011100000101011001111101111101000110001000
000100000110110011010001010000010111101101001010000111110111
100101111101001000100110001010001001100100000011101000110001
000110001100100001011010001010110000110110010010111010111010
000111111010100010000011000010101101111101111101010001110101
101000011110110010101001100101110111111110101000000011110011
101001111001101111101111011111000110100110110011001011001100
101010001001111111001011101001010101111101001011111000111111
001010101000110001011111101010011001001000100000101000100010
011010111111001000010110001101110000110010101111001001100011
000000110101001000110011110100010101010101001001000010100101
110101000011111100110001111111101010010100111011110110101100
000011111100101001011111111111101001011001111100110000101011
101110011010100010111011110001011001101101010011001111111110
111010011000000000001110100000100111000111101000101100111111
001110010101000101000001001011101010011110010010111101101010
