100001011110101101101011100101000110001000000100101000111011
010100110100010111000110110011111001111110101000100001100011
111111011100001001000011011010101111011011001100110101110010
111110010010011010101001001100010101100001111011110011101001
010100100110101000110011111011100111100000011101100110101011
101110111100010111111010100010100110101101001111110001111000
010001110000101010011000110111000100011001001110010101010100
110001010010111111100111110111001111100010011001010111111100
101110000001010001110001100100111101001010010110001111010101
111011010010001100101100101101110111100011011100001000001001
011100100001001101010001010000110101011111000010110110100001
000001101011000011001011101101100000111111010001011100001110
101010101000110110101111010000101111110001011110100111110110
000100011010000110111110101111110100111010000001011000001010
100111111111011101001000001000000010000001111111011010010010
110001111011000011001100000110101000001110001111110110000111
011101100000010110000011011011001110100111001110011100111101
011100001011100011000011000100001110110011011000100011101111
010100000100001111111111011010111111111110000101111101010011
100110011000010001101100111110110100101011010101100111101101
111110101011101000100100011011101000100101100010110000000001
111000110011000101110100010111101011110010001011011110011001
110111100010000111101000110101000100011001010010010101001010
011101111101010100101101010001111011000110001100000010001010
011100111100111001011100110111000001101010010000001010010101
110011110110001001110110100110100111101111000100000110000000
111011100000100110110101001111101100000101001001101011111010
111101000010000011100111101001010111000010111010001001001010
011011000001100110100110000011000110000011000011011000101101
000111100100101100111101011010010101101010110011010110101100
000001110011101001101110001100001100111100001100001001010100
100010111010010111111111111100000001110001100011100111101111
101110110011011111010011011000111101100011001011000000110011
010011001011000111110111100110110011111111000111101110111101
001000111000011010011000001000111010001100101010110111000011
101001100110100100101001011010101111010011001011000010010011
110111110011000010011101010111011000110011111000100000111001
001100001101101110110111011011010111000011110011101001011101
110100010000111110010110100010101011101001110110011110111110
011011000010011011011100100111101010000100100100110100101001
