001111100010011001111000010011111011011001001100011111000010
101001010001110100100111001010101111001001001010101000100010
110010000001111011110110101011010100010111101101001010001001
100010000001111100011000001001011011010001000111010101000100
010010101010011000011000101101011011110101100000010110001111
110100100101101100000000101000111000101110111100110100111100
000100011000011110110101011111110101111101101010111010000000
001111010101001001101010101111010111111001001010011101100101
100101111000000011110101101101011101110100011010011110100101
101110100100101011000110000101010100111000010000110101010000
010000100000001110110010011010110101101011001000000110111101
111110101100011000101111111011101110100110100001011001011101
011011100000111001101101101011001000000100001111110101100000
000000001110110100001011010011111110101000010110110101100000
000000111100010110101111000000000101101010110110000000110000
101101101000111011101001101000011101000101011010111101111100
111100010000110111010000101101100011010101110000101100101010
101100101011011001101000110100100001111111101001111100100000
111110101011101111011010111101111100110010011100001001100000
000000000011000100101011100111000111101100101011010011000001
010110101011110001000111010101111100100001000010111110101010
011010100111111101010101001100100001010010001011001000100000
001100010010100000111010001011110010000010000001101111100110
101000010101000000011101110111010100001111011100000010011000
001010010001010000100000001101011101111110101010100110001011
001000101111100000110000011001111000101110010101101001011010
101101011010111100110011001001011101010100010100000101100101
000111000101010110011000100010001001010010111110010100100000
111000000011111101101110110011010111010011100101010011001110
001000000101011110001010000001010010001101101101110110110101
000000000101111000101110010111011000111110011001000100100100
001110010000101010000000101001010110000011000011101011001110
010110111001011100100010000111000100101101010111000101001111
100010001100011110011101001000111011110110111001001111110000
000001000100000111001111001110011111001010001000101101100100
100001110110111110110101011001010000000100101111001101011001
000100001100111101110000011110100110101101100101011010110110
110000010000010000110111011110100000001010000010010010110001
011010110001010111001001000001111100010111000100101011100111
111000000000001111111111111001001101111101011110110110000101
