111010010010111101000011001111111111010110010000000001011101
110110101110010001100010000100101110101010111110011110010110
110010111100101100000111000001010101110011001100101101100001
000010101001010110111010001010011110110010010010011011010010
110011111111010100000101001111010100111101011000010101000111
101100111101000011010100010011101000110001010101001001001001
101000001110001111101100100011010101001101101101101100110010
111100110101110001111011010111010001011100000101011010000111
010101111101000110000101001011100000011000111000011110011000
000110000110001100101101011100010101010010000111100100001110
001111110100101001011010101010000011011100000010100111111011
001111101011110100110011100011101111100000101101100101000111
100000100110010000010011001010111101011111010010011010100010
001011111010111011101010010011010011000010101011110000100000
110001000000101101110110101111010111100010011000001111101010
110110111010001010011100111001011111111111111111111000010000
011110001101001101011010101110001001001011000110110001100001
000000010000001100110001110110101001001110100011000001001001
111101000101001000101001111101010011010010110000101011011010
110001011000011110101110011000110101100100011010000011101000
011011110001101110111101110111010000001110101111011000110110
111110110000001101111100010111110111111011110110000100111010
010111001101010101001001101101010100111110010101000010100011
001001010100000101000001110101000111100000010001010111010100
001100101010010001101100010111011111001000101111011010100011
001010111110101110100101011100010010101001100000101100101111
011011111111100101111001011111000101001001111000100011000000
000101011110011000100010111000100110011011001011010000100111
001110010100111100101110111101000111010011011110101000010000
110001101000100001101011110011010101001110010100010101111010
110100110001110010010011000111111110111101100000101010100011
010100000001110111010000000101010000100110010110101000011000
001001100011001010010000010001001001001011111111000011000110
111100010100011100110011111101110010100110001011000010000110
000011011100111100010001101101100011110001001000100010010001
000011101011100000011101100010111111001111100110110111010010
011101010111101001110101111000100100110111000010110110010110
000101110000101010110010001111100111101100110100111011100100
111100001111101100110010011101101001100011110000101101100110
000000011011101010001001100010110001101101010011001101010111
