110011000011111110001010001000001101100110110100001110100101
010111110100001011101001100001010101101111001011010111110100
111001011100101010110011100101110001100110001110110001000101
111001100101010001001010100110010010010101100001001100010001
000011100100111111110101000110110101001101010110000111010010
011001001000001101000000100110101101101100000111100011110110
111110100100011011100011101111010101010100011100010110100101
100010000100001000110101111000011011111011000000010100100100
000011010111010111100000101101111010110110100011110111101000
100010010110101100100000110000011100000001110000100111101010
101011011011010001101111101010010010000100000111100000011100
110110111100101100000111110100100010001001110011010001000001
111000100010111011111110100011011110010011101001001000000100
000101000101011100011110100110101111001000000001101011000011
100111110010010111000101110110001011000101111001010101101110
101011101100101001111111000011000000110101110101111010100000
100110000011011000110010110011011110011001111111111000010001
001101010001001010101010110101100000010011110111001001011110
100100100110100001000010011010101111011010111001000110111100
100010100001011001011010101100101110001110110001100101110000
110001000010001001100010111001011001110001001011010000001001
000100111011011010000001110101100011010111000101110001110101
101000010110001101010011011111101001001000110111000011011111
111100000001010010101111011110100110010010000011000100110110
100001110011101111111010001110011101111010110111010011101111
001000010100001010101101001110011111000010100001101110000011
111101001000110010010001001110010111011000010111111000000001
101101011110110000000111110011010100100010011111000010101001
001100001111010101100011100111110110111101010011111111001011
011011000010011100110001101000010010110000100101010001100101
010100000100111110010101011101011101111010101010111110001001
001110111110101011100111001100111110010110100101110001001010
100110110100001001100001001100101111011110100110101100100100
001000011111011010011011111100111110100111000000011101010100
101011001001010100010111100111000001111110010101100001111001
100111010101110110011001101001101110111101111100010110110010
000011001001011110010010111001001111110100000001110111111110
010100001100110111001100010001101001110001011001101111010100
001010110011110011011101111000111100001011111100111011000000
111010001011111011101110111010110011110101100101000100011101
