101101011011110111100101110100100101101001000100101100101001
000111110110111011100100110010111010110110011010001110001110
110100100001111101110100001100000000000010100001000110111010
111011100001000111111011101111111001100000001101111011100110
000100000100010110110011001010010101110001010011001010000111
101100001010101111110111001000010111111000110110010010100110
100101111001110001011111010101100010101111100010100110111100
010000110000011001110111111001011001001110010010101010101000
001110101100101001100101100010110100101101011001001000001010
101000010011101010101100001010011011001100110111111011000111
100000011101111100101101111000110110000111111011000111000101
111010100101001001110010001111001110001101100001011001011000
111000001001001000001110001011110110101000110111010000010110
001100110000111110101110011100011010100010001110000001001101
100010010110101110111111100001011010101101011000010111110110
100011001011111000011000000000010110100110011011110100101100
011101101000000110001010001101110011101110100000101011010110
101111110001011011100001011111000110011100001111010111100100
101000000010000110000001100010000111010011100010101111111101
100110110101101010010111101001110010110000110110100000100000
111000011111101000001010000101110101110111011111000001111001
100000101101010010011111101001100010001111010001110010011111
101101000001100001000011010111100011101011100110101011011010
111000101000010010010110110100011101010110111000011101010000
001100011011011100001001100001000001110100110010010100100001
010011100110111101001101001000101010110111010100011001110111
100010010011000101000101010101000000101110011001110001100111
111110001101100100010010100011011000101010000000101101010111
110100101001000110000011110011111101111010011010000011010011
001100101111100110101110111110111100100001110001011011011010
101101001101100101010100110110000101001001011010110110100000
110110101110011011110000100101000111000101011011110100011001
110110001100100111011111100000010111111001100010110011101001
111001110100011110111010100011000000010100111001000100100001
011000111011111000000001100101000011001110000010100000110011
001010100101100101000111000010010110000001010110010011101111
110011101011001010001010100001110001001100001110111001111001
011000101011100111100000011111111001111110100000111100111110
001001010001000001110100110110101011100001000000001111100001
110101000101100001010001011111011110011000000010010110100010
