101110100000101001110110100011111010100010010100010000101101
011110000101100100110010111010010010010101001101011001110010
100111011001011110001011111000001111100110010000010101001101
001000000110101111100110011010011001100110001101000100101101
100101100111000001111000000011010111001010101100101000011010
011110101010010000100100011010010011010111000110011011001111
011110010011001100100111100111100011101101110001111010011011
001111100000100000011101101011110011010000101111010000000110
101111001100110101111011000111111000100010011111111110011011
101011000011101011100111100011111111011010111111000001000001
101011000010000010110010011110110010010100110001001101101001
001001011000011010101101100000011111011111101011000010111001
110100011010100011000101100101101100010111110100100110110001
000111001010000100000100010111001111011010101011000101001111
000110111011001011101001000111010011011110100000011011101010
000010011100011101110100110010001101000000101010011001100000
011101110100100111010100000001101110111000001000111110000110
101001011000011101100101111000111010100010111100111101011110
001111111001010111111010000001001110001101011101101000000000
010011010001111010110001000000011000101100000100110000111001
011001111000110010110111110011011001110011100100110011110101
101001010111001110110101010101000011111100000001000100011101
111011011000011001101000110010100111010101110100011001000000
010100100000011000110100111011011000101010000011111001111010
101101001000101100101101001001100011100101001000010001101000
100111011011100101110010100011100000111100101000001010011110
111010110000010011101110001111100111011010010000101110000010
110010001000001001011111010111010011111011111110000100100001
010001000010100111000100000001010101110110101101010100011011
101010111101010001100110100111101111011001100011010000000010
011111010101000001000111111001001110011111000111111101011000
011100010111111100110000001111011011100010101100100100001011
110101100000011101000101101011001100000101001111000010011001
110010111111001001111010010100100100110011010000001001010111
100001110001011111001010010100000000010010101101010101001001
010001110011100010100001110011001100001001110100110110101111
100001111000100001100010001010111100101010001111011110110111
110111011001001000010100001111000000011100110100101110110101
001111111010100010011000010100001111110111001001111010111100
010110010111000101001111010000010011111101010100110010110111
