110010111010001011101001001111010100111101011011001011111010
110011100110100011000000011011001111011101000000111000001001
101011101101011101101110100110110011100011000111011101011110
100100010111111101000000000000100101100100001011000110010001
111011010100111101001100011011111100101110100001000011011100
111001001001111001110111010100001011101011001111110010011100
001111001110001001101100001101000010011111100001111110010101
110001011011101011001111011000100010100111101001101101000000
000100001110110000011110110000011111100000000010001100100000
100010000110000011111011110101010011111101000111001001010101
110011010001111101000000101101000111101100001110100010001101
110110000010101010011110010100011111110000100001111001010000
110111001100001011001011101100001111010010100100001011010111
011011001111101101110010111001011011000000000000111111011010
110010100011001001100000000101101000011010111001010001110000
010000001111011101001101100001110010011010110001001111010011
101000010011110110101000011111000100010111100111011001000000
011000101111111101010011000010001100110101001011110111000011
110101111101100000001111110000001110101001000011110001110000
010101010100110101000111100000000110011000101011001110001110
101100111001001010001111011110011101010111100001110000110010
110001010101010001010111110101011111101010110000000100101000
100011011001101101101101101000000000010101000000111011011001
011110010111101100010110111000101001000110000100111111110001
111111110010100001100001011110111100001101110101110100110010
111000010000001100101011111101110111111000001100011111110001
010111000111000000101001010000111001011010100001101111000000
001100100100001101001101100000001100101100101111110000010011
011011100011000100000110000000111111001000100011010010010111
011011111001111110100011001110000000100111100100000001101010
000010000001101010100100101110001011101101110010000000011111
111001100010000001010111001110111111100101010001011000001010
110001001100100011100000101110010101000001110110111110010010
000111111001101101001010111100010111100001011001110000001000
001010100011101010111011000110001110101000010010100111000101
000001000000111111010011110011000001000000111000001001101100
010100010110100110011011001111010100111001111011100001010011
001110000101011010101001110100001010000111100111000111100011
000011111110111000001000100000001110100101001110001001110001
001101111001011111111010001010001110010011001000100001110101
