110110010001111110010110110000111100000101000010111100011101
011101100110011100100001000001011010011011100011010111111101
110110010111101011110100110100010110101011010110110110111000
000111110010100000011110000101100110001001000001111000010100
101101110100011000111111101000010010110011010010100110010011
001010110011110100101011111010101011110100000010111010000101
011111110001101010101111011000101111000101000101011101100111
011001001011100011010101111000010011010110110110111001111100
110100111000111110011000001101100111001100100010000010000010
010111110110000001010001010100000011110110011010111001111100
000000011111010001010001100101011011110111010100000111010000
110001001011001101000011011111111101100100100100101111111110
111100111110111000110011011101100101011001111010100101110011
101011000000000000010011011100110101101100100010011010001010
010110100110000010110111110010100001101111111111110000000100
011011101011110111001100101101010010100100010000000001111111
101110111100100000010000111000101101110101110111100111011000
010000000011110110010000101110101100011101010110110101011010
110110110000000000100101101001000100000110111111100100000101
000011101111011100110011111010100100011110100101101101101111
001011111001101010101100101101110100110101101010111110000100
001100010001111011110011110010001110010011110000110101010101
111101011010001100111000000101110011010110011011100000110010
100101110000010010010001100101001010000000010010110111111000
101000100111100111001011110011110110001100010011001101100111
011010010100011111110101011110100111100101100010100111100000
101010111111010111111000111011001000110100011010110101001111
010010111111100001000110010111110111110111100101101110000010
100010001111110100010100010010110110110011110000011010011111
111111101100100011111110010101010010101110010100001100011110
101100011011111111010001111001001111101000111010010011101110
110001010001110011010010010101110001000001010011100111000000
111001010100010100000000111111100011100110010100111110110000
000010000101100101100000001000001000101100110000011011001000
101000010111010000011101011100101010101101110100000000100011
011010101011000100100011100110011000101010000110000110100000
001001100001111010010010001010110010011001111000010111100011
100110000001000000011111110110000110010010110111110110000101
001000110011010001001100001011111101010010111101000100000001
100111001001100101100010001010100110100010000001100111111000
