111010101101101100101011101100000011011110110010000110011001
100101011101011111100010000101000010010111101011110011010101
110110010000101101110111010001100100101010010001011101101110
101011011001010111010000111111111011010100011111100010111111
011011101000001001101011010011110111111101010000111100011000
001101110100110010101010100101110001011110100110111000010101
000010011101111011111001001110111010101100111000000111001011
001100111000001011111110111100010001100111111100010011110110
000000111100011010111011110001111000001100110010001100100110
111111010110110101011001111010001011100110011101001001011000
001110011111100100011011011000011100101100000110110011100001
001100110100001111111100010000001100010111011101010110100100
010101000101101111011001100011011100000011101101010010010001
010111001001100100001000101100101111110001111111100110000111
100001110011000111000001011010111111010111101110011010001001
010000100100010101110010010000111001001000011010100000011001
111110000010110110010100010100110000101101010100111001010001
101111000010110010101010100101000111101000111001101101001110
001100111111010100011111110000111011111101000011111110011001
110011010100001111000001101011001100000110100101111111010001
101001110101001010100101011010110000111010100100111010111001
001000010011001110110110011101000100011001111000101100111100
110010101110100010100001000000100001000110111010101011101000
010110100010000111101101001100100001110110011101000110100101
001110111011000100011111010101001110001001100010001111101100
110101111011101011101111111101111110110010101110101100010001
110010110000101000000100001001010110000101011000111100100110
101100100110111001001100000100100101000000110111110010101011
011100010101101010010110110010000010111000010110001100110110
000111000110111001101010000010001100001111110111101100111101
101001011011111100101011001110000111101001111010001101011000
000110011101100001011001011101000010111010110011011010011111
010100100110111010010001110110110010001111100100100100011101
110010111111001110111000111100011011000001111011101111100000
010110110101100000101000011111100111110010010101110010001001
110000001110000000100010010010011001001111100110001000000100
110000101101111011110111011100000000100010110110110010000110
011111100101110000111011101011101111100110000111111001000001
100111000001101101000100111011101101010010101001010000000101
110101110101101001110110110001110011010011011000010110100000
