010001101101111100111011110111101110001000111011110100110101
001001000001100011101100111010110000000100111011111011010111
000100001000001111110000010110111001100011101111001110101010
001010110011110111100000101101010010101011110001001101101100
111110111100000110110111111011110110010110011010101100110000
010111110010010111100110111101000110100000011101010001001110
110100001110001010101000111001000001111111110110101100010010
010000001111100100111100011101101101100111101000010010000011
010110010010111010000111011100111100100110010101010010001101
001111001110101011010101100100111001110000100000010000100001
100111101100000011001101010000010110101001110100011110110110
000011100010111100100100001111100110110101110001101101010110
011100011100010011111100000111001001110100111010101110010110
000100111101110000110001110111101111101011000000001001111011
001010110001010000101101001001011011000000110001000001101011
100100111101001100100111010010100110000011110011011110111001
111111101000011110110000010111011011000100101011001010010100
011010011110011000011001100111001001110010001011101110111001
101000100111110001110001100101001110100000101110100101110001
111101010000010111101010001101101011000101101101111001111011
000100100001000011101100010110110100110110100100010000111011
111111001011100001101011101100011001100011001101000001101011
101110100010100000010001110100011111100100100100100011010010
010111110011111100000000110010010100111100100011111011010100
111110101101011110000110001011101110101111011000111100101000
101111000100000001001001011101111000111010011101110100100011
100111000001011110010010111010110111111011101100101100010111
001110001111101011100100010110001101011110010011000110110000
111000011001001010011101000010001101011010100010000111010111
100001100001110110011111010111001011000000001111100010001010
000001101001000011101100011011111001010100110011101001000110
110101110001101101110100110001000101101011111010111011110011
100010110010001101011011001000001111101000000101001001001000
100101010000000001110110010110010001111001101110001011110110
010111001100000010101011101101101000101100101010100010011010
100101101010000100000101011011010111010010011000010010001100
111100010001100100000001110101101100101010011111011111000111
010111001111101001100001001100010000001000001011010011100111
100111101001010111000111011101011100111010010111111011000110
111011101000000111001110000111001101111100101001101110100001
