011101100101011111100011001100001100010001000010110010110001
000010000101011000001000100011101000101101110111100011100110
011101001001001010101100000101011000001001110001000110111111
011111110010110110011000001101011100001111001001001111011010
010100000010110000010101110001101100100010101010010111110110
000000001110010010011010110111100010011101110001011011100001
110101111010010111111001011100101000000100110011101101011101
101000001110100010110111010001001101001101000000101111111110
000110010010111011111011000001110110000010100011100100100010
100000011100010010100101111010001001011101000111100011010110
001110011100011110101110000000101000011001101101110101011001
011111101101101001101010111110110001111111010011010111011110
111101000011001001100011110000100001001101010100110000101111
001011100001100000011000011110111101100000001000101100101010
011110001101011010000100010000010010001111010100011110010100
001001110110101101101111110110010101100001100111111100000100
111101101110111111101111011100110000011010011111000100101111
110001111101110000011011010111110001000101000110100001110000
011101011100001111010110011011101000101000001101100111101111
111110011100000101111000010111011001111100110110000010111110
110111100100001000011001101110001100100100000010000110101101
011101001000001100111110100011010111101101111111010101000110
101010010111000001110001111000111111010010101111100100011111
110011100001100010111000101011010111000110011110011111001011
101000011100001100000110000010101100010001001101110101000111
111001111011100100010010000110110110111101111001100110001100
011001011010000010100001000100001000011001001011101011011100
011111000111011011101101100000100110110111101010110111100011
111111100100100001111100110010111111100110011000001110111101
000101000000011001110100111000101110100011101001011011100111
011000000110011011010100011001010011011110101001010010101000
110111001100101011000010011111010111001010010111000000111111
010110111100010000010111000001001111000101111110111001010000
101101010101011111111101000011101010000000101101100010100000
010111111011010010101110010111100010000111100100000011011111
101011101000101100100110010110111011001001100011000010101010
010011111110111110111010101110011011111111100000101100010011
011010000100001100011011010100000100000011110011111010010010
100101010100011011110111111100010100000011001010110011010100
101011110010010101010101101010011111000100100111101110010100
