010010101011101100011000101001110010010001100001111111111011
000010110111010101101010001010001101010001111000010100110110
100100100101010110111100110110111100001011010110110000110110
011101001001001000101101110000011011100101101110000100011101
000100110101010001011011101011111100111100001000001011111111
001111000110100101101010011011010111011100001001011001011011
011110100010111010000011001101000000100110010001111000010110
001100101110011100000111110010110101010000001010000100010001
110000110000101110111100001010010001100100000000011100100111
101110011011101001100010111010111001010010100001011000111110
010010101011100000110000111000110110101001011100000010000011
111011010001100111000101101111101010101011001111001011110000
001100100000101111101000010110111101110101010100011011111111
011100001100111001111001001100010101110101001010111001100111
101111010100110010101101000100000100010001111111110000010101
001000110011010000000111111011011101000011111001001101101101
100111110100001110111011000111100011011111001111100010010110
010101100011100101010111111011111010110111110000100111010100
110001000110001100110011001111010110101001000101000011110101
111101000110100101010010101011011101011001111011100101100011
110011010001001011001001100001001101111101100101111011100111
101010011110101111000101111000011101101010100001000110000000
100011000111101101101110110110001101000000010011101111010100
010101000000110111000010110101001100101101101110011110010110
000001010111001110110000111000011010100100101001011101011010
111000101011000101001001101001111011101110011111010001110000
011101010000001110100011010010100001001010011100000000100100
101100111000110001001100100111000111111001110110010010000001
111101101000110000001010000101011010100100100001011100111111
010101001011111000011011110110111110111100101001100101110001
111001011110001111111110101111100010011100100111111110101101
001001001000110001111110010101011011110011010110001011100101
001101011001000010100110001001001010101001011101011101001001
101010110111100000010100010011010101011111001000101000000101
101000001000110010001000110011111110000010111111101011010011
111010011001101000101001100011101100001010001101101010101001
100100010000110101001001100011101010101001101010100010011100
001110100011001010100110110100100111011101010010011011000100
010100010100110000000010101000101100100011111001011100001011
100100100101000001000010111010110111000110010011000010100000
