001111111101111000111110101101000110101010001000000101100001
010100111010011001000101000010111101101100110001100110100101
011111010001110100100011011001011011010000001111100000000101
101000001101010000100011010010110111010001110011100110101010
100000110111010010001110101001001000101101011100011010000000
111110010100110111101000111101011111000001110010011010011001
111110000011100010010000101101011111111000001110010011000100
001011011000011011111111001010010010110110110100011000000000
110011000001110000000110010010001011001111011111000001001011
000011101011101000001000001001000010010010111000100111110110
011110111010111101011000100101000001011011011001000001101001
111111110010001011111100111000111101011101011011110101000001
011111101001010011001101101011011011111000001111110101101011
010111001011101011000111101100111001110001011010110111111011
010100001010010010010011001010011100000010100001101110100000
001101011111001001000100010001101001110111001010010011100001
000000101111101000010000111110100111011110100111010011011101
101011010010001000110100111001000000110011110000011111101111
011101000001011000001100101000001100010010111100110111100000
011000011101100100110100000100011011011010010111100101010000
000110101110011010010001011001011011001000110101010011110010
101000010110101100011110000101110010111001110100110101101100
110111111100111011000111110001011111010010010001111001001011
000101011011011111010001000010110000100111010101011101001110
110010111111001110110001101111011111001010111010101100011000
100110110001111110011110101011100110101001011000000101011010
000100110110101111111100110100100011001100110111110101011100
000110110110110000100011111011001100111001101001110010011111
010000100010111000000100111010000100111010100110111101100000
011110000001010101111010011111100101111101100001001110011011
000110111110010000101110110100110011110110110011110001011010
001000001100110001010010011100110110100111101100010111010101
010000000110000101010100111101110000001001001110100101100100
110000110000000011010011001000000001011101000011011011011110
000101101000001100100100110111010000001011110101111110101010
101010100010011010110110010000101100011000001000011101101011
100111001010000101111010001111011100000001110101011011000101
001011011010101011001001000100011010111000000100111101100000
110101100111011001100010001010110111001100100000001100000100
011110101100001010100110000000011011110101101111001010111000
