001100011110001011111000100100000111100011110000110011011110
110111100111000001100101101011111000010100111111011110001100
110000100100000011000011101011101010101011110010101000101010
001010000111001001101100110010101000100100111111001000010010
100011101100110111101001010110000101011101111111010111000111
010101100101111111110100111110100000100000000000110100011011
001010011001100000000100000000111111110111000010011010000000
110100011010010100100111010110100011101110000011011011101100
001010001010010111111111111010101010001000101010001100110011
111010110010000100001001111001110100100111010001001000111100
101010011110010001011101001111100010001000010110011111011001
010110110000010100011011010111110010110111100000010101000001
101110001010110111000000111000110111010101010110011000000010
000000010001001010001110111100000000010011000010001110000110
001011010100010110101110110101101100001011000101001111011111
011011000100111001010011001101011000010110001001010110001000
001110110111111101101010110001110010000011100011000010011111
010010101100110010010100111011000000001001001001101000001010
110001110110101001100000111000111100010010001000010101011000
101000011100100010010111001111011111111000101001100001110111
110110111110111001111000111010101100111010000001110110000010
110111010000000000110111101100001000100010100100110111000110
110001011000101000001110111000001101101010110110101111110001
101101110010100010100010111010011000111011110000011000110111
010100100111010010101010100001011110000001110101110110110001
110110111010110110100110001011011000111001011110110010000011
000011000110001111010110100010111010010011100010001110000010
010010011110001010000001011111100110010101001100100011110100
111111101101111000110001000000010011000101101101011100110101
001111000011010101000011000011111100100110011011100110101101
101110010100000101101100010011001111100000001111001000110011
011111111101001000001001011011110101100101110011110000101101
001000010101101000001110011101000100001001100000111000011011
010101100011111001100101110111111111000011111110000100100100
110110110101001011111101110010101101010001010001111001000100
010111000010001001001101111110011011000100011101010001000010
000001110101101010000011111100111100100001000000111001001111
001001010011000010011111011000001000010000011000000001100101
000110111110001000001001010111110100100001000000111011011010
111000001100110100010101010110101011010010110010010000010111
