110111111111011101011101100011000001001011111111110111101100
011101000000000001101110110110110001001100000010010000110000
010001010011101011111010110011000100110001111010010001000100
011111110101110011110100110111000100010110100100101101100101
000101111101000011010010101000010011000100011100010011000011
101011111011001111010110111101010011010101101110001100101000
011111011000110101001111111110111110101001000010001110100000
001010001101001001001001110101000000100001110111100100001010
011001011011001010001010000101000001110111011011010010000011
010000100100111110001101000011111110101110010100010010100111
011011011100101010010101011111101100011000011011001001011001
110111000110001000110110000001001100001000000011011100111111
001110001110110001111011101101011001001101110010011111011011
001111010101100010101000010100010100010111000101011001000101
111101000010110001111000110001101011110101110001110100110000
110111000011100001100101111011111001100101011011111000010001
001001001100001111111001101111000000010001010011001001100001
101111011001110001100010101100011100101100011100000011010111
100101101100110011010111010001101001110001010110011111100110
011111110011110001010100111101011001000011111000100001000011
101000100100000010100111001110111000011010001011100000110010
100101000010010011110001100101011001010111111110100000000001
111110001110101101110010011000100011010111100100101101110000
110111011001011100111001001110001010000000110101011100110000
100100001110000001010011101011011101010101001110110010100110
101001100110101000011000001011011100011110111111111000011111
001001111000100000101100110100111110011000000000001100010100
001111010010100000000011101100011110110110100010101101011010
010110000110101010101111101000101111000001101100111000011001
000011110001100000111100000101011100100111101111100100010001
100111111011010111111011001010111100111110111110010100111111
100011010110101101001001111010110111100111011010011110111000
000000011010101111001111111101001101010011111011011110100011
111000110110101100000000011000111101100110001000110110010101
011010110011100000111110101110111100101000010111100110000110
000000000011001011001011011001100010100011000110100001011001
110101101011010011011110111011011011001100100110001111110101
000010111110011000010001001110010011010000001101110010001111
011010000010110100101111000100010110001001111011100011110010
000101110010100111111110101001000011110010011001000001000001
