001101000111111111010110101000100001010111110001011001111000
101111100011111011110010101100111110100011111100110100001111
101001100100110111000110101001110100001000011111101000110111
101010000101011011100110101111010101010100111110010010111110
011011011001101101101111010000110100110110111110011110010111
011010001111011111101011011010101001110010110000110001000001
011011101101010010100001100010110110100111001111110001111010
111111110010101110011101011111011000100110001000001010100101
001011110110100110100111101101110010011100100001001011111010
010000011100110000100110100100100001111001010010000001001101
100110000111010001110111110001101000010010101101110010010100
111001100111000111010101001110100011001000110110001011110110
011110001100110101111110000001111010100100100011000000010101
011001111111110100001100010011111100100111111011000110000011
110101000100110011110110001011011001110110100100000111101001
001100100001011000011111010000000001111010100100101011111010
001010111111100111110001001011111111100011001000111101001010
101100000011100010010101110001001000001110001010000111000000
011000010100000101001010000010101010001011100110000011001110
001100100111111011111001111010000101110100101000000011111101
100000000111110011010111101110101110001001011111010001010000
111110101111011110111101100001010011110000010011110111110000
110000100010001001101100101001001111101000000101010101011110
100011101110010100010100001010101101111011010000010001010110
010110011001110001011100101001111001100000101011100111100001
001100010010100110000101010000101000001010011100000110111000
011011000010001010000001110101101000010000110000110010010011
010100100101101000100000100101001100110001100000100101111011
111101011100001011111111000101011100011100000010010110111010
110111001100010110010110001100111011100010101001101100001001
000111110011000011011100100001001111101010000001001011100101
011111100010001010010011111000101001111000100101101100011100
001011100001010010110000010010000010101100110100100010111101
010000010111110110010101110101110110000101111111001001101010
100010111111111111000100110110000001011000110110000111011110
001010000100110101001000000101001111110001110001000110001001
001011100110111000110111001110110100001101101011110100110010
000001011100110110100110101010001000011110000000000011101000
100110111011101001011001100100010111011010010010010010001010
001000111000111001001100101111011100010101110000000100001110
