100001001101101010010000101111001011100010111100110000001000
010101010001011101100011110100001101111011100001000000000011
110111100101110010001001110010000110100110100011110011001000
100000100000111000001110101110001000110101111100010110100110
000110001111111010011111001110000010011110000001110100001000
101001111100000011110011101000011101101011010001000001010001
010110110100001000011011001000011000011001101100001100111100
011111111101000101011011010100101010001100110100111001101011
110000110110111011011000111101110100000010010101100101100010
011010011011011011111111111011010100011101001111010100110110
001000001101001101010101111001110011011111010100100101011100
000000101000000101000110000001001110110101100100001111100001
011000111111101000000010011111100011000000110101010001011110
100111000001111011000011101110001111011010110000111001110011
110111011011111000100111011011100110100111001100011001010111
000011111110110101001100001010010001100001000010011010000011
111001101100011001100100111111001101101101101000000010111001
011000011110110110110011101101000110010111010110011000010011
001001100001110110000111111000101101011001001010111011000101
001111111011100111010001010010011000111010110100111011100111
000010101010010101100110111101100110100100010110001001110001
010111001010010000101011001100000000001001101101111101100111
000011110011011110100011001100101100111010110111001110000011
010000011100010000110001001111010001101101110010010000100000
100110000100011100110111001010111010000011000101110010010010
101100100001010011110010011010001110101001110101100111001110
011010110100100010111110110110100101001001110001001000011101
101101100110001001001001010111010011100001001111101101110101
010110001000001011000000000100111000000001001000101011011111
101110110100101010101000000101000000100001100111010011110110
100100110001011101101111000010001100010110010101110110011110
110101001111100001000011100110010000100010001110110110011011
110000001001110001011101001111010110101110000111001011101001
001101110011000110001011010001100100110011111101011111111111
000001011100101111011110001100000100011010010111011010101101
100011100011010110110001110101011011001100100110011101101001
111110111011011111110101111100001101111100100100110011000011
011101001110010000001100000000111010010001101101110110111101
100111010000101101100001101000110010101111011100101100011010
011110000000110001111011000010110101011010001000110010111111
