111010000110010001000010010010110001010110110011000110001000
110011111000011001001101000000110111001110011100010011011100
101010110001001110111111100001001110101001000101111000000100
101111001011100110110101011001110010110110000010010111011110
111000000011000011100000000111011101001110101000100011100000
000010011011001001000100000011101111111011000001011000010000
011011011000111101010110000010010001011100111100001101101101
011011001000110100101101111001010000101001101101101010011111
011000110101000011111000011000001010111100001101010111001010
010110010010100011001011000111101100111010011010100110000101
101011000011111011111110011000000100001001110001010111010111
000101000110111101001010001110000101001100001110010110000100
011001100100010010100101001010001000111001010000001010000100
001010010011000101011100101000011010001001000001000011000110
101101000110101111001101100101100010000000111110111001101000
000011101011000011110011101010011000000111000101101111000100
011011001100100011101011000011111010101001100111111101100100
001100010111000001100101100111000110101101110110110011001101
111011110001000100000010011101101110000100100100111000010011
011010011001001011011111000111100011111011111000001101110000
010011111000001101111010101110010000000000010001001000010010
110010000010111011100100111010011000010110111010100010000110
011001100111101010110101011001000011111000100101100010001001
110010100011100110010010001111110000010110001101001101010111
011010101101100011111100000010011000110001011000001000110010
100010100111000011000101010011110001001111111010101010101000
100010100110111111110011110000101101111101110001001001011011
110101000111010101111000101111110010011100000010110100001111
111111110111100011000000100010100011100101001111010100110011
110001111010010100111100111100110000101111010001111000000011
100010001000111011101000110110011000000001111001010011111000
011111001001101000101110110000000011101110110010011011011111
001111001000010010000010100010001011100000011110010110010010
101010100101110110110110101110001101010110000100111101001000
010111101011100100101001101110111110000101000010110101111011
001110000110110110001101111100011001110110000011111010110100
111111110010110110001100111011001011110110110000111100101001
011100100101101011010011100101101100011111110000000001010110
111000100111100001010001001111010010011010001111100100000001
110110011001001110011101110110011010110110001101111110111101
