001001110110010000011011001101100111000010100110101000101110
011110111010101010101011101011100011100001000001001000101101
101000011010011111001010110100000011001010000100100101111110
010110100010001111010100001010110001011101011100001001011100
000100100011000100001011011100000111011011001101100110101101
010000001100000010000101010010110110110110000011100101110001
101110111010101100010001001111110111010111100001011110001100
011111101011001011000000011101110011011000101110000001101001
100010111000001001011010101011011011011010110001000001010111
101100000111010111110001001010110110000111001111101100011010
010000011100100110100101110111000110010010101100100100111000
010111100111101001101100000000000111011001100010101100101100
101111010001101011001110110100100101001101001010010111010001
100101011011010101010000101000000100001110100001100010011001
001011010111111010111111110111011110110001111011011011110110
010011001010101110000011000011010110010010000001001001110000
010101001100110010111100100110111001110010110111111010011001
000100111000010010101010000011101110110010101111100000011101
111101101011010010111100111001010010100000010110100011001010
110100011011101001101010000110001011010000000110110001000101
011011101101101000000100111101001000100000110110110100000001
100100100101011011100110011101101111110001001011110000000100
111111111001011101011110111001100100100100101111000100010101
010000000001001110001001110010001001001000010000110011000100
101001001011110001010010011101001111110000000011111101101001
101100011001001000000110000001111101010011001110111011110011
110010001110001101111101111110011100111111110010110011101110
001001011001010101101111011010110111100000000010101011010000
000001000101000111001110111000101000101101000010110001011011
010100100000111100011101011100010000011101101100111101111000
110001011100101110011110111010100011010100101111001110101010
111001111110111100001000001001011011001000111101100011001110
110100111001101111011100100010100110111011101010001010010001
110100010110010011010011001001000101100111010110011110111101
010101111100000100000111101100011100101010101001011000001101
110100110101110111000010111001000001111000110101100101001011
001010101011000001100011111100110000001111011101110101110001
111010110001001011110010001110110110110011001001010111011100
101101001011011101000111011000000001010010001000000001010011
100011001010111000010001011101101101010010111111110001010000
