000001111111101010001010001000010110100011111001000101011000
100110010011110100001111010010111100101110010011110110101011
101110000110010111001011111010111100001001101100011110111010
000000010111000010011011101010111000101110010011101101110111
001010011100101011011111011001101111111010010110000100111100
101100110000011010110010110110000000100101001100011110011010
111001011101110111001000110101000101101010011001000010000100
110000010010001011011111011110000001101010011111010100011000
100000110010110110100000010111111110100111111010110001000000
111111000010100000010101010011101100110110110110110010001010
001110111101000001100111010010100010001001110111111101111111
010010001110110100101001111101111110000100011010011100001110
110011101100001101110011101001000100101100111101010010100101
001011111000011011110001010110100001110000100100100101000001
100110110011001100001011010011101010111110011100100101010100
100011000010001110011101000001000101001000100100101110001001
011001111010100001110111110000100010010111011010010001000011
011010101111110100010000011110001011011000101101001011001110
110011000100011000101011001000111001101001001011101110010101
100110110001000001111111101011101000010111001011110101101010
001000000011111101001010010001101010110111010111010101111001
011000010111011010111111000111100011111101001000101001010110
101100100111111010000001101010100010111000011010000000111001
110010001111111111111011100110011010110100000001011011010100
111010110001000100011100000011011111100110110000101011010111
011011100100100011111010101100011100101011011100111001101000
111110100110111110101000100100101100001011111001100110000001
100110110111110000000000001111001011011001001001010111010110
100000000100011011000110100111110011010101101010000111101011
101111010010111011110110010110110000011010101101011000110101
101110010010000100001100011111000001010011010010100010111010
110110100001111010110111111011001010100010100101011000010110
110111111010011100110110001011000011010000101011001111101001
110101100101001110001000011011010010000010010000010111010111
101001111111001111100111100110011100000100111000010001110001
000001010010000110111011000101010101011000001010100111110100
001111101010011001110110101111011110100001011010110010010010
111000011111010101010111100111010010110111001101100111101010
000110001111010001100110011101010100101010001101100110111001
111111010011010010111010001100100100001011100000001100110111
