000010111110001101101111000011111110001011100101010101111101
110110100000000100111111011011110001000100010110010100011110
100110111010101010100010001101101011010100111011010010110111
010110111000000100001010100111011011011111111101000000111111
011110100001000100101011101000000011111010110000011110110111
011110010111001110000111111010010010110111110010001011010000
010011010000101110111110101111101000101110100111000101010100
101000110001011110111010110111111111100001011001111100101010
011010011100111101101001100100011010101001011110001100001111
100011000111001110111000001001111110011110011101100110111110
111001110011011011000101101001010000100111100000100000011100
000000011100011000111110011000001001000110100011010010011111
101011101000010110111110010111011010001100011111011001001001
010000101110000111011110110001010011101100110011001101001000
011110111111110001010110100111110001111111001100001000110101
010000011010101000000001000001110011011001011100100100100100
101101110101101010100101110000111011010100100000010100010111
101111010001111010110001010100101000001000101001101100110001
011111110000010000110011100110000101101111010000111110000111
111000101101011101010111010110001111111101110111101000111011
101110100111010010011100110101100011011010110101111010110001
001000001101001101000000011111010011001101111000001101000010
100000010010100110101101110011010111001111101100001100001100
101010000011011001010011011100010000000110100100001111110011
110001110101101001011010011010001001110100010111101101110100
110001010000110001101010010000000000001110001111010100100101
011111111100010100001010000010001110111000010000000010101111
110010011001111011101010010101011001100011000011010011000110
101011000100110001111001000110100001001010011011100010001000
000011001100010000100000010000100010010101010100000000010100
100010111110010011011011101101100100101011110100100110000101
111101111010001101000010111110011001100100000011110101001000
110100010100001110000001011001101110001010001111101001110011
001110001111010000110110011101111010010100010011000011001111
111100100101100010010101111111111011011000100010001001000110
011110011110010101100011111101101000101111011010110100110110
100100011011110110000110100001110011001000111001100010000011
011100110110100010101001100111001111101010001111110001101111
110101010110001111101010110001101000100101101101000101001010
110100110111001101000110111000111000101111110101110000100101
