010010100101100000011011110110001110001000101011111100010101
010111110010000111000001001111110100111100001110010110110111
001001111010101101001101100111010001110101001011011011010100
110000110010000101000011110101010000010101011101000011101010
110011110101100100010101011100011100100000100010011011101000
100000101000011101101100100011110110101110001110011110100000
001010111011100110001100000001110110001110010111101100111110
011000100010001100001011000010110111010000011110111000101111
101111001100101111010111111110011101110011110000010111011000
100101001100111111101110111011101111100110111101100110101111
001110111111101000011111111000011110001001011000001101000001
010011011111010100000111110100100110010011001010101001101110
000100101001110011010001000001101101110011100111011100011110
111110111111101000001000000101111110011010011101010110010111
010011011011110001001011100110101010100000111101110011111000
000111100000001001111011101101011110001111010010010010110010
001100101010011100100010100110011111001101000100110111100110
001110010010011110001111111100000011100001100010101011101010
101101110011100010010011111101000001000000100011110100110101
010000000111010111100001000000000011101011111011000010110101
011010101010000111000001000000001101111111001110000110111000
111101111000010100100111010000011010100101011111100110000010
010100111010000001010110100100000111100111000111000101001010
100100100000000110100100010001100010010110011001100101000010
010100011101111010010011001100101011001110000101001011000011
011100111001100011001011010010110111100111000010100100100010
001100111001100111111100100100010111110010111011001100011100
010101110010010011011011100011011011000001100001100000010001
011010010011011101000101010111101111110000001100100011001101
000100100011100110101001101001010101110010101110010101000111
011011010010101110010101001000010110000001100111101101011111
001100011101011001010100111100111011110011000110011101001100
111100001011110001010100000011101000010011000010000001110000
000101111000011000011000100110111110110110100111101111011111
011110100010001110110111100010000001100101011111001011010000
110010010001101101010010101011001110011010111111001010011110
000000110111011100010010011100111111010001111110100001111000
011001110011111000111110011110101111001011110100010110010101
111110000110010110000111110010100101000101100110011010001101
100010111110110111111011100001000010101111110111000101111001
