110000100011101100001001100010101101011011111101000111001111
101000110111000000110110000100010110110010001111110010010011
000010001110101110000001110011111101110101001110000001101000
101010001101010101101101101111110110001000111011111011000001
001100010011011010000011010001100011101010001111000011110001
101110010010001111001011011011010101101101011011101101001000
101010110110000011100110111111100110011111111000011110100101
100011001011110111011011011011000001010010110010000011100001
011000011111101111001001100011011011100010011110111100100001
001100101011111101011000001000001100110101011011001011101011
011010111001011011001010110101100001010001101110010010111111
100110101001000100100110011010111010111000100011001101011110
000010001100101011110110101110000110100110111111111010111011
001000000010111001011110110101011010100000011100101000101110
111110111010101101110101001011101001000101001111001011001100
011110011110101111010010001000111000110101001010110100011101
011100010100011000110101100000100111110111011101010001000000
110001000011001010101101011011000001000001101001110000110101
010011111100010011111111101010011010100010011010110010100011
001100010100101101101100000010011100011111011110110100111000
001100011111101000001001010010110000100001101100100110011000
010111000101001000001000111111100111110011111000111000110101
010001011101100110010100011011111000111000110101110110010011
000111000011011011110001110111010100000101010011110001011100
010100101011100111100111111001000010000011011011001110000011
110111000010110111111110000110111110111101100100000111010110
010011010100101000001010110001010100111111000011110110101011
100110110111101011101010111101111110011111111100100000101111
100101100010111110010100001000011100100000100111000111100100
010001110011000011101000011000100011000110101000100011010111
111011111001111100100011110010101011100110010011100001111101
101100100111111100101100000010101000110011111101011000101010
000111010100111001000101100111000000001111111110000011000011
100001111100000110000000000010001000000100011000000001001000
001100111000010010101000010101100110111010011111110000001011
011100111001101100010010100000110111000011110010001101010011
000011011110000001111010100011000110101010010110101101110100
101110101010001010100110101001001011111111001001010110010100
111010110111001100110100110000100000101010101101111011011101
101001010010001101101111000001101111000111001011010010100100
