000000110100101000100010100111100001100001111100000001111001
011101000111000010011101000001100100001010011010110101111011
001001010111011111110100011000100101111000110100000110110101
000011110111011000110001100000010001101011110101011001100001
000110101001110110111001101100011100100101001100011010101111
111100001100110111000000101101111001111111100110101000111100
101100100000101010101110100110010110011011000110101101010101
111010010001011110000100001100111110101110110110111111100010
011111100110001011001010111000110000011110000100110110000100
001111111100101001010111101111111101000111111000110001110110
110001100000111111001011011000111011010100010010001101001011
101010011010001011011101111110110001000000100010001110111011
011001110101110110011111110111011110100100100111011000000000
101110001111100010100101110010100111100001110110111011111101
111101110001101000101110010011110000100010101101000010001000
101011110100100101011000101111110101010010110001010110111100
010101100100100101110000011111101010110110101011100110010001
001111101100010110011000110101110110100011111000011011011011
111010001101101111101011110100000011111010111011101110010010
100101011111111011010111010111010010001001010000110111011111
100100111000010110000011100010010010100000100101100101000011
000111011110101011101010001101001011111011000110111011000111
010111111101000101000011110000110010100111110110100100010111
000010111010011111010110000111110101010001000011110111101010
001011101110110001011010000110110111010010110100111011111111
001110101011010101100000101000101011010011000011010000100011
111000011111111111011011111001100010000010001111111110111111
110010100011011000010110000110110100001011010000000011011011
110010000111001010000110100101000011010011001100111011111110
010100110100000010100000010011010010110010001101101001001000
000010011101110000110110111111011111011010100011010111010010
101011111100000101011110011110000011010111000010110000011000
001001101110001101110111110000111011010001000100000011110101
100010001110111111111111010110100111101000001101100100000101
111000001011001111011000000001010001000101101110001101111100
001001010010110111010001100011010101101101101110011010001110
001011000100110000100101000100011000011010111000000110010111
011000000100010000110010011001111110011000000110000011010011
110001010101111101100100110110111110010000011001100100001000
110100011010100000101001110000010011100011101010000000011000
