000101111000110011011000000100001100001000101001110011000111
111001000101000001101110001010000101111101111100101111010111
110000010110010111100000001110011111010011101111000110111100
011110101011111000101001100011011100010011100011101110110011
100011100001110010101001010000100001101011011000110101010101
001101011110011101011110000110010111101001001011110001000101
110111011011000111101000101001000111110000100111101111011000
110110110101000001100011000001100001011001101100001110100110
001011100100110110001111000010101101001110101101100101111100
011010001101011010001010101001000101001010100010011110001111
111111100000011010100001000100001101001101110100100001011100
001001100010011111011100100110001011001100000001110000100011
011100011010110101011000011011111100111101011010000110100000
000011110000101011000010011111011001111000111001000110011001
011010011111010001111101000100011100000010110100100100011011
001100110001110110010010001010101001010111000011100111100111
000011111001100111010011101000100001101101001000100010011100
010100000000110001010111101010000000010000000010011110010111
010110011111111001001010000111010100111100100101001110001000
011000010010110111000110101000100101110001000000100011010011
101110110001100010001110011100110100101101010100100001000000
001000001101011010001011100010010010001100110110000011100111
010111100110101101111000010101101111010111111001111010001010
101111000000000111001110010001110110100011111100001000110001
101100100001001000011000101000111001010101000111100111101100
000110010011011011010110010000110101101000011000111001011010
010011100011000110001000101010000110001101011110011101011111
010101100100111011101100011111010100100011011011010011111001
101010011010010010111101001011110111111100011000000010000010
011011111010000010111111011101110000100010110001111101110100
100000101010010001011000100001011001111111001111100010110001
010011110010000001110001110110101101110110010001100001001001
010101010010111110010101001110001001001100001110010101000101
011001110011000110010010111011001000101111111001011000100000
100000110011110100111100100011100101111110011100000110011110
110010101111011101010110001011111010110100000001111100001000
101111110100000011100010101100100001110110000011111100011101
001010001111100110011111100000111111101011010010100111001001
100100101010111101011000100110100111010100110110010101100110
100110010110111100001011101001111010100001010111110010110100
