011010100001000010001101010110110001001111100011110100110010
000100001110001110010011000000011100100001101110000100110011
110101110100111101000001111000001100110100110110001110010100
000110100100000001110001100111000000010001000010010101110000
111010001101100101101100000101011111011110011110101111010000
011101101101010100111011110001001011001010111110011000100010
110110111011001100011011110111010101011000111000100011001110
110100101111011101100011001111101011001001111110100110111111
101001100010101010001000000111101000000111100101000000111110
001010111000100100000000010100001100101110011111100001011111
101010101101100111001111110110111010101101010001011101101000
111000110100101100000100011100100000010000000000001011100001
001110110000000000011011000110011001001100111101000111011110
101000111100000010110010011101001100001000011100000100011100
101010011010110101110011111000111110101100011101011111001101
001101001101101100111111100000010011110011011000100110011111
111100001101000011110101011110001101011000110110000000011110
111111011010101010100001110111110110011101001000010101110111
000011010011100100101101111101101110111111100011110011000111
011101001100111001010001101010011010101111111111011100110110
110100001111000110110001011000011010111011001100011000111001
011100111110001101001001110101101110011011110100001111110100
111111000111110100011001110001010110111110011010011000011110
111011111100101011010111001110111001111000111111110100001000
011010001011110110101000011000111101100111000000110001111110
111000111100001000001011010110011100100011001110101010010110
011100101110001101000001000001001001000011100110010010101110
111010010100010010110001100010000100110110001011011101001010
010010100100101101110001001100100110111101001000111101101101
010011101110000000011111001001011100111100101011111010010000
110110101100010011110101010111110000101011001011010010000111
111000011100111001001000000101110011011100110110100110011000
101011111001110011101000101000011111100010000100100010110101
001000110111110010011000101111101001111101101111000100111111
010111101100001010111111011000110001100101111010111111101101
010001100110101111100100101101110100111011001000000010000111
011000111101000011010000010100101011111010100001011001110101
111011111001111110100100001101100100011100010011000011000000
100110110001110100101101000100001110011111110001110011100110
010111000000100100101001101000010011110100001111001000010100
