110001101010100001111110100100011011100010100100000100111101
001000101100110001011101010110101000110110110101000011010010
110101111111101001011000000000011110001001111001100011100010
110001110000101011011011011101010001100110011100000100000001
001011001100111101101000000100101010010001010000111000011000
011001100010100000001110001000010011011110011111110011101100
001010011110100000100110110101110011110101011111100111001100
000101100111010101101011010011000110000010110110011100101111
000110101010001111010100000101001100101100100010010111011010
111010101001101110100100101100010111111000101001000011000110
011001011110011110000100101011010011111111101110001101100111
000000111100111000101101001100000010110111010011100100011001
010110111011000110101000100111000100011010010110110010111111
010100011011011001010101101011101001100000010100110110010010
100000111001001101001111110111110000010011100100001111111111
000100000110100110010010110001010001011001100011101110000001
101000101010101111001110001111011001111110111100100101001100
111000111010011010110011100001100001000100011011101110001100
111001000101010001010001011001010011011101011111101101101110
011100110010010101001111110110111010110001011111111100110100
101011101101111100101101111000101100100101011010001001110000
101010110100110110000011011001001000000011010111110111110110
000101001110111010011101011101001000000100110110010011100001
010010111111111011110001111101110010110011010100111101101010
100011111110001110011110111110010001000111010100110010111000
110011110001010001010101010101111001011011001111010010000000
010001001011111110011100011000111100011111011010001011110110
001010111110001101110100111000010010011011001010011110111111
010010110011001010110001101111001100101001111001001011001010
000001101011010000100111110111110111100011100100001100000001
011100011011010111010000110110110101101011011110001011001011
000010101101101010110100100101001001110100011001110010100011
100001001001100000111101110111000000100101000001001111001011
000100110100111111000000111011001001110100110010010101001010
110110001100011011010001100111000001110010100001100000000101
101001111100000111011001111000001011111101100000111010011111
110010111101100100001010101000000101110011100010111100100010
011010010110100011011011001000110011001001011000011001100011
110101101011101110100100100001001011000010011110101101000111
001010100101011010000100100111000011101101001001000010001000
