000010101000011011111001101111001001111100110000001100000100
011011011000100000110011000011100000010001000111001100000001
010000101011000111001001111101000011010100011101110000011001
011110011101101100111011010110110111101100100010101110101000
011111011110010000000000010010010100101011011011110000110101
011010001010111101110111100101100000101001001110110011110010
110010111001111110010011110101110010001110111100100010011101
101110001010001001111010111111010011000100100000000010000110
010110110111101111010011011011110100000011001100001111001010
000101011100010111000100001010011111011100111100001111001110
101111110000001100011110010111010010101100000010100001001010
101010110100000001001001111110010011110000100000110000110001
001111100000100000111110010001010110000010100011010110110001
000001111010001010011010101100110100110100110110010001111101
011001011010101111101111000100101101101101110001100110111100
000100100110101000110001001110010001011110010000101000000111
111011111000110101001010000101111111111010101000000110101001
100010101001000001101000010101100110001010011111000110011101
101011110001011000010000101000011110010110100000111111100111
010110110110010010001001000111000101011111011001111111111001
001111110111011101000100001100111110111110111010101101110111
010110111110001111011110001100101100011001011110001101001111
000111011111111010001110010110111100010100000100010110000110
110110000001101000010101010000110111000111000000000100111010
011010011011111010110000101011101111001000111110100011001001
101001000010100110110000111111110100110101110010000010010101
011101110110100111010000100110111010010100011110110111101011
100101101011100001000001110110101111111111110100110111000010
110011101110110110001011000110111010000000010110110110010110
110000100000000011111011110010110101101000000100100000011001
110011111010110100111110011000101100101111000111111010010100
000011011001011011011101001010010101111001001011110110001001
010010011011101000010101100110111100101101010001001111000010
110010000000000001011001000010101100010101110010000010001110
100001001100000111100111011000101010000110000000001011111111
001110011011110010110011010011100100101011101001110000110011
110001000010111110110010110100011111111110000111101001111100
101100010010001100111110001111110001100101110010110100010011
100000101001001000000001110100111000010110001000111101011101
100011101010001110001001001010101011011011110110111100101110
