1011101100011011001000110001001000100110010001101100101001001101111111110110101101010110001111001111
0000010001000111100010101000000001101101001100001101111110101110101010101101101100000100011100010100
1011000001101101101111111000110100010101110000100110010110101110110110000001011011100001010010100010
0011011000110011111110010101111010011111011111101101010111110110100110010000110011101011010110000110
0001100110011110100101100000011111011001111001000111111011100111101011001001011001111101000001101011
1100110110010101010111001101100010011000100010110011011110001111101110110011001100000110111111101100
0111100011001010100000110101000100001011111001111000101110010010011100001000010101010001001110100000
1001001000110000110010011001101000111001110010000100111101101001100000100101010100110001101110110000
1100101010000000010111010010110011110010001001101111110111111011110011000111100100001000110110001101
1101010111011110101110110001010111110101110011111010111001011100000011101111001110111110001101110111
1001100100000110000001100010010111101011001110110110101110010000010111100001000000111111000100111100
1100011001101101111001010011011101110100100000111110101001110100000100111111110111010001010111111001
1010101001001100001010111011100010000001001011100000100101000110010011011100100101001110010111100101
0011110110010000100101110000011110010000110100101010100000001100100101000011010101111101010111000110
0011100110110010111000100110010110110111011011011111110110010000111000110100100101100001110000110010
0001111001000001001110111011001001100000110000100101100110110010000101010000101000000010001011101101
0011110000111010001110011101001011010010110101101110101100001001001010110011000110000110000001110100
1110101101010000001100101101001100011101011010010100110100011111100100010011110010110010101010011011
1100101010011001110010000111100100000011111010000011000011101010001010110111111000111000111010000101
0010000101111010010001101011001100000011000011111100111001011111000011001100111000101110101111001011
1001101011110101111101000100100011000000000100011110100000100111110011111100001110010000101010010001
1011001101010010100000011110001010011110001011101000001111101110100011110010110110111100100101001111
0001001100101010101110101100001011000011011100100100110101111100011110111000110010010011110011011111
0101110110001010101011010010111101011011110000101001010111001110101010000100010110101010110001011100
1011100100011001010111000011101111011011110010100101111010110100011101011011111100101101001011100111
0000111100010001001100101010111011010011111010100000001110100100101011001000001111110010000011001111
1001111101100001000001111100100110001011000111100101111101110100110110010011100100010101000011011000
0111100010001100011100001001100011010100011000010001000001010011101110000101100101101101010111010110
1010010001000001011011110101100111000001110010100000101011011001010111000110101101111011001001110011
0110011110011110111110010110001001001011110000111110011011010000110000010111111011011011110001011001
1110110001101000101110010101001001101110100101100111010101101010000001100001001000010001011111010000
1111101100110011100011010011100110001000001101111000100110000111111001001000110101111101110111100001
0011001010100000011111000100000111011101100111110101110010010101010001111111111000000011000100011010
0101100111011111001010111010011110000011100001011001111101001110100100110110010001010000100101010001
0100111111001110100001010000000011101010001011010010000011010111000111001110101010000000101111011111
0001010000101110001110100011000100000111011111010000000001000001000001000001000001000100100110011001
0100011100110000111000100010110001011000101000011101000011100100111111000000100110000101101010111000
1001110100010110110101000001000011000101101100100011010111100001001001001111110110110110100101101010
1101110110110011100001111111001111111100001111000100000010001111110110011000101100010101100100010101
1111110100100101111111000111110100000010000101011100001000110111001010111101010001001110001101001101
1110010010111100001001110011111001101000011100111000010000011000000010110100100110100011110010011010
1001010010011011100100001000000011100010000111100011100000001000111101011011100010101110110001001111
0000101110110011011000001010011001100001110110111110000110100011101001111000011111110100110010110110
1110111101110101101011111101111011110000011000111011000110101000001011011001101110000100110001010001
0001110100011001111010100100101001110101001010110000111010110111110100100000111000111110000010001101
1100010110010101000111011001011111000110110110010100101010101010100111100010110010100110100101100010
0011111011111010110010110010101101110100000001001100001100001011010000011000110111010100011111000110
1101000011000110010111010110111001001011001000110000111000101010101101100000010100000000000110100101
0101111011010111000011111101111100100010100101010001010000011111010110100000010010010110010100000011
1100110100111101011111011111100011010001011110100110110111111000110111101111001000110110011111011111
