110100010011111110110111010111101010100001011010011111100110
001101011010000011101101010001011110001000010000100101101001
000010001001001011001010000111110110110011010101000010111111
010001001001100010111001101101011000011110000011011010100110
001010010010110111000100010001100010000011110001001110001011
100000111111100110011011110010100110110101110011101110000100
001111110011011001110001101111110001111110010101011110010110
000011101011100001011001100101111100101010000110010101000001
100101110101010100011000111100011101100000101111100100101110
000000111011100001100001011010101000100110000011110110011111
101110011100101011100011111001010110110000011110111010010100
100111100110010111010001110010110010000001001100000011010100
000001111010101010001001100101100001001101000010010000110110
110110011000100011110111111001010111010011101110001000000001
101001001011001110111101000111000110000100100101011101000000
110010111100110110111110100100000111001001010001111000101001
111011000111000100011100101011010101011001000110010010101110
110000000110110000100010100111111000110010110010110001111111
110010110000111010001010111001100101001011110111110001110110
110010101001010011110100011101101000010010100110010111001000
100001111111100001110100010110100111111011001111110001011100
001000110111010011100111010101100101000010000101011001000100
110001101000100010001001011100000101110110101011111110100111
001001010110011000111000011001111100010010100001111001011111
001001001010101001100010101000000001000100111110110000101110
011101010110111011010100011101100111001011001110110011001101
110001010011100011101101100000000111010101011101100010100000
001100111111101100100001010101110101011101111100000111111111
011101111010010100011000100010111110110110111000001011001111
101011001010010011000001010000010011101101100111100100000011
110110001010110010001011101001100111011000100100010000110111
011110010100011110001001001111001110111100010011100100001001
011101001011000100110000110100011011100101111100101011001011
001010111001111010000110101100001000110111111010111111011000
111101010011100000100010111111110111011110000101100011011101
010001100111011100110000011000000010000011101110010010010101
100101111110010111110011001010111111100111011101110000011010
111101011100100110101010101000001000001110011011000000100010
110000000001111101100110000100010011011110110011001001001011
100111100001101010101010000001101100111111000100110111010100
