110100100111100011010000000100100101010100100000110011110001
110000010110001011011111001010000010001110111000011001001000
000000000111011010011101111100001001001010100101000110000011
001010100011101110001100101100010100000110100000110100010110
010111010010010010010111111000011001000010000000110110110110
100000001001010010001010100000110010111100010101011001110010
110010110010101010000110111010101001001010111101001101011011
010011010111011110110011100110010000001110100000011111011010
001111011101010100000011001011000000001101000000111110100100
010010001000000000000011000100101101010001010101110100000011
010000010011111101100100110011110110011110010010001011011001
111101111111010000100010100110100110001111110001110000000011
110100010010001101000110001000100100000010000101011011011100
011110001000100100101000011011001100111000001010110100000101
111000111101010001101011100010010000110011010101111010111101
010101110101001111111110111011100110101011001110001010011010
010001001111000001110100010100011111110000010001101000001101
000011000000101111101011110100000111010001000100000101000001
111011100011100101001100001100011110011010000100100011110110
110110110011010001001111010001000100100000000011101110011111
101101000010010110100001000001110100010110001011001011000011
111100000110000001010100010011110100111110111001101111100111
110111011110001111111101000110001111011001000110110101111011
000101000011101111111011100011100101001000101111001101101010
000111110011111111100110000010101110110010010001011100011000
001101101110111001101001110000000101010011110000111101010111
000101010000111101011000010011111001110111010010001101100010
010010010101000010111110011111110011011111110000101010001110
111010101001000010110110111100001100101001101001011110000100
111000001011101110010000101100010110000010101010100000001110
010000001001111010100010111101111110101011111011000011000011
010111100000001100110100110010010000001100001110111011101110
010011110010111001001000000110110001000101101110001001011110
101110000011111100100100111100100001011111101000110010010100
110110001101010110010101011110101111011110010100000110001111
100100010010010010011001110010111100011011110101010111000100
000110011010101110100101000111110000110100110011011001100101
000111101010011011000110000111110101010111110000010111101100
110101100010001011111111101001100001011110001101000100011111
010011101111101100000101110100100010111011110100100011010010
