001011010010000110011010100011011100000010100000100110110110
101001010001011000000001111001100010100101001010110010000001
110000010000101111000101101000010001100001111101100001111011
001010110101100010111110110010101011011010011110001011111101
001100100010010111010110111000110110111011101010001101001010
101111010111001001110111100111110011111011110100101100111101
101111111111111011101101011000110110000010111110001111011010
000101101011010111101011101100111111000110010110101110111001
001111111110001111101101011010100010100111011011101001101001
011011100110111011101011111101001000000111100110010101010110
111011010111001000110011000101100111111110001111101001100000
010001010110010101111011111101000010111111011011011101100111
111101101110100001001111100110010011100111010110000111001100
011101010110011100111011110010000011111100000100101010001001
111110100011101101001001100101001010000110111000011100101001
001110100101010100110101110011100101100011101101010100101110
010110100000101110001010011101111010001111101001101111101100
101100101111011000011111111110100000011001111111100110111001
000010001000110010011011111010001100011011010011110110111001
100100111101011101000010101000011111101000101011101100111001
111001100101100111010110111111111001001001110000001101011001
101011100011100101110110110110100110011101110001001111001101
110111100000001111001111000000110111100000010010111010000100
101001001110100000011010010111000100010010001110000100101111
101100011100100000001001011001011010110000100100101010110011
101001111100011101110100100100101010110110111000110100100111
110010010001001001101101111101010011111110000010001100010101
100110001100010011100101111000101111111101011010000111100001
111101100100000001000010010101110000010101000010111000010110
101000010110101000000110111011011010010001111110100111011000
000001000111011011000000011000100001011011101101110001010001
110000100001111011101111111000100001101111100101110110011000
010011100001110001111100111001010110010110111011000011110110
110000011101001000101101001000010111100110110111001010011000
011000001111011001011100001010101000011001100011001101010011
011101100111001111100000001110001011101001010001001000011010
101110111101111110001010011011101111101101011001111110000010
001111111101011111110100011010111011111100100000101001111110
101011001111010100100010000111110010101100011111010100100101
000011110111011101011100001100010001000110000101110010111110
