111110110110110110111010010110101010000101010000111000110010
111111001010111011101111111111100000011101110010001010110101
010001111011000010101110011001110100111001011101010100010110
011100111100000111100110110010110011000011110110110011101011
010000110110100111010001110000101110101011111011000000001000
000010101000100010100000000111110111010101000110110011000000
001101001101000000110111100110010010110010110000000110001101
010001100100011010100111100011110001010000000111010000000010
101000000101000110110011001011110110000110110000010001001010
010001101100110001111001010110010000001110100110010110011001
111111100110010010100000111001111011010110110110101000011010
100100011110101000010110111011111110000100100010001110011110
110100000011100111000101010011001010101101100011111101101010
000100111110000011110101000011011101001111110101000110010111
001010110111010100010010101101010100000001001100010111110011
010011100010100000001011100010001000101001101110001100110111
000010000000001110100110111100001110100111111010001110001011
100111000001000011010101001101010010011010101011011011110110
110001000111110110001001110011010111010111101110110011101101
101001101100101111001000101011000010100001001100110001010110
001001001001000111110101011001110011001000111001011000010001
100100111010110011101100100101110100011110000010010101111101
011111001000011000010100101000000011001001000100011010110101
100110100000111010110110100011111011100010000100101010001111
010111111001100010100100111111110000010111111101001000111010
001000011011101110111001101101100111110010110001001101110000
011010101000011110111011010011000011001100100110101110100001
011111100010001010100111010110011110011001010001110101110001
000011010101101110001001011111111111111000010000011100000010
010001110000100100111011000110101001110011110110110110010010
100100011100100001100010000001111011100111100011100010010010
101100001011110010001001001110100010101110010010010101111101
111100001111101101001010101100110010010110011001111111011111
101110111101101100111100100010110101011010010000011101100100
111100000101101010100101011111110011001011010001101010001101
000001110101101011010011110111100100110000011001000111011100
110101101000000011110111100100100101101111011111010100100010
110101010010100011101011011101100111000000011010111100110110
111000011111101011111010110110001110110111011100001101101000
010000101001110000000000101000011101100110111101011100110110
