101110100100110110111100100111110011111110000101001011111111
001010011110010010011011111111010100011011100101111001001011
110001111010010000000010111110101001000100101101100000011110
111010010010111100011100010011101110110000101000001110110101
111101101001010100011110010101111000010010110111101011110001
101101001111100000111110111011000100000111101011001110101111
010000011001101011011001111110011101011111100111001101001010
111111010100111110101000100110001100111010100000100110110101
010011101000110111000101110010010000011100000011110100111000
000011110010101000110101001101111111110011101101011110111001
111000000101010000010000110101011010101011010001010011110100
100100010100011011000111000111101000011111110001110100110111
101101111110110100110010010010100000110011000011001010011001
011100010111111011011000011100110111010100001100001010010010
010000100111011111010110000010001001011100100000110001010011
010011011010010001001101010111000111000000011001101010110001
110010101001010110111101011111101010001111010010000010100000
100011101100100010100010000000101010100100000001000001001001
001011001001010010101110000101000101001001111011010111001101
011000010111010000000001110100110111110011111100011111010010
010101111000000111000010011001001010001101111101001010101010
101000011101110000001001010011011000110010010001001100001110
110010110101011000111110101000010010110100010010111100001111
000010110011100110011111011000101011011011101001101011001111
000010110100010101111000010100111000011100101101100011101010
001011000101101111110110110000011110101000100111010110010000
101011000111010111110110100110100110001111011011010001110111
001111100110000101010011111101010110011011001101010101100011
011111110010011100000001010110100100011000100111100111101011
011100000100000101100000001011010110010001001001010100010110
000000100000001100101101101101110000001000101110100011001010
110111001111000110010101000101001011001101001001111010111011
001011111111111010111101100111010011111100100010001011100110
101110101111111001001110010001100011000111111010110110111111
100001111000100010110110001110010001111010011101100110101000
110000010110000110100100010000000110111010101001000100110100
000001101110000101011110011101110100100111011010000001111010
111101010001100010001010010110010010001011101011110111011001
001101011110010010001110110101101010001100000011100011100010
000011001110001110111111000110101101100000110110001110101100
