110001000111111110011000011101111010001101100011000010111011
000011011001110011000001000011001010010001111011001011100001
100011100110110011010010100010011110000101010010111011110101
100000011111100110101011001110011011011011101100000101011001
111101001110010110101100101001110000010001100110100011110000
000010010110111110000101101111111110001101000110101000010101
111110001011101110110111010111110110100000000000010001100000
001011110010010101010010101100111100001110111000000101010110
001010100001100000101101011001110001010111101100001111010110
000110110111010010110101101110001001111011100101011110100010
000101011101101111110001010110010110111001101111100000000111
011111001111100000001000101100001110110100010101001011001110
101101000011001000101000010100011000010001000011111011000000
010010110101110011100100011101100111010010101111111001011010
010001011100001010000011100111111110101010101011000001110110
110000111110000100000010011001100100110000111110111001000001
001000010000110101100011101111110111101010011010000101001011
001001110010111001000010000101010101111011000110011001111101
100111000100110001100011100001011001100110101111100000100111
110010010000100101110001010111100100111100101010101100001101
110001010011100100100011110010010111101000011101101100010100
000111111001101111011111010001101000010010010111000011001010
000000001001101100100001001110010111001110001001010110100111
110010111111100101110111111000011110010110111000010011101111
011101100111001111101010001011000100001011111010001111110010
110110111010110000101111001100101100110011101100010011100100
010001110000110110011110010000001111010110101010101101011110
000100000000111100101100001100101010111100001001011101001111
110000101100111111011010010010110001101001011110001000001110
000101100010001001000111100100100100000000100001101010110011
000101101001110100110001011110000011100000011110001110111110
101111101001001110010110111010001000110100010101001111001101
000001001110101010101101100011111101000011100000101110110001
100001100011100001010111100101011111101110000000110010110100
001001111000101011011000101001101011100111101011011001100110
110110000001000011100110011011011110011001011001001101100111
001111100011001111111110111011100101100000000010010011101100
101110011100100111100101110101010111111110100100111111010110
110101011111011110010010001111010010101001101001110010000010
100010001110110100101010001001000000011100011001110001101111
