000010001001011100100010010011000010001010001111110011100110
110110011001101010011011010111001101101101100000100111101010
001011011110010011001110101011000111000011111000010110011010
000001001110000100110110101010000011110110111001011010111000
001100100101111100101010010101011001010000010011110011001111
011000111100011000101100011100011010010010000100011001010000
101001011110100111010111111011101111101100110000111011001001
001111111111101010000101100010110100010101111011010001001110
000111001001100110001111001010000111010111101001001000100011
111011101111101100000001111100011111101101110000110011010000
100001011100011001000011111001011001110100101000101110000110
111011101111111010001101011110011110100101011111100000110000
110001100011011000011100000000110011000001011100000001010010
001011101010011110100110110011100000100010111011110100111111
101011010100101011001111111100010111110111111111010100111001
001110110010000001111001101011001111001110100110001010000001
010110101001001011010000110110010010010101100000001001001111
001101100111001100010011110010111110110111001110100111101100
101000101101111010110001011100110000111110001010000010011111
100011010001010010110001001110111110001001110010100100001011
111010001101101111011011010000000101000111101111010000101001
000100010010000011110011001110111110101101111001010110101001
110100100111111000111011000101011001001110001010001100110111
001000110100010111011010001010011101001101011011111010101011
001111110000010000010111011111011100111111111110110100101111
110100011101000001101110110110101010110010111000111111011110
000000100000000000001000000011011011101010011001111101111001
111100010010101010110011111011001101111010000110010001111001
000010110011101001101100011010111110011001001000001111110001
110001001000001101000010011011111010001011101010010101101111
011010010000111000000011101100111000000110111010101011011111
100111010011110101001011101011101000101101010101111111100111
111010010010001101110110010100101011001011100011101100100011
111011001010110111100101001001000111101110011111111111001101
101101111101101001111100000000100010100110111001000010111101
101101111100000011011111111110100000011100100000001010011000
000110111000011011010011100000111100111110100000100111111000
100101100110101111000101000001100110111100000111011010011101
110010001000000101100001011011000000000111100100001111011010
110111101010111001001100110001100111101011010101100101001011
