100011010000010100101110100000110011000100101000111110110111
010100111100110001101100110010101000000110000110011101111110
100111010111101110110110100010000001100000010100010111011010
110000101101011110000011011101101100011110000000111001100110
101000100000000010011101011110011100110101001110100010010000
010011101101111100001010001011100000101111011110110010010100
010100111011100011011011110100100010000011010011101110000101
001111110110100010010100111101010000110100100110010100011011
101000110000011100110011110011010010111111110000010001011110
010010001011010011100001001011101000010010011111000110010010
111010011000110110111101010100001011111000010111001110111001
011000101000100000000111101101100010101101101111011010010100
100110000000110101011101110101100111000110000000011100010111
000111111010110001101000110001110110100011111011011110110100
111110101101100010010100111011111010011001010111101101101001
111111001111110101100110010001111111011111010111100011111010
010100111010111100001000111001000100000111000100100110100000
000100010011100110110110110011000111110100000011101111000011
101010001111011011110100010101101000111011000100000011001001
100100000101010010010101110110101111001111101010110110000000
101011111011101110001100001001110001000111110100011100100010
100100011100000000100101001110001011011100001100000110110110
010000111001000110101000110101100000001101011001110010000000
010111110011011110000011110110000110110111010100111111100100
000110111111000001011100001010110011001011100000010100100010
001100110001110001100000010011111100101010000100101011110010
111010111111100101001001101000001101100010001110110110000110
111000000010101010010111111110000010111000000111111010001101
000011111001001111111011110001000110100010101111001001111001
101101101111101110010100001011000110001100011010111101010101
110010001001110001011001000001101100000000010111011000111001
100001010010001101000111101001100111000101111011001111110001
111010001001111101101011010000111010000101000010100011110011
000100010001000010011101000111111010100001100011101111000001
111000000110010101110011100111000001000100010011000111111011
111110010000010000010101100100010011011010000000000111111100
000011010100000100101010011011111100100111111110101010111011
010100011110000010101001101011100011110001111001001001001110
011010000000110010111100110110100101010010101001101100011100
101101100011000011100001100111111011111000011001000110000001
