110011100101001111111100011100000011010001100011011000010010
001010001111010111101011011100111011101010001010111000011110
111011100110010100100111000100010011000001011111011001101110
010110110010000011100011100001101000101101110101110111110110
001100101000111100110001001011010010000011100111111001000101
110001100010001000001111111111000011001110011100011101100010
100100110111101110100111010100101011101000010100111101101100
101001100110000010010001011111000011100010100001000111110011
001010010011011001101110101011100010100110111100010000111001
011001000000000001000001001110001111100110111011100111011011
001001010110110110101110000010100001000000010010100101100101
011111010001110101100100100011001100011110101010010100000100
111100110001011000010011001111010110100101101100001110011000
000011100001000100000101010001001010001001111100101011011100
110010010101001101000010101001000011000000111010101100000101
111111010101101010001100011101001101011011010111011101111111
101011111011010100100100111110111110000110010000110001010011
001001111110011011000000110110000111011010000001011011001100
000100000111011000001001100001110100100000000000110011011011
111110111000100001001110010000011100111100100010001101010110
101011101011010010000011010000100110111000011110010000110001
110000011111010001111011010011010010100010111000011001100011
001111110101111010000000100001011100100111010110000011111001
001010000011111001111100011011111001010100010011010001001101
100011011000100110000001011111111001100010011010111110111001
111011000100111110011110000011110000010000010011100110100000
001101110010101101011110010011110100111111100011001001001000
011110000000010100110010001010001010000000110011100110001111
111010011110000000101011011000100110101100000011110010001000
000010111101110001111010100110011011000001110101111110101001
001100000111001100100011111000111111111101011010110000010001
010111101110100111011010111111010000111000101100011010110110
100101001000001111100000000101000001011000101111110100000101
001100100011011110101011111101101010011011010111010100010110
100000011101000010111011110110000011110100111001101100000111
001001000010101111101011011110011100000001110001001101011100
111001101101111000101000100111001000110111011001010001100000
010010111000000100001001001110011101001010111010111100100100
111100011000000101111000110011011110010100010110110001110110
001101011110000011101011111100110001111111101001110100000000
