011101110101000100010000010000111111101110110100010010011111
011111101000001001111101010110001000101001101100101001100010
001011111100111101101101101111000001101000111110111011111101
010000111011011100101011011110101100011110111011011101101001
010101011001010100001110000101110100010010110101111111111000
100111010100000010011001000110010001010100111101111111011110
010101111001010110001100110111010011100011111010010100000010
010100011101110000101011001111000000100111010110110000110110
111001110011110011101010000011111011111100100111000010011000
101101110110101111110001011011010001100100101100011111000111
111111000110101001101111110110100000000100001100101111001000
010001111101101111011100100111011011111110100010101101001001
100000100100001001011011000100000101001110110100001111101111
011111110011001001010111111010000101100001001111100010011011
110011110110010111000010111110100111010110010101000011000110
111001101100100111100101011110001001101010100101100010001000
110101110111001111101010111001011000001000000011011010111000
101101001011000010000010010000000000110000001110111100001111
100001100011000100001100101110101111011010000001001100010011
110000100011000001101101101110001011001001001010000010000100
010011001001001100101111001001001010100111010100101100101001
011000100011001100111010101011001010010010111000110101101100
000000111011111001110000100101000110010000000101001111101000
111000110001001100110101001100101001000001101111000110111101
011110010100011100000000111101011010000110000001010111001111
111000110100111101010101000010010001111101011001101001000000
001001010101011110011101111101111001111101000000011100101110
000010111111001101111001110011011000010001101100111111001110
000000101011010001101100111111111110111001001010111000101010
101010011100010100110110001000111000001101011101101110111000
001101011000101110000011100101100100011000100010111000111000
110001001111110000111011111000001000100100001000001110110010
110101100111110101010000111101000000100000111010110011011110
111110100011010111000100100000111100101110001001011010110010
101100101001111010000111001011110000101101000110111011001110
011111011100111100111100001001100010101100000000100110000001
101001011010001000101001110001011001110110001001010001100111
000001001001110010100101011010000100001101001100001011100011
101001111111111100011000011110001101011111010111101111000011
100100011100111000011000011011111111000110110100000111111010
