110011010011110111001110100110111010111001011010101110101011
100001111110100111101010110110011100001100011000000110101111
010101010101101100110110010100111110010000110111001001010110
100100101110110101010100001101111111111000000011111100100011
000111111001001011000101001100101101010010011110011111110101
000100000110100100011111000110111110011100110011011011111110
010110011001100110110001010111001100010010100110011001110011
101100010100100011110110111101001101111100101000010101101011
011100111101110110101010100000110110110111000101010110101111
101100001011111001000001110000101111101101101010010101111110
000110101000011000010111101000010000100101011010101011001110
010011110100011000101101101100010101001100100110000011111111
111111110011110001011101100111101011011101110110011010000111
101111000000010010011111111011010111100011010010101010000000
101011011001001001100100010101001001010100001101111111110101
101000001010100101101001000011000111110100011010000011000110
001101000110110001100110011110010110000101111010010100100011
100000101010010111111000011000010011001111000000001001001110
111000010110011010100001101100011010010010110001011111010001
111001000010011101011101111110000010010010011110010001111111
001110111110111011100001010100011010000101011110100101110000
110101001001100111100110111110110111111101011101000000001001
010001001101010100111111010010010101100100011100001011100101
110101110000110011011010101101011011001101111010100010110110
111111000010110011100000100001011110011111000000101011010001
010110001101101111111101110100100101000000101100010110101110
000011110100110001001100011011001001000001010001101001110001
010010100011011010110111001011000000111010010110001101000011
110001000000001010000110101100001001101110011101000010111011
100010011111101100100010001000100011111111010001101110001110
010000011001100001000100111011010011101011001111100111011010
101100110011101000011100010100010011000000110011011011011011
011100010101011001110110010010111100111100101000111101000011
010001101000101110000000011101010101010110101000111111001011
001001010001001100011110011101001010101100010001110101011010
001101011011110000100001111010110010101100011010001010011111
111110111101000011100011100100110100010111110000111110000111
001011111000001100110011011101000010100111110001111010101100
110110001101100011111011001100110011101000101101110110000001
010110101000001100000010000100011110001011100110000000100111
