101110110100111111001000011111101100100001111000000111001111
010010010111110001011011000100010001101000011111010100101100
111111011101101010101011110100001011011111011101010101011110
000000001110011011001111110000001011100100110101101001000101
000101001110110001011011011001100101111000001010011101101100
111111110111111011100100001100111100100100111000010001010000
100101010000010110010011110101101111100011100100111111101101
111111000111110101011011111010110110110000101100110110100110
101011110011001110110110101001110010000001010101100001000111
001011010000100010111100100001001011101101010010001110010011
010010000011011111010011001010111011011001000011001011101100
000110000101000110110010010111011110110100010010000000111010
111010001000000000101110101111110110111011000000010100001111
101100000011111001100010010101111111010011000101000101100001
101010100110010110001011001101101111010100110011010101011100
001011001110110010110001110100110010001000101001110001100101
100010001111001110010000100110101111011111011001100100100111
001100111000000111100110101101001001101001111101011010100011
001111100110011100000101111101100100101000000001010111001001
000011000110111110000011001110101001110111111000001001101001
101010101001100101101101101011101010001000100001110010101101
011000100000011001010110110001100110111000010000110010101000
100101010011101100010110100010010011001001010001110110110011
000011010011100000000001111100011101010111100111101100011011
000111101001101000000000001010001110000011111111111011000101
011100111001100001011101001101011010110000011111110010110110
100011011000011101101111101000011111000000111000100010010110
011010110110110101001100100100001010111111011111110011000011
110101100101000110001011000001010000111101100100101101010111
101011100010011010001001100111011110100111000101010001000110
111011111111101101111101011000000110011000111110011101110111
101100100111100000100111001010000011101000100111011111111100
000011010111101100010100011000001101000101001101000111100011
110011101011110100001011101010001110111000001110101001101010
111000101111101110010010110101001001001100011000101100100001
001110011010011110110100101101101011100011001101000101100001
100101100000110100111110101011000111001110110101110111001111
100000101110111111101111110010111011110101011010001101111111
010011011110001100100110010000010001001011010100111000000101
000001101010111111100000011001000111010111010100010011111100
