100011111010000011111010011101111001000100010000100000100111
111000100111011100110110010011110000001001010010110001011001
110000011010100100101001001010010010100001001111110101010000
110111000000010000000000000100111011100010101010110011101010
010000111110001000100011010011000101001011011010001110110001
111110110011001110001000101000101101110011100100001110000011
010000010111101101000101010000100110110100011100000011110010
000100011001010010100100000111100101101100111100100001101010
000100010111100001100001001001100110100100011111001011001111
000001001111000011101110111010000111111110000001111100011011
000110110001100010000010000111001000111011000001001011110001
110111110000000110001100000011001100101011000010111011010101
101100111000111101000100000011111110101001110111100000001000
100010111101101111011100011101110101110101010101001001111001
101110101000011101010010101001100111110110101101000111100000
011000111000111101010010111011110110010001111011110010001100
000110100110100010110000011111100010001110001111110010110001
011001101010110011001110100000111100110001001100011111001010
100001110010001010000100100000111100011101100011111101000000
111010001101001101010001000110111100110110010111010001101111
000111001100001100010000010110100100101100101101001101101101
001100011011011100100000110100010111000111010011010011111101
011011101111011011000100111101011110011001100110101010010110
010100011111110011001010000110011101011000110001001011100000
101101010001001000001010001010010001100010111001111111111110
100100000101100100111010100011000010010101101101010001010001
011010011011110100000010101011100010110001110001001000100100
110110110100010111101011011100000111101001011001111010110011
010010111101110000110110000011110011010111100111000100011110
101000000110000110110011001011011011111101000011101111110110
010000101111010000101110110011000000010100011101100100011100
101101100001011001001111000010110110101000111010100011111111
000001110111010110011010001000100110001011011000010101001011
101111101100101101000001010001011010111011111000011111100110
110011010101010100111011100100111101010111001010001001011001
001101000111010110011010100010000010000011011101100101101011
110011100011011100000111011010000001100000001101011010011111
000000010010001111010101011010001110000110110011100011000011
011101000110001010001110100011011010000110001110101001111101
011111010001100110010010001000000101110100001110100011001010
