001100010100110101011110001010000011101010010111111111101100
000011001111110110100000101000111011110000000111111011011110
110110001000101011011110011011110101110101010110110110111000
001010100100100010100010110000111010000010101001010001110100
010000010001100100100100010110000011001110111100011110101110
011110111010110100000111110010101001111111001011001111101101
011001000111101001000010001011100101111001000011101101000110
100111100110011111111101100011010111001111100100100011111010
010001000111101001010110110110100100111101000011110011000010
110001101000101110100111101011000001111001111001011111100001
010110100111011010001010100100101101001100011110001101011011
011000000000010010001000001001101001011101011101010001110000
000000010000100111100101011011110010010110110110101001011101
110010011100111001111100110101110010100000010111111001011000
011010100111110101000010011000110100101010010000001110001100
110000000101011011110101111001000010011111110110001000010101
011101001110101010000011111010111101100000011100011111011000
110001010111110001011101011000110011100010110000111001000100
001110011101101101110010001010101101100010110011110000010100
111010110000000000110100001111000011110010100100000100000010
100101000100011011000001101111000101001101111010011001110101
101110111001010111001100010000101101100110101001100110000001
110010000011011011111010010101011101010000001100000100011100
101100110011101010010000001010101100100110001111001101100111
111101010001111000011111110100111110001111000100010100000101
011100010100100100001001111100110010110111101100010110110111
101101001011011101001111011000101001110000010000111110001000
111010101100111011100001001111110101111011001011111100010010
000100011001000000001011101001010110111010101011001111101110
101101001101000111000110111001101100101010100010001000101000
001011011100001101011111110111111001011010011001001101010101
111100001001011101110100101101110100000100101001000100100111
111111001111100010000110110101001101111000001001000011110101
110000110011101010110011010101111010110010100011000010010100
011010101101010100001100110100111011000111000110101010101010
010111001011001111111010001101110111111110111101111001001010
011010010111010001000111001101001110001101000000101100110001
001100110101000001110011100010000011101010101111011100011100
101110100100111110101000111011010001110001000100101000111111
001100110010100111000110101100010000100000111001001000010100
