110000111000001100000100001001001101000000000110100110111110
001101000011110011010001010101101110111000000011110001111001
000010010001101001101011101001100100110010001100111111111110
010011111101001110011011100110000100000110111000110110110101
111110111001101010101010011101011110111000011100110011001001
010100110000001111111100001111110101101111101010011010110100
011011000111001000001101011001101111100101111101101001001001
000110011101101110110101001101111011011011010001001010011101
000000100010101100001010110011010110100001000011011111000100
001001010000111101101000101111101011011110110000010111100101
111111001111011001111001110111000101011111111000000010110011
100110001110001100011111000000100111011010111110110101011110
001010100100001100010011010001100001111100001110100101000100
101100100110000000110000110110000101011001010101100101011000
111000111110100001010100111000000000001001010010011100110001
011000100101100010101110101110001011011111100110110111000001
101100100010110000110001010111101011000001000000110000110101
101010110111000111111100110000111010111111110111000011110100
101001001001111101001100000010010000100100010101110100111101
001110010111101101011101010111110110110111111110110100000111
001110110110010100111101111010100101000110111001010101011000
001111001011101001001000000011010100001010001100111010011001
111001101000101111101011011101101001010010110100100111010100
101010000110101000110000111101001001000011101001011000111101
010011010110001000110011001010000010100000011010011000111000
011011011011101010000000111101101011100010010110000100001010
000111110010010000101111100000100100110100110011110110001111
101110110001000101100111001110110011010111110001000000011110
000010111110001101110000111100001000011100111110010011100101
000011010010010111010110000011000000010011011111011011110001
011111001001000001101101101010001001101110010011110001100011
111011011110101100001001101100110110010010110011100100100001
110101111011100110100010110110001110000010000011010001000100
101001100101010011110011010010110001110010001010010110111010
101100111010010011111000011000100000011101010100101001010000
001010011001000111101000101001001010011010001100010011010110
110000101000011100011100011111110011000100000111101101000000
100011011001011101001101101110001001000100101001100011001001
100100010000110101010110110111001100011000111010101100011001
100101001000000101001010101110111011000000111101100001101110
