110001001001001101100011100001111110100000011010101011000011
001011111011110100110010111011111000101011001100010111111110
110110001101011001001000001010110110100111110000011111010011
100001100010011011001100000010000010101001110110001010110100
010011000101000110111010100111100101010011100000000111010111
111101011110010000010110000111010000110000011110110111000101
001011111110010011110111001110000001101101100000101101101000
000101100110100000111011011100101001101111011001101100111010
100110010010000011010010010101110100101110111100010000110100
101011111000010000101110010011101011111110101000111000010001
101100010101100001011000110111110001000011001001001100111101
001011010110000101101011110111011111111111000011010101000011
110100011100000111001011111100001110001010100110001100110101
000110100000100000101111010111101001011010000000011110110000
110010010101111100011111011011001000111111001000000001110101
101100010110001001011011100100110110110011000100110001110110
111101000101010000101000111100000100000000000011000101101000
110000011101010011000001001110101001011000011111011001010101
011001010101000000110011000001111010011011110011001101110100
011101010110010000011011110001100011101000101000010010011111
100100100111111000111111000101010101111100000001010010010100
000010000001111001111000110110101111110111001101000110101100
010011111010100100110010100110000110100110110100101100011101
010101110011100100000101101011101100010011001100011011000100
101010110100110011010100110010011010000101011001011110110101
000111000010100001011101001000100000000111010001001011000000
010011011110100000101010010010101111001110001110010101000110
000101110101000000001101100110100000111110110011010010010101
000000000001001000001011101111110110000000010100101000101100
101000011101000111001000101101010100010001111100110011000111
111001100001001111001000011111101100100000101110111111100011
011010100111101111010101011011000101001001000010110111000100
010001000011100001111100010111001011100110010111011010001001
000101010111010000100001110100011010010111010000011110000001
001000111100000010000011011001111010111010110111110011101100
011001010000011110100111111000011000100011000000110100100110
001001011101100110011101010000111100000001111111101010100100
101111000101001101000100011011010000001101010011101001000001
110010001100100110110001111001110001000110001001100010000001
100111011101010010100010110011111110001001100110011010111111
