000101010001011110011101001111110110100110110111011110000111
000011101010011011100001100010001101111101001111010011001011
011001000101110010111000010100000100101000101001000001111010
111000001110001110100111110001011010100001011000010011101000
010001100011101000110111100001010000111100110101001111110100
001001000001000101010110100111000100110001011000101101111101
101001111110111011001010110111000011011110101110110010111010
011010101010100100011000010101010101000010101001011011100110
010110100100001000101101001110011001100101111101110010110010
001010111001110011011101111110001100111110001000101110000101
000010011111011010110011001010010010101010001100000000101010
101111000011001000000000001100011110001111011100011110110010
100111010001010100011001111010001001011000111000100111000010
011001111001100111101100100000011100111010101010100110101011
101001010111101000100100100100001111010011101001011110000110
101101101011011000111000001010011011100010010100001111010000
111100011101100011110110101111010111110111000110111100011001
001011000100101010100001001011100010111101000001001100101001
000101011111011010100001100100100101110101111110010011100101
000111011111010101011110011011111010110010001111001011100101
110110100010101111110111010010011110010001100100110011010000
011100011010110100011010000111000011000110001111010000110001
101011001010010000011000000001000110111011000000001110100100
101001101001100101011100010111110010001011110101111010000001
011110001010111001111100010100011000000101111110010110010011
110111111101001101010000100011100101010101110111100100111011
000011000111011101011100000110010010111101111101110110111011
010000101111110010010111010111010101000000001000111010100100
011001111011110011111101100001011101101110000101111111111010
001111110100111101011101001011100110000011111000110111000101
000010010100111111100001011110101011111111011111100011101011
001100001101100001111010011101101000010110001011001111000111
011100111001011110010111010100000110110100001000110000001001
011001001001111101110000000000101111000111010000100101111000
010111001001001000111110010101101100100101100000011010100000
101101111100101100011111100111110111101101011001111000101101
100101100111010111111011110010100001010011100110101000110001
110111101100000010111010100001010001011010000011010100011001
111101001111110101010110111001110010111010111111001111001101
011001110110110111111110011010011110011010110101100100100101
