011100101010011010100111000110111110100100010110110010101000
011101001100011011001010000101010111101011111110001001011111
101110001000000110111011100010110100011100010010011001001111
110011000001110010010110110101000110011000101110101100111101
010111101001000010100111010100110011000011001100011111100100
101110011110010111110111101011100110000100110011011000100110
011000101011110100010010001010101011111001001010010111010000
011101010001101100101111110101101100101011000001001110010111
111001111011001101111111111100001100111110111110100111010001
000100010110100010011111111101000000000000001011011001101111
001110110110100101111110101000010110011001001010000110001000
011000111111010101100000011010110010101010011101000101010010
100110111001110101000111001001110010011111111010100010100000
100001101010100111111100000001101001011111010111100010000101
101010001110011100001101010001001011110110000010111101110110
000111001010010000110001100010010010110011010010100000101111
101101101000100100111111011111011111001111101001011101001001
011011110010101101001000100000100001110011000100001101011000
101001100010001111110101011101110010011111001001000111111100
100000010001100011001010101111110010100100010000110111100000
000110010001100000110010100001011011111011100100010100110001
110100111001010111101101010100110010000011001110101111000101
011101001011000100101111010110111111011101000111000011010001
010111001000001100110111111000111010010111001011000000000110
111011000000110000101110011001101111100011110101010111000100
001001100101101011000001000100110000110110110100110010001110
001011101000110000000011101001100111100101100000000001110111
100100101011000101001000100010101001110001000111010100001000
010111000010011001000011100010100111101010010010000111101001
100100100001100000101110001111011011110100100101101000111010
001100110010111100000010001001110111100110100000100110001000
000001111110011000000001010111000001111011010000000110100111
101110011101111110001010010110010010101101101011010010001111
000001111100001100100100010011101000011101111010010110001010
011100010110100001110000101110100100011011001010011011100101
001111011100010000101100110010110111101000111100110110001100
000100100110100100100110100111000001001101010010011000011011
100111011101101011110101110000100000111100010101110010001110
101110101111000111101000100111101010111011110001010000111001
000111011010001110110010010101010101001011000000010001111110
