011011101001110100011011100000111101001000001110111111001001
101110100110111000001010001100000100000001000110101110110001
001000010001010011100001100110000001100100111001111100010100
001000010101110010111010011101101001011101101100011101100111
000101100110110111001111110100100000101000101000111001010001
101100010011000100010101010110011101110111100110110001010010
100101011111011000011011101000110111001110100110011110111100
001001001000100111101011111011101110011101101000101011111001
100011111010101001111110110101111101010011100001011101100011
100100111000101011000011100010100010011101111001001101110010
010111000011010001001001011010100110111010111101001100010101
000111010010001110010100110001001001111011000000010110101000
010001111011101111111010100110111101000100010101110000101100
110100100111000011001000101110011010011100101000110100101011
110001100011000101000010011110101000100110001101011010101011
101101101001001000110011001101001000111101000100110101111000
001101010010100110000010101011101110110000001110111010011110
011000010000000101001011111111010110110100001010000111001101
111000001110110000000111110101101111000100100011111001101110
010111111111011010010101010001111101000111110101110000001100
111011111001100001111011111110111001101000000011111011101100
111100101111111001110001101111110100000011110001110000100011
010011000001101111101001000100010011100001000000000100101101
000010011111101111010110001110011011101111010001100100001110
101010010000110001010010001100110000101010010010110110001000
101110011101101010000011000010111101111001010110100001101010
101110101110110010010010001100110000010101101010101000101111
100101010111110100001011001110010111111100111010110110001000
110000001100001011100101011000000011100010100100101110011001
000101110101110101011010000111101011010101110001010011101000
101100100110001110010011101011101111011011011101000011010110
111100011010001011111010000000010111001000011011111000011110
011001101000010000010011010101010111000101001101011100111000
101101011011110101101010011000100111111101111101000010010111
010011011101100010110110110100100000000100000000100000001100
010001101100000000100111010001000010101110110001110100110111
000110100000000110100111000100101111100000001111000011100011
110111111000000000110101011111011001100101011001100111111000
101101010010101111000001011100000111100110111110101100011111
111010010001101100001001110010100111010001110010000100010101
