101001101010001111100010101001110100110110001011000000111010
010010110000010111111011101110100011011000100001001011110001
011010000110001110110110100000011101100111101011011101010100
100111110110011100100000101001000000101100101010011110000110
011010111100101100001101100000011101110101010100000100101100
011001011100100101111101111001111001101101110010100100101101
110110011101011001111001101100001010111100010000111100010011
101111101110010001101111101111101101011000010111111110101110
111011101000100111001101000111010101101101100010010000000010
010001000110000100100011000111001010100001110001101101110000
101101011000010101101111111010001010001011111011110111100110
110110110101110011000000001000110011010010010000111110101010
000100001010110100100110010001111101010010011110101110110100
100000100000010001000010001110011100001010110100001000000001
000011010011111101100011000011111010111011101111101001011101
101011010100000101110100101111010001000111100100110011101100
000010010001111100111111111000100010010110100001110001101100
101101001101011000111110010111100100001101010101100111010011
100100000000011101101010110111000000011000011111110111010001
101111010001010111000011100101010111010001011000101111110011
000011000101001100000100101100011011101101000100111100111110
001111111111111110110010011010010001000011001011101001101010
101010011001111110010000011001110000001110010110001001011101
110010000111010111110100001111010000110100110101010111000111
011001001001111001011010010101110001110110010111101000011111
010101011101101100111010000000111010010011011101111100010000
110011001101011101101000001010001001101101100111100000111111
101010001010100001101100010010000110111100100000101011101100
010000010111111111101011011111001001100001000100110101010001
101011101110001101010110111011100101000010111000111000001001
010011100000110011011001110111111110100011010111010010101110
100101101001100111110001110000101000011011101110011111000011
111010000110111100100110011000000011011001110000111001100101
010001001110101110001011100000011000101110110111101001110101
000001000101010100000100101110011000110111010001000001111110
000011000000101110010111101101010110001001011101111011001111
110100001101011110101101111100001110100110000001000010111111
101111010100100011010100101110110101111010001010001111110011
001001110100110111011001100011111100010101000110011100101000
111010111010111011110101010110111110011101110111001011001010
