000000101001110010000110011001101111001101000100110000110000
111000010111011100100011010011001110101111001001011111011010
111110101101010000000010011001110011100111000000100011011001
101101111010000010100011110110011011000010110101011100101010
001011110111011001110000011011000111111000110000011000001001
001100100100001100000010111011110101000110110001100000010010
001010101111000010001000100111111001100001011010001110111010
101100100010001001111011011000001010111100011000011000111000
100000000110101101101010101111101011101111111000011110110000
100101010100000101110010110001111111011000110111110101000101
010101010100011111011111110001000000110001000101100111110100
110001001110001101100100000110000111101011101101111001100111
101111000011001000101111011101000111111000010010111011110000
010110000100001111000110110001011000001111011001110001001101
111010101111001011000111011101111000001010000000110000110101
111111111000110111100101111100100101001000001101100100101000
101100101110101110101100000001001001010011011111000001010110
111111001001000101110011100000111101000011000010010101110000
000000101000100001011001010100100000111011011101110101110010
000010110101000000001110100111101011110011111111011011011110
010001011101111111000100100110000010011100110111001011011100
010111101101101101011101101011011110101001000010011000011001
011100110100011000010000101011000011011001100000100101111111
110111011010000110100011010011001011111101001001000010110100
011110010000110010010011111110101010011111100111001100000001
101010011011100101110110010011111010011001100101101011100110
001101101000111110001110000110010101110011010011110001011101
110111011100100101011011000110100011000001110001001010010101
100101010101110111000101001110100111100111001010011011001010
011011010011000100001010000010101011110011011000011001000110
100111101101011011011110111011001111100010100101001000011001
111010010101010010111010010001111101111110110000111110000011
110101101011100011110000010011010010011111010010011000100011
010010101110010010110111001101110000100001011011010011101111
011010101101101010110010110111110000000111101010110010000001
001001110101001101110110010001111111011001001010000010010111
111001011101000010101111010100001100101001001010100010111000
111110011111011010001110000101101011000011010110110010000110
110000110111101011001001001001101101110001100111101001000110
110111011000010111101001101101011100000100011111010110000001
