110000000011011001010001100111011100010110111001111100011001
110110001010110111100000000100001001111101110010111110111111
011110010101101101110111111110100000010011011000111000000110
011001011101010000000111011100000100001111110001100100000000
010111010011110011010010000001111110110101011001011101001101
000100101101111100000010010000011001011001101101111110100010
110010110101100101011111101111111110100110110001111010110101
111101110001001010110001111001001011110100000001010111010011
100111011110001011010111011110100100001000111100001011110110
010001010101100000011110111001101011100110000100101001011011
110110010110101010001100001001001010010101000110110111110010
010101110010100010110110100101101011101110100100111111010011
010110100100010110111001011010110011000110101110111001001011
010010111111000000000110010010100101010111111000100100001101
010110010110111100111110101111011000001001000100111011101101
001111001000010010001111100100011101010111101100101101010111
101100110100110100000001000100011101000001001101000001001110
100111010001101001011110111100110001101100101100110000101100
000100101010010000011111100101001101101110111110100011011111
010110111001111111111011110011000010010000011010110011001111
010001010010110000111000001101100101110101000110001011100011
001110010110111100001010110111001011011110100111001100000110
010111000000010101011010110101101000110001110000000101100001
111001110001110101001011100100111010110011101011011001101001
110110110110110110100001101100110000111001010010110101111011
100000001101011000010001011111000010010001011101010111011001
001111101111001011010101110100111111110001111000001010001111
000101100101100001000011101101001010000100000011111010010010
011100011011001010000111011101001011001011011110010011111111
010001111000110111111010001111010001101011001011100010001010
101000111001101000101001010111000010011001110010110001110101
111001101000000011011011010000001111110010111001110101111110
011111000000011010011100101110001011101001100111010001111110
101000000100001100000001001001011011001001001100001100101110
100110010101010101010001000111001111110110101101000110011010
001000010010010101010011000100100000001101000011010101110010
001011110010000100001100011101111110001101010101111110000100
010111110011101011011010100001010100100010011110010101100110
100101111011001111110101011001100011101111011011011001000100
101100100111010101110110111100110001101010100000110101110000
