110100011011011001010011100000010000000000000110100000101100
000100111101010000111110011010100111101011101111010100101111
100101101100101111000101101001101101010001011000001100010000
110000100111110001011001001011111010000111111000010001010101
100110000110011010100001110011110000001101000000100011100011
100101100111000000101010011010110111001111100001010010110011
011110100110010100011101000010011011110000101010111111001000
010011101110110010010001110111010010010101100100001010011001
110100101000011011101011100000011101001101000101111011011010
000101001110101001000001011100001001000010001001001110100101
110100100000000001011010010000110100101000011001010111011101
011110010100010010100111010101000110000100011001001011001111
111100110111101111101101101010011110100111001010011001010100
011011001110000111111000010011010110000111110011110111101001
111000011011100000011101011000100110011110100011101111111011
010011001100100010001010110011001110100101011101010100010011
010001101111010100101100001100011110100011101001011110011000
001111011101000101110011100111100010100011000000111001110111
110000111011010111001100110101101010110110011011101101011011
110110110111100011000100101110001100110011110100001011110101
010000011111100010010001010100110110010100010111101011110100
110110101111110111111111110010011000101100000101010100011100
101000011100010110100001000100111000010110000011000101110011
001100110010101010101000000101000010001000110100001000000111
100000001001000000110001010000011100110011100101110111111101
111010110100101100111001000000100111101100110011001000000011
101000000001100001001100010111110000111000011000111101111110
111110100110011101001010011001101111011010100001110011011101
101111111011011110100001110111110101011011000111110110101100
010010111100101000111111001110000111110100111111000100001001
010011100011100000000010010001000111010001111110000001111001
011010000011000001010100010000011001100001110010011101000010
100010100101001001000011000111110100000111110111101010100100
100001101011111100010100111110110010010000101001000000000110
000111110010001110011100110011101001011011110001000001001110
101001011001110100001000110100100000111010011000100000001110
001010110111100001000100010001001000010001111111111101111010
100100111100101110000010110001101001101110010001000100100101
000110001111110011110101111001000010000101011011100011100011
001110001110000101011111110010101101000000011100111011001110
