101010011110100000010111100010011011100010110011101111011000
111111010011101001000101111111101001000010110011000111100111
001100101011100101001011011010001001110110010011000011100001
011010100001000101001101101110010110011000101100001101001111
010100100001000100010101111010110101110011001100101111110001
000001010011001001111010011111000110011111001110111110100011
011100101010101000100100100101010010111011101101000110100011
001101011111010011001011011010111011110001011000110110011001
000010001101000111101010011011001100111101000111100110011001
000001001000100001110100100110100111001101101110001010110010
000100101010111000010100000100010011110111111010110110001011
100101001110010000110000100000000001000111100100110101011111
100101001110011001001001101001011110011011110001100111001110
010010010100100001001010101100010101000001001000100000011000
010001101100011001010101111001001001111000101000111111011100
010000110000110111000101010010000001010010010010100010011011
101011010000010100010110001001010011111010100011011000100110
110111011001110111001010101000000010010011011011001000111011
001010010000001111110110110010110000111011011001110001100011
011010101100100111000110011011100101001110110011011110101000
001001000011000001101001011001001000111000001000001011001111
101001010111011111100000000100111110110101100101011001110110
111100111001110001111111101100100111111100111011101010001010
010111000011100000101011101010111010111111001110100001010010
011101011000011101000011000011001100111100010001010101111110
011101110010100001101011111010000001000010100011001001111010
000110011001100101100110110000101111100010111011101111101010
011101010110101001111010000100110010101000110110101111111000
011101010010101001101101011011001011110011111001101111111011
110111011101111001000001001001101110111101000010000100110010
110000111000101011111010110011001010001100111101110001010011
000000010101101100001001010101111001000010111100111000001010
000110001111001101111101110000111101010101001100100011001100
011101101110000100011101101000100100000001111011101110010111
111011110101111110001010101110001100011111011111101010110111
100111010010000011110001011000101000110000011011101010000101
000101100000000001111111101010011000001001000101010101001111
001001001001000011111111011111000110010101101100110001000011
011011110001010001001110110011011010111011101101100011100011
001001001010101101111111011101111011010101101101110100111101
