111001101000001101111000000100011101011010010111101111001001
000100001110110110001010001110000100000110001111011001110010
101001000001011011010111110101000011001011000111111110011100
001000110101111101111011110101010101000010100011101111111100
001110101000000100000001111000110110100000011101101011111011
011110001000111000111011100100010001110111010001001100000011
001011011111001100001010110111101111111110001110111001011011
011100010101001100110101110100110110001111111110000101110111
110010110001010100110001001100101001101010100000000111010111
100111101001100010000110000001111111000000110100110011100110
010111000010111100001100000101111001001000110100010011001010
101011101100001010000100000110001110101100100010000011000100
101001010110100001110001010011101011101000011101101100100011
001001111001111001111001100010110100111101111111110001001101
000100001110010001000001000101110101000000110010100010010011
001111001000011111100100111101011111000111111110011110100010
111000110101010101001000010011011100110100011101111100101011
010011101110011010010111000010001001001010000011101101000000
000000000000101100010111110100100101110100011010010111111010
100100010010110010000001101010110110011110010010000000011001
011010110011111010000101111111100010100101010011010110001001
010100110110001101010001011011100111101111000010001111010000
101100010011000001001111101101100000011110000110011001101110
001011110101111001011100011010110000011000111110011110011000
000111011001111101110000000010010011111100100110101111101101
000011011010111111110101000110100111110000010000101001000110
000010000100111100001000000011111110011011010010101110000100
110111011101101100111111010111001111011101111001011011100101
011100000011101100111000000111100011010110101010101010101000
111111110010100010100101100001011011111010101001101101110001
001000010000011101110101111001100011111000111101000000111101
111101100111010111010110011001010001101000010111001001000100
001111000110110111011110101010011100011111011110111100000010
011001001110110100100110001111110010011011011111111001011010
100110001011000111101000101011101010011111000010001101100100
011001110111110000001000100011010111011010010001111000100101
100010100001100100011011101111011101011001010100111100100011
010000111110000111110001101010010100000001001011001000000000
111100001110111111000001011000010011010010100111001110000011
110001101101101000110001011111000111010011111110111100001110
