101111101010101001101101101100010010000010110111010001001101
000111000100111101010110101111001111100100001000110111010001
000011001011011011110001001110010100001000101110101100110011
111010101000110001010001100110101010010011101010010011111101
000100001000111100101100111000011110011111000011001101101010
011011100110101110110001110110100110110001000011000000111010
011111101000011100101001001110001110010000100001010010011011
111001100100100010110111100010101100100000110100111011011101
010100101010001010111001011111001100100101011101111111001010
001011011011010011000011011111010111110001011111000001100010
000111010100000000100001111010001100000000110010000110001111
101010110101011001000100011111111101110001110101011000000110
011111000111000111100010110111100110001101001100001101000100
111111001110111110011010010101101100001011011100110111001111
011100001100000010001110111101001101101010100010000000110110
111001101000110111100010111101100100100111011010100001100100
010001110001001110010110011111110010110011011101111101111101
101000000111101010111110010111001111100010111111011100101001
000101110001111000000011010010101101110010110110110110000100
001001101110111000110111001001101000011000011011011101001001
000111101000111111011111101010110001101110011011001111100110
000001110011100001100011110000010111101101001111101101000101
101001001000110011111011111010000000100011111111010011100111
000010011000011111000101100111110010001000001000101110010000
111101000110100011101111000011100111101010110110001011000000
001001010010100101100011101111101000101111100100010000100011
100010101111111000111111000000000111011100011010110000110001
001011011010000100110100010001000001010001001011001011100110
101100110110101011000111001001011000001100011000111010000111
100100111001101100000110010010100001111011001000011001101111
101001110001110010011000001011001001010010100101101000000100
011111100001111110110000010001010110111010011111010100100111
001011001001101001101010110100110000000100001111010000101101
000010000010001101100101101100001011111001101001110001010001
110000111011101110100100110101000010011010000010101101100001
000111100000000111010000110100011000110001111101111000000011
010001001110110011100010100101101100100010000010110100100000
100010111100000111100010101011010000011010001010111011100001
011111111010100001100001011010010000110100010010001100100100
000110010111010010111111111100100001001100110001011001100111
