101001000001011011101001101000010010011000001110001000100100
011011110101010111000011111011011001010011111010101100100000
110111101100110110101101101110001101111000010101010000101001
000101101110110110110011000000110011011101000110110010111111
010010100100111100110101110000010000110110111001101001000100
101001010110101100001100111101111100101100100001000101010000
110000111100001111101100000001100001010011000010000010100111
011010000011011000010110001101110001100010100011110110100001
110000110010100100001011111101011110011100000000011111000010
010011010010100101010000111000101001001001111001101111101111
111011000011100010011001000011110111100011101011001111001100
100011111111000111111110100111110011110100000010110001001110
101011011101100101101010010010110001010110110100011111000110
111000011000001010010000101111111101111000100000111101101101
011001100100000101110000001100110000101101110011111111111101
010001100110101100110100011010110000110001110000010100010010
001111111100111111000111111101101011001111001111100010110100
010110011100011010001010000100001110000001100010111101001010
101100101000001011100100110011110100001010001000001111011101
000101100100000101110101000010100000000000011000101110001111
101011110000010100001010011110011100111000001011110110110111
110110010000000001111101000111101011011000100011010110101001
100101101100000100011101110100011110100111111101000001000110
011010101001101000110100111010011011101010001001101010000011
010110000110010011011011001100001100100100001101111010111000
100001011011101000010100010000110010111101011100100001100000
010001000000100001010000100011011100001011010000010011111100
100111000111011100001000001010100110110110000101010001100101
111101000001011101001101001010100010000001100101100000000011
110001010100101111010110110000001100010110000001010010100100
011110101001011000110000001110100011111101100110100110011100
001111111000101011110111100001010000000110001101111010100011
001011111011100110111100111010110100101100111011000000100100
111000100000100011110110101010111010001101100001111010100001
011110100110110010110011000110110101000100100010101010011000
110101000010001011100100111100000001100010111101011101110010
101010101000111100100001011011010001011111100110010010011111
101110101101000110100111001110010001011110111001010011111011
010111100100001001110110001011000111101011011000010011010100
011100000111000010100110011111011100101010110101000110110101
