000011011001010101001011101111011110101011000001111011101001
010101001100110111000110001100010110110110010100000111111000
101111100001011010100010000000000010010010000000010100110101
000000000001011000001011011100111000101100101101010111100000
100100011000101010110111100000111111000000011110010011111100
110100101000111101111000101101111010000110110111011011111000
000111111111011100000100100010011100101001110001110011010110
101100011111011111101100001001111110011101011010010111101110
100110001000110010100110010010111010010011110101100101101010
111100101101100111101110010011000011101011000010010011111001
010100100110100110111010101011111100111110011100101111110110
000010010011100000000111011111011101000100101010100101101011
001001011101111000000100000110010100101000101001010001101010
101000111001100100011100111110010011111010001100110110001100
010011000101110110010110001011000101100111101110101010110001
101011101100010110110110001111110111011001001100011010101000
011111001011001010011100101011011110011110011011000011101001
011010011100011101101110010011000000101100101101101011000110
101101001101001110011100110010001011110001111011011101100010
110010100100011110110110000011101100010101010111000011100001
011110100001010111001011111101011010100011101011000111000000
101000110011111000100101010010000000101111010000110001000110
011101100011000010111001001100010000011111110111100110110111
111001011011001101010011100101100010110101101011110110110011
010010000010000100110001100010010110010111111111100011101000
101001101000001010011101001100100111001001011011110100110011
101000100110000101111011111000010001000110001110100010010111
100011110001001111111001111010011111100010100010111100000000
101000000100000100000111101110101011000111110001000111110100
001001010110110100111010101010001010111101001010001100000110
010011101001000111101100011110110001001001110011100011101101
011100001111100111000010001101100011011111100100010010000000
100110010110001101111000010110010111000100110000110100101100
110110100110100101110100100111010110110111100110011100101101
001000101110101010011001111000111100011101011001100101001011
000000010110111110110101110011111010001110010010111010111011
101000101000100111000011110000100000110010011000100000001011
101110111011010001111101001100101000011101110101000001011100
011110010011000000111110111101101100100100010110010010110101
001000011000100010100110011011001100110110010110100001101010
