001100010011111000011101110101101011001000110001100100101001
110011010000010111010000100011010001001110000111101111001011
010101101011000001101100010100100110010010101001100100000110
111000111001011100110010110000100101011000101110100011110110
101001101000111111010000001010001110010111111010110111001001
010110100011111101100101001111101000001011011010011100110110
000010100011001100100010111010001010011000111000010001010110
000111101011011110111001100000001000101011001101010111100000
110101011001010100100000100011000110000100000101011101100111
100000111101010010100001100101000000011000100000110111010011
000100000101101010000111001111010100101111101111011100010011
110110110011111100110000101101110100111100110111101110001110
111000011111111001011100100011101010010000011111100100110111
100110100101100001000111010001000000010100100110110100101011
000011110111010111100110101101011101000110011000110100001101
111100000010000101010101101001000011111110100011111111001010
111011000000011111101000111100100001001110111111110111011000
011100100100110010000011100111000010010111100000101110001010
000101111110100001000011001000110010111000111000001100000000
001011110110100111001001101011101010001111100100111101110111
111111011000111010010100101111111110010001110011001101100110
011011010011011001101000100101000010001011011111001110110010
000110000110001111010101001000101000010111001111000011110101
010101111110010101000000001100000001111100001000011011001000
001011001000111110110000101110000101001100011101111111010110
100000010111111001111100010010111111000001110100111001010000
111101100101000001000100011101110101110011010000101110000001
010001001100100000101000010001110110111000000100100101001011
100010110010101011110110010101011101100111110110110110110100
100110000111010001011010001110100111000000001101111111110001
001101001110011110011011101001010101011111011100100100101001
000011001011011010011010010001100111000001100001101001111111
001000101101000110010100000101100111101001110011001110100010
100110011011110000110101011000000000001110101011110101100100
001000101001110111000000100001100110110010101100000100010110
110111110000110111111000101101111100110000010101000111000001
101100000101011000011001101101001001001100111110000001100110
001111101010000110100101010010111000110101110111110001110110
111101000101011100011000110111101000011100100101001100011100
000011110111111100111111110110101111010011011011101010101000
