010100010010111100101000010001110101100001010111101000110011
010001000110010000001111010111100100100001000000011100111010
111010011001001011111010110000100011110100010000001010110000
001000111111111111000011101111110010010001010011001000000101
010101100010011100100010100001101100001011000101001100100010
011111011111111100010100011100110110001110011100101100001011
011101010101011110101001101011011110011101111011010110010001
101110010100001101000001100100010110001100110101101010011010
101111100101001010101111001011010000001110100110010011001100
011010100111000100001001001001100010001011000011100110100111
011111111101001011011101000010010001110011100100100010110001
100010101110000110110000010110110011011011110000101011011110
111101000101100010100111100110111000110111100101101010010110
010111001011101010100000111011001001011001000110110110111100
011010011000010000001111111011110110001001010110010010011110
010101010101000100111010100110010100000010111111001000111010
101001101101000000101111111110100110011100000010111011100111
110011110000011010111110101001001101100101000000111011001101
000010111001011111111101010000110101000010000101000001111101
000101111010001000011101111000110110001100011110000100101001
111110011011000100001100011110011110010011010011101000111110
001111001101100111101111001011011000010001101011110101110010
000101101011100010101100111110101101100101101100101110001000
011010001111011000101010011000101001001111111100111110010001
000111111110001111110111101100001111101110001011101001111000
000011100101000010101110101111101011110001101101001011101010
100110100111101000111011001100110011101110111111000001010110
110010010001001010010010000110100001010011011011011100001110
110101010110101000011010111001101110110110010010000100110011
000111001010011010000100110010001011000100110111110100100111
001101000001010100101100101100001100001011100101010101000000
001001111101000111100011001001010100010010101111000011001101
000101010101011111101010001101001110111100100111111111001101
000111111011101010001011100100111000011000110010011011011101
100100001010101111111001010010101001000000011001111010001101
010101100101100100110001110111101110010101100000000110111011
001010111011101010100110010100000111010010110000100101110010
111011100000111110011000101010100111010101100011010101100001
100111100111110000111101101100110111000011000111111010110011
101001110101100010111110111001110101111100110101000010100010
