011011000000100110001101011110110011110001001100101100000100
110011010010111001011001111001100101110110001010111010011111
111010000000001010100111110101000101010100101101111010010110
001011100011001100011110101001011111000100100000010010101000
011100011101100100001011001010001100011110000110010011101110
111100110100000001111000001011110001111010101010001100010001
000001010100000011010000111101001000100101100110011100110001
001011011011010100101101100010101010011001100011101110010110
110011000100011011011010111000110110110101010111101100001110
101011011111000110001101011001101001110100111111000001001010
011001111110110011000000100101010000000011100111101101010001
010100110000000000100001001001010010010010101000001010100001
111010000101101111010100110001110110111100111111111001110111
010000100100001011000000110010011001010001010100010100011101
001001110100111100010101100000101101111110001011010100101010
101101000001110011111100111110101111101001011001100001100011
000000101100010111000111111111110000101101101000001011100110
010000110101111110001010110101110110100001100011111001010100
000110001101010111101110010111111010111001000010101100110010
111001011111000101100100100001010001110011100100110110010000
101111010111111001111101011100111010011110001011111011010010
000000111111110101111101010100101000011010110011010011110010
111011101100101111001101101000110110001110001000000100110111
000111101101111011001000110111000001111011011000010101110101
110111110111010100110001101111000101111110010110011111111001
010100010101110110111000001000110100110000001000110111110100
001011000010111011010100011000111010111010110100111111000100
101100110111100101100000100111111100111111000011110001001010
001001011000011110111011000101000100001000001100100001000000
001011001110001001000111111110000110110010001011001100100011
111100101100111001011100001101011100111111001110000001011100
110000101000000011111100101100110011100110110111110011000100
011100110101011110010010010111100001001100111010111010010011
011010000111010010101100011110001011110100101001100000010011
111010101001110111101011001011111100111100011000011000110101
100000100111110010000010111000101111000010101011100000111010
101101111011011100010101100010001011001011100011001000101110
000001001001101100011111000110000011011111110011001110111001
011000110111101000000011001101110111110001011110111100010101
100011101110111000101011100001111111111011001100011000011100
