000010011110100101000010001000111001110001110000000011010101
010011001101100111001100110101000000111110111100001001011100
011101100000000101111000110110100001100110010001110011010111
001011011111010101001010010011110011111111111000011001001011
111110010101010110101100101010001110110110110000001000000000
110111111100100000111010101111001100101001011100010010010000
001001011000100000100100011111101111000110010001001011011000
000101100000110000111111111110110110101011011110010100011001
110110100011011101001011110011100011010100011010000010101011
101010110010100010011101100101100001010001111001100110110001
100110010111111010000111110111110011100001110010010100011110
000001011000011000000100001100011100100111001001001111100110
110010101101100010100001100110011111111110000100110111111011
101000001110110010110111101010100011011111011100000011001111
011010111110011001011000001001010111110101100011001100111101
010110001110001000000011001110000111001010101111001100000001
100000011001101010111001011000111000100000100110100100001001
100001001110000101101000100000010101011001111001010010100000
111111110111000011100010011000000101010110100101011001100101
110101101000001000101100001000011111111011000001101011011001
100010001111101101010001111000010111010100110011110111011011
011101110001111101000000000101101011000011011000110101001110
100111110011111101111000010111001001010000010001100111000010
110001010111010001010011000001010010001111110101011010101100
010010000111111111000100111000011011010010001101011110101101
111101010000100000110011010110001111011000000110101110011000
111110010010110010011110111100101100100111010010010101100101
010100100001011100011101001000101111100101001111001000101101
000101010011010001100111001010000010100111001110101000001100
000101011011100100100110110110110010001010011101001001110110
111100111100111001111110011110010001100101010101000000100111
100010111000110101110101010011001101111100000100011011101100
001110011111001111000011100101001010110100110011010100101111
011001110000000101011001000111011011010010101010010010011010
001100011010111100110011001011100111010111111001100100110001
011110011010110001000101101111010001100010000101110010000100
001100110001000010001010100000001001011101001100010111011011
010111000110101101100110100000011101101111000101111000011111
010101111001100000001110000011010010010100001111100010000111
010100000100000111110011100011000000010011010010011001100010
