110101110100110101000000111001110111000100000001111101101000
111111111101100001101011111000001000001001011101110110100100
011000000100010100011101001111110000100100011111001010111110
111100001111000101011001010001001000001110100100001011111010
010010011100110000110100101100011000100100011010110001001110
110000110110010010111011111010000110110110001110010011111010
111000100000000011100011010110011111101100111001011001001110
110101011010101111100000010110010101000001011010110111001001
100110011110000100010100110010001000011011111001111011111101
110100111110011011101111111100011101100001110111000001101000
011111100111111011110010110011110100010100111000100010000111
100101000101110101111001001011100110010001010010000110101100
011101111110011010100110000100010111010011000001001100101001
000010101111001110011100111111001001000001001111100111101110
000101101000111100100111000010101100010011011000000000111011
000110001011010101111101000011101011011010100101111010011011
011100010100010101011110101000101100111111001110000010110110
011100011011000111000111111110010110101010000010111000001010
110100101011100101000111010100111100001100010011110001000001
111000001001011101001010001011101101000010011010110100010100
100001100111011111000000011001001101011101101110100111101111
001011101101010001101110100110010000100100000110011100111101
011010010101101001110110000111001101110110100001011111110001
110011110000101000110011100001000101010110111100000001000001
011010000000110000100111001100100000100010111010010001111101
001010111011001011011111010010110001001100101000001010010100
000111011100110111111111000101100101100010001100100000111001
111010101111010100101111010111010110010100110101001000111111
011011101010001011000001111010001010100010011000011111110111
110101001000011100101111110101101010000001101011100100111110
000101101100010100100111101111111011010100001110001001001001
110001010010001000000000010001011101100110111110000001011100
110010001000101010101001001001001000111101010011011110000011
101111010001001100011101111000001100011110110110110111110000
001100000100100101000110000110111001100001000100010111100010
010100110100001101011100100111011000110010110010000101100101
100000010111101101111100011100010001110101101010101110011111
011100111110001000011000000100000110110011001111001101111000
011111100011110111011111110101111010010110011000010100010011
001010100001001011011010101100001001001011111111001000100111
