001110110101001110000101000011010110101100001000110111001101
010110101111010001100101110001011101100000010000100000100111
000001001001001101000001110011100100010011010010000001001010
011101101001111110001001010110111011110010110000100111001101
001000111001110001110000111111110101110100100010101000110000
100110100110111101111101111000101110111001110101010001110011
101101110000010000111010111100100011010111011100011011101010
011110110101010100001000000001111100010000011001010010110011
011000001111110011100100011011001100011111110010011000111011
110100110110010111010110010011010100101010010011101010010110
001100001111100100010011011011111000001010010001101010101101
001011111001110001011011100100101110110111010101001110111011
100011111100001010001001110001011100110111010001010010110001
111011100001110100101000011000011001100101001110111111011011
100111100001111011111010000010110100101101010010000011100100
110010000000111011001010011011001010101110101001110001010001
010101101111001000000001101001100010100100001000111000100101
010011110000111000101111100100001011100110000110011100000001
101110100111110011000111001110101101111010001100001111100010
111000010100110110100001010001011000000010110001100100010111
010001111000100011000111110100011111010010111011011110000011
110101110010000001100010000001110111110100100010110001111001
010001000011000100010010011011010001111101100110111100000010
111111000111110000111001111101010000111111111000101011111101
000000001011110000001100001111010101101101110011101111100111
100101000000100001110001011100001001101001000100111000100010
011110110101101001010010011111011001110101110010000011001011
111000111011000010001011000010001000011101000111110011000111
001110011100010100101111001001111010011111001001111010000000
001010001101110111011101010111100101001001011001100101001010
110000100010100000110011100100000111010101111000010011101110
011010010010001010111000011101110001100010011011000010000101
110111101110100010101111100001011100100111101000000101001001
001000110001000101111010101001000001101101110011110000011110
100110010111111001010101111011011100011101100111111110111001
010010001101010000010100011000010111001011010010101011011111
100100010110001000001100100010011010101010101111001001110101
000100010111010011111110110010011010001011100100011011001100
000000000000110001110111000100111101001011001111000101000001
010110111011001010101010010111000011011101011110111110000010
