101101100010110111010010111110001110111110001001001001101001
101101000110011011001001010100000001001100010000001010001011
111011100011100110100001100000111010101101101001010011011101
100110000101010001110001110011000001101111110101111111011101
101101111000110010100010001111101110011101001111110100011111
010100110001000111010110011101010111000110100010011001100111
111100111110011101000000010100110110101010110100111110010110
000100010111000110110101011001101111000001101100111001100000
111100010010011101111001010100011011100100001101110010110101
001000010111011010010110001100111000001101011010100011010000
101011001101110101100000010111011000100001010010001010011100
011100011111010001100110101101010111111110001001101001010100
000111001000011100100111000011100100001001111100101100000000
100111101010000101100110010111001001100100100111000000000001
001111100101011110010010100011110010110111101101100110111100
101000001000010100011010100001011111010010010001001010010011
000010100110000111001000101001111100011100011000101000101010
111001100001101011000001010101111010100101101100100011101011
110100110111010000110101011010001101011011001000000100000110
100100011101110011111011110011001101001001000010110101101000
000100111110100110100011010100111011011000101010110111101010
100000100100011000110001101001110101101010100101111100011011
110011000100000101010111000000100110110100100000000010010110
100101011110000110110111101010010101000101110100000110001111
101001010111110001001000101101101000111110000110000101111001
111111110110110001010101000001000000000110001111000110011001
001101010011111110011010011011000111010011010000011110101010
001000011110011100011000110010100011100111111011010001101010
100011010000010111001100110011100010101111110111011111000010
011001000100000110100010111001010010110001001001010101001111
100000001000100110101101001110111100011100011100001001110110
011010001111100011110011011101110100100101011100110101001011
001111101111011011000111110010011100000001000110011101000100
111001000001000000111100110100001101011110011101011001100111
100110010011010100101100000001001001000001011000011011001100
111001100100000100111010101110110110010001010011100101101101
001110010111111110001010001100001011010111100000000000000110
111001010000010010111100111100000110100111100111111110110111
000100010110000001110101001100001010001010101010111010011110
101001010110010010011000111000110011001101011110101100011011
