011010010101010111100010101111111100110110110001010000011100
110110100011111111000010000001000010111111111010110101011110
111101010111001011101011101000001010110010100101010011010101
110101110001000010110010110001001011111010010000011110111000
101000100001100011000100010100010001011111101100101011111010
010011111000001111000101011100111011011011000001100001010001
001110111111011100111111101111001111010010100100011101101100
100111100001100110100001010001100000001001110110010100110100
111010100011010000111001011010000001101011111001100010001100
110010010110001010010111000111011010100011010101000011010101
000000111101110010110011111001101000010000000011111111101010
111011101111111101010010010100111110101000010111111010101110
001001001110000101001101000111000110111010001010100110001000
000100110001100101001111110000011011100101000110000010011111
110110010011010101101111110100100110000011110001111101110001
100100111010011010100011001011100011110110100111001010110000
001001110010101111110011110000001011101000011101000011011100
000100011100011000011001101111010010110010001111110000000101
011011011100111011011100101100011000001011001001000001110100
001001101001110111000000001010001011010011110111110110011010
000111111000101010010111010100011100111001101011001000111000
111101001010101011010010010101011110011100111111010001110110
111100001100010111000101001001011010000011001101011110000010
001011101010011010010101010000111001111111010111111000100110
000001010010110101011000011111001011101100110100010001110110
110100011101110010010110001000100010011010101011001001000010
100110011110000111001100100000000000001110111111010001011101
111010110111011000100110100101001110111000110011111010100110
100001101000011001101011010001100101010101111010100010001100
011000100110111111101111110100000010001000011110101100101100
110011111100111100100101111001110010100100110011010010001010
100001010110101100000011001100101010101011111101110011111001
010011001010010101001011101011101111000110011101100101100101
110111100100000101110100111011101110000000100100001111110110
001110111000101000100101110010010111010100010000111010010110
110100000001111011110100100001000010001001100110001100000111
100000101100010010010111101011110101101100100010010101011111
111111100010011011111110111111110111100011001101101010100010
110000000000100100011110000101001101111001010011100010001010
000000111101000011000110000011111011101100000000001100011100
