100011011110001001010101101011010101001111010010000100001000
011110001011011001101111001101111000000100101100001101101011
111101000011010111111110111011100111010001101010100111010101
010111101000000011101110011000011110111100110111100000110110
011101011110101110010111010100111111110111000111100110110000
011010100011010010000101010101010100100101001011101011010100
101010101101100011100111110000111111110111001110101100011110
011010110101101000101100000101101001000011010100101110011001
000000010000101101001101100010100110111101101011111110110011
011101111000010110100100011010111111101110011001110011100111
011100010101001001100000101011101001010110111001011000011100
101111110101101000101100011000101000100000010001010100001100
100110010000111101011000101011000111001100010100110000101101
001101110100000111001010010101010000011100001011000110010101
111101001110010111111000001011000001111110111111101101100100
000000100100000010110001101100111100110011110111000111001111
011011111010110001101111110011010110101001110001000000111100
000101000000001100010110101010011110001101100010100000000111
100110001101101111101000111110100000111100100010100011100010
100011111000010010100011111101010110010100001110001010001010
110000100001011100101011011101100000110010110101101111101011
110111001111110000101000011000000110001111100000000110111000
010111000111110000000101110110100100010110111100011010000110
011101111011101111000111101100010010010000011110111110101011
111011000001101110000101110011010011111011101011010101001100
101100010101001101101111110110111101110001110111110011111010
100011111111110011001010111011000011001111011101001110100001
100110111011101110100110111100010010100001000101100110110111
000010111101110010101000001110000100110100010111111011011110
101001001110001101011111001100100101001110100100010111010001
000100001101111010100110001110010101110110101101010111110001
111111000100111011101101100111001111001010110111101101001100
110010110100110111110010101110110000101001010111010110101100
111111010101100111111010101000111001111001110011111011001111
001111011011001000000001110100111111001011101110001001011110
000010100100001101000010101111110000101010111011100101110000
100101010111101100000101010010001001111000111100101000100110
110111000011110011101110010100011101001100101010110011111011
001010101111100100001100001111110010001111101110110000011011
100100111000011101011001010111001101111110100110111100000111
