111110001110011111101101100101011011011101011000101010011011
111111010110001011110011101101101001010101010100011011001011
110101010011111100110001010001001010011111011110100100100010
100010110110011010111101111110110000110110110010001100111111
011111011100100110010010111010110000011110100000001010011011
010001001011010100000011011110100100100101101010101111101111
010000111001111011110000100110011010110111011011011100000110
001000101110010011001111000111000010011001001001001110101101
101011100000000110100100111001000111010011001111000010101110
001100111101101011110001001000100100100011100010011001011101
101011000001110101001110011010000001101101000001110000001001
110010111100001100001001101111100010011111111011001101111011
000011010100110000011111110011010110111110111111111100101001
110011010111101001100000100001011010010111110010100011101111
000010001010000100100001000111100101111000110010101100011111
000001000010111010010101111000110010011001001001111100010110
001100011010100101100111011111100100010110000110011001110000
000000111011010011000101000111110011101110100011010101100110
000100111111101001110111000010000011111111010001101001100100
010011011010101101100100110110001001011011010010111001000100
011000110001101110110001010001100010110101111000011011011001
101010000101111111010001001110011101010100101011101000001001
101000101000010111010011001101111100000110111111010011011001
001001110000010011110000010101101001110000100100101010011110
110011110001010101010111101101101011100001100111100101010011
100111010110011111110111001011101100010011100001101101001110
101110010010100010001110011110011001010101110001110010000101
011011100011101011000110010010101011010110111010001110000011
101110010000101100001001101110011110100100110110010000001110
100111100010001110010001001011010011110010111011001101011000
010101110000100100100011001010010010001000010100111010110010
010110010000110110000101111111011110111010000010110100001010
010001000010101010110101000100001100000101111000011110000010
011001010001101111100011110000011100100001011001010001111011
001000110111001100111001010111001000100001101010110100101110
111100100100100011000101000100110100101000101111111110111001
110010001101011110111000001010000111101011010010010010000000
110010100110110001110111110010100010101010100100001100011010
100011110010110100100001111100100110010110111101011011100001
001011101101111111001101100110001100110000100100011110111011
