010110010000000000100101010001011101101110001100110100011101
011011110111100111000011100111101110011111111000000110010100
110100101110101111100101001001101100000011111101111010111011
111100000000100101100110010101110010011110001110110101110000
001011010011011011110011000110011010000101010000111101011001
000111100100010010001100101100010101101011001101100101011110
101111011110111100011010100001111001010100011101111101110000
100110100001001110001000011110111010011000001001100111111010
100001000110100101001110100011010001101111010001011000110100
110011000010110111101010101001100110000100010000001011101011
010001011000111101011001011010100110100101111001011110100000
001111010010011111100100101000010010001100100101000010101010
000100001010010100110100011001110010111010001001000101111110
011101001000111111001111010010100000110001010001111101000101
110010100100011000000100110100101100111101110001011100110110
010010000001111001110110101010101111100010111100100100101111
101100101101000101011111110000011011011110000001101101010001
100111000000010011111000100011100011100100001100011111111110
011000110110111000001001111010010000101011010101011110111111
100000001010100100100011100001110110011001001111001110000001
000001011000000111111101110100100010010111101011100100100000
011000001110100110000010111011101110010101111110111000110001
000001101001011101110111011000111000111100110000001100101001
010011010100110100010110111011101110011110100110010001100001
101100101111110101001111101000100101010110101011101110001000
100111011000101110010101110101110100111001110011101010111110
110000101001111010101101111000000111010101111110101100011001
110010001001101011010110111010000001000000110110111100101000
010100111100001101011000101111000111101101001101111100110010
111001001100111011101011111110000010011011001000111011011100
010000010000100110010100010010010110100100000101101001111100
110100110111101000001100110100101000100100110000100010100100
000100010111100111010011010000011010001110100000110100000101
101011010101101101001100110100110100001110000000101011111001
101011001001011010101111100101011101111011101110111000110011
010001110100111010001010010110110011101001111101100011000110
100111111000011011001001111001111001111111110001001010111011
011011111010000000000100000100111011001001101011011111010010
010110010110010101111101001101001110000010101101011110100010
110111011100100011001011001011000101101011010110101110100010
