001111010011000100001010111110101101101100011111111111101000
101011010000011000010011100111000100111100010100011000101010
101101011110111100111111100100101110110011100110000010000001
011010011010111100011001011110001101111010001100101111100111
111110010111101010011101100101001101000101000100000101000110
011110110011101000000100111001001111000110000111111100001010
010001000110101010001111110110100101001101010000101101011100
100001110101000111111111010101000111111101001010110001111101
010001011111001000000101010110110110000010010001101011000111
010110001100111100100000111011000111010000110011001101100110
011011000001010001111101011100011101100101000110000101110010
010011111100011011001010111000110100111000000100010010010000
010111000111111010100010010100000001000011000010000010111101
111101001001010100101011111001110001110101101110111111100100
001010001100011111010101011011011000011010110110110010100001
010001010011001100001111011011100011100011100100001000100100
010110010100101100010100101111100011001011001101010111010100
100101111011011010001010101110100001101101100101000011010100
011000110000000111011100110110101001110000000011010000111111
010000001101110001010000101000011000010011111000010001010000
001101110001111011001111110010101100100110001111101111100010
101001000011111000001101001100100000011100101001100010111001
010011011001010100111000001000001110000111101011001101011010
010101110010101011011010010010110110011100110101100010101001
101101010111100011011001000101011010011010000000010011000010
001011100101100000010001010001100111110010001001011011111111
011101011110101000110101010011000001001011101110110011011001
101110010111110011100100110010111111110101010010000111100000
101011010010110101100000001001011101101110101001101000001101
100100010111101001100110001101101000111110010100011010101110
000010000001110101100011010111110111101110000000110010001111
000001110111110101111010001000010010000010111110110000101100
100100000001001000001010011000010101010011001100000100111101
110110001010010011100110111010010011101000011100010111100010
001001101100101111010101100101101011011000011010110100011111
011101011000011110010110010110000110011101010111010001111100
011010001101011011111100010001000000110010101001100010111010
010010001001011010011011111111110001100110100011110011000011
001101110011111000010011111000111010100000011001001011110101
011001110011010111101011000110010000001100001000101100000010
