100000001010000001011100000101011111010110011000001000110111
001011001000110000111001111011001011111110000011100000011100
010101000010101001010000000101101010111010001011100100011100
011011001011000111010010001010000001001011000010001101011100
111101010101100110000111010011001110111100010100110010010010
001110011100110101111100010000100001001011010011000011010001
111010101100001100101010011000100100011010011001001010111111
111010100111010010101010100011111000111101001000110011011011
011111110100110110100011000001110110001001100111110010111010
001111110010100111101001011101101001001111100011100001010111
110111100011001101110011101000000010100001101011100010001001
101111010011010000110110110001110000011000100011011110111111
010110110001010010010101011001000011100111011011010111010011
001101110101110100101011101100101101101100101101100100000100
001011100010011001000011101010100001010101000011101111100101
110101011001111010100000100010100010101110100000101101011101
110101110110010001111001001010111111010100101100000001000101
101010111101100110010011011011000110111110100001011000100100
010110001000110110001100111010000110011111100000111110111001
011000111111010011011111010000110110000111101100001011110101
101010011111111101110110000010001110011001010101001011011001
001000000000101010110100001100101110101000001100000111101011
011100110110000101100001001001000111001100111101110110111110
000011100111000110011101100101010101110010100011100011100101
101100110110101010111101111011010001100110101111001011011000
100111011010100110110000011110001000100010101011001111000001
011001110111111110010100011001101001011101010101111111110010
110000110111010001010011110100110001010101101110100111011101
000011111100100001011110101001011111001100110011000001000001
111001111101010001001110010011110000001010011010100100100010
011110011110100000111010010001100101001101111001110110101001
010000101001001111010011111011100010110000100111100110111001
011000100110001011101000011000010101100011001010010000011001
000001111000010010011100011111001100001011010101011100000001
110101101101101001101101111111001000110101001110100100000101
000010110011000111101111101011110000011100011010000000111011
010110101010001011111001001001000010100100011100110000111001
001000111001111110101010110011100011101001100010000101001110
111000110110000111101111110000101110101010000110001000010001
100101111110100011110101010001110011011010110111100101010011
