010111101100001111001100101010100000001100001110110000111100
000011101000001101011011010010010100001111100100111100100000
111010010111111111000110110001101010101000111011010010000100
100001011110110110011110010100010010110101110100001101011010
110011110000100000101000111111101000111001101111000010110010
111110100101001100111111011000011001100001110010011001100000
100100101000001010010001110100001001100010101100010110000111
001010101100110001000000111000010011011110011000100000011011
000110110100010110111001001011110001111111001010111111000110
010000010000111101111001101011111010110010101011111101010110
111000011100011011000101001100101010101011010110001010000011
111100100101100111100100110111011011000010111100110100111101
010001110101000000110110000011100111100011110000111000010111
001101101001000010011010111000010101001011010000001110001011
001101111011101101011000001100001010110111010111010011110111
010100101101111000100000100101011101110110110111010110001000
000110110010011000100101111100100111101010100010011101100101
001011110101011000111100010011001001010010010010100001010000
001110111110101010101000001101011000110011110110001100001010
000001010011001010000100100000001111011001010000111011100101
011010111000100111001010111010101101011011011111010010001110
101001110000100110001010110100111000110100000010110011011000
110011110111101100011000111010001100000000011101010111101011
110101011001001111111011011100111000101010011000010100011101
101111001010111010101010011110111101110010001000011110011010
000111100001000001001111010111001000000010111111110001111110
111111000100011100101011110010100110110010111110000011111111
000010110000101110000001101100101011010111010111000110001100
000101100001011110101101011011010100110001011100001100111001
011000000011001110010111011000010111110010111111101100000110
001000000101001011010001000000010111101011011110101010111000
011100111110101011101111111100110101100010101101011110111110
111011101010101110101101011111111001101101001010011100000000
001011010000111011101000101100100010110011110111010011111111
100110011010000110111011000101100101111100001110010100001010
111000101111110110110011000010011011011110111100011100010000
010101100011110101110010100011010001100010000000001010011100
100101100110011111011011010110000000110110000011010001110011
110110000000110111001000010000001000011011010000001100010100
001100010100011001001101111001100111001101111101000000010110
