001001010100111010000110001101111000111010011010010100011010
011000010011100100001011100101101110001001111010100111000010
110000101011100000001000100010000011101101110111100110101001
110110111111000011010101010111101011001101010110101111000111
100110101000001111110111111101110100011011100110100110101011
100001111100001000111011001000000001111011100000010001101001
001111000001001011111110000010101100101010000111010001111111
000101101011001111011101111101110010110110100110101111010001
100010011101010111001100011001101010001100111111101101111010
111100010010101001101100011111000001010011011000000001010110
101000101011110001111111100101000100101010011110110010000000
010001001000001111111101110011010000111011110010010011110101
000101111100111000101100001100000101001011101011010111001111
100111011110110101000011111111100110011010111011011001111101
001100111011011101100001100111011011000100101001101111001111
010010001001010011001011100011111101010111000001111101100000
001110101100010111111010100110001101100000010001100011100111
010001001010101100000100010100110000011110000101111111101010
000110010010101001010101011001101100101010100001001101110000
000101011011111001011110110000000001001101111001000101000000
011000110010110110110111100011011101011010111110111101010110
110110001011100101111110110011010011011010010001010010000011
111010010110011110111011010001110111110001000000011011001110
100100110010010101111000000111100001111111011101111011001111
001000110110100000001011000100010100111100100000101101011011
010011101010000000111100101001101110001111011100000010100101
010110000100011111011010111101010000111110001111110011111111
110110100010111111101100011110000000111001100100110100000000
111101100111011101011011011000110101011100010000001011101100
000000101111100000101110001100000010101111000000110000100000
010011111101111110100011101110100111110111001000001111100111
001010001110010011010101001101001100000001011111011111000101
000101011101001010001001100101111011000110010101111001110100
101001100111010011101100001110011110000101111100110100100111
101111101111010000100101101100001111000101111100010110100111
110101100010100111010111100000000110011010011010111010111010
101100000010101100001000000100010011101000011011011110000000
001100101110000111001000110100000010001111100000010001001000
110101011101001011000001111101011110111111100111100010010100
000110010100110000010000000101011100111001001101011011111101
