100111110110100101111101010001100111010001110110111101110001
100000110101000010111111100011011011010010001010011001010111
101101001011000110011110110111111101110111010011010000100000
011000010010000111101110100001110000011010110011000110000101
000011001000011111000011011110010111101010111010010001111001
110000100100010010011101011110101010010101001000000110010011
011101101111011010111100100000100101110011101100011001101001
110001011011100111001011001100110100111111110100111101000100
000111001010101111101111110001010100000111101100100110100011
100101111111000110000011011000000010110001010100101101110010
001001100000011110000110111001011000101111100010110110011010
011111011001000100100001100011011111100100110010100010011111
010001111100000111101011000010110111000001111011100010100111
110011010110000101001110010001100100111101111110010001101100
100001110000101101000100011011010110111000100101111010011111
011011010001010001100011011010001001101001011001111100110101
010111011010110000011000001101110011111000111110000001000001
000110101011111110111110101001000001000111101100101100010000
011110110100100110000110000000111011101011011011100110001110
011111001010011000101000111111001111100100110010111111011001
101000100010111010110100111001011110110101001101001010111100
111010001111011001100011000110001011000010101011001101101011
001001101001110000101100010110100101010111111100000001101000
111110011101111111110101110010111010110111101011111100000101
101100011110101000001111100101110001000110111111110011111000
001110101110001001011111000111110110110101100110101100111001
010101101001111101110011010001010110100100011011000110111111
010100001001110000001001101110010000111111110011001101000100
101110110100000001101111111010101010011110000010101101101100
000000011100100000010001011000111000001000100111101001010111
101010011111000010010101000101001001101000001010011110111000
110101011100111000111111100100100011100010001111101011000101
001001001000001010111100110110100101001010110100111101011010
011100011110011000001101100101001101010001010001110010100001
101110101000111110111011110001111110110011111111111101100011
110111100010010010011111010010011000111011110110100101100111
101110111010110101110100100010110010101001011000111001100111
110111000010010100010101100000111110110010000010011010101110
100101100010100100000111010000000111101010011110110011011111
111100000101101111001001101101100010000110110010101101101011
