100100000000111101000110011000001100001010010111110110100000
001011111000110000011000110000001010100100001011010011011110
001001110010000110001111011000010000101010110110110011001111
010111100011001111010100101111100101011101011001001001000010
000001110110001001001110100100110011110010111111110000010100
100111111010011010001001110110000001111101011100100001110100
101001010110000001100110011000101001110111110011110101111110
000000110000000100001110001101011111101110101110000001010001
110100011010110111001010100101010011100011001001111000100000
000100000010110000011010111001111011101110010100101100101010
100110011000010011100011100001111010001010001000101000111111
011011111100001011000010010110101110110000111111111000111100
011010111010000000000010001010011010011001101000101100101111
110010111110000110110111101010001111011110000100011011100000
111101010011000010010000010101101000000000100100110111000001
110001001110000100101000001010101110101001111110100011101001
101000011110111111000110111101010101011101011011110100110011
100000010011110111001011100010110111111001101010100101001011
100000010101011101000000001100000000100011010100000010110010
100000110110101101111100011100101101010111100000000110111100
001000010111100011011001110000001111010000110111111000011110
101110110001010011010001011111111100101011010000011111101100
000110111101010111010100100111101100111100001001011110101100
100000011011010000110100110101100110110111110001100101110011
010011110010010001011010011001101000000100010001110010100011
011010110110010001100011101000001111011110100001110000111001
010000010010001000000000011101011010001011010101101011001001
010101101000111110110011110100100111111111001010111100000000
110110010111000110101010010110110101001111101101011110111001
100011101100011000100001001001010010000111010001110010110110
111111101001110110000101110111011010001100010101110010111101
011100011010010110010011000000000011101100111001101101111001
100001011001101100011100001100111100010001011101011101110110
110010110111010001001100001110010101001010001010100111100100
100100111100010100110000111111111101110010010110111011111011
010011110000100100101001111111001001000010100000110001000001
111011101011010000011111010011000001100011100010011110011010
101011100010101110011111001100011100011001010001110100110111
101111110001001100010110111000101111001001101001010000000011
100100101110001101100111011100101110111001100111110110101111
