101100001011111100111100100110111011101101101001001111100011
000010000010010011000100010010010101110011101000000110111010
001100010010011001000010011011111101100100000000100100101110
001010001011011000110011100011000110110110111000001110011001
011000110011111100011110101011101101001000110111010110101101
001011111100110110001001000001001001000100001110100101010010
101011110110110011101111010000001111100000011111011001100101
010010010110111110111001101000011001010001110110001001101101
111101110101010000011000111010100000110010111010110011100010
000100001001010000110010001100111111011011011111100101100010
011010000110000011111101011100110010000111000101100111010000
100000010111001100001110101100101101001000110001010110100111
011111101111001111010101011011110000101100010111000111101011
110111011011101000111110011011001000100000011001100101001100
101110011101100110001000000011010001100111110001111010011010
101100110000010111101111001101011111010111000100001011001010
010010001110011010010000100110011111011101110000110010100110
101100010000101011110100111101101001111111011110100011001100
001101101001000110011110000101110101100111010110101100010101
011010100011011101010000001110000101001111110111110101111010
111101011101010101101011111010000110111001100111100110000000
111100010011010100000001111101100101101100001100000111010100
110111100011000100001010001110111100011000001100000101001101
110011000100111000100110100010100010100101001101001100011101
000000000011101001101110100010101001110101010100111100100101
101011010001111011111001110110111111110011110011110010110010
100110010100000011011111000101001000000011000100101001000001
011111111001010100111011100001101001010010011010000011000010
000100000000101001000101110100001011011010001001001100111101
110111111011101001111110010111100011101001111000101110101011
110000101100001001000110100000001001101100101110010100000111
011111011100100101111101000110100001010010101001011111110001
110110000011111000100010100100101101011100111011010001000110
110010110100010011011110100111111101011010111110010110001001
010101110100001100101011000111010001011011110011100000011011
100010110010111000010010010010001010111011111100000000101101
110110100010110111101000101111011001001010101111011111000010
001110010000111100101010011011101100110100101110011101111001
011010111100010000011101001011100000000001111101011110010010
110001101001101011001011011010101100000001010110010100100100
