000100000101010000100111011010011110101100100110110010110010
010101101111100011101001001010000100111110010110101000100100
001111000010110101110111111011011000111000110101110001010110
011100100011011111111100011111001001110010010010111001111110
110100111010111011101101000000101111100010101110100001100111
010001000001101100001111010111011010110010111001111001111110
100010001101111001101001100100101110000101100110100001011010
101011101101110010001000010001010001100011000010100111111010
010011110111111111111011110101101010011011100101000000101101
010110000011111110001001000001100010011101100101110111000110
011101101111101010001101110001101111111011000111011101010011
000100001001010101010110101011110000111101000100000111100110
101011001010011110100000101111110101100101110111111111011101
100111110100100111010010111001001001110111110101000111100100
111000001010010001001111001001111010010000010100011100000011
110100111110100111100111101001110111001001111000110010100110
101000001101100010011011110101001111010000111001010011100000
111011010011000110110001100110001100111000100011101111001111
000101000000011001000111111001111101010110001111000100010100
100001010011011100100011001000110110010000111001010001010001
111101111110001100011110100001100000001000101101100010101101
001001001111010100000111111000000110001001010000011001011000
100111001101000111110101101100010001011011100110011111000000
011010011010110000100000000010000100100000000001110011011011
010110000000001001011111011100100110101001100011100010100001
111000100010110111001100101101100001001000010111011010000101
001100001110001101011101011101100000111000000111110111100110
011000001000011100001011000010100010111010101111010100010110
001110000101000100111000001111111101101011001001101101100011
000110110001010111110110110111101011000000001101001000110111
000101111100001011110001101011001011111000111111011011010001
001010101001010111000100101100011001001000000101001110101011
111011100001000010000001111000011011110001001010110010111111
110101001111100111001000011001001011110101010110010110011001
100001011110101100101101001010100111111100101000101011110100
100000110101001101000101100001001110011011011101110110000111
101101110111011101110001010100011011111000101000011010001011
101000001100010100010001001111111101100011011110100001001110
101011100100011100001110000111010101011101011101001110011111
001000011001110001000100110110111010111010001100100110001100
