101100101011101010100001011101111110000101110011001100011010
110101010110101111110011010001000111101010100000110011110111
010101110000110011111010001111010010110010001010100111000110
000111000110101000101001100101110001001000010000011101100101
100111101000011101110100111001000111011011100000001000010100
100111000000001100101001101101100110100110011100110111100110
111100111100010100100011111000111011001101111100101100100001
100010011000101001110111000010000010111011110011000111001011
111011000100100001101011001010001110000100010111101001001001
001111010001100111011101011110001001010011101001000110010000
000001110011111001111111111100000111011110000010010111011100
001111010011010100011000000001011110101011001000111000010011
010101101101011001011000111000111111011101010001110000011110
100100100000011000001110000011001100110000101010001011010101
110011001001000100011111100110001010010100111001010110100000
000111010011000001111110001011001001111101000000100101110101
100001011111010011110010001100110001110001100001101111101100
010101011001100000010101111010001011100101101110010010011111
101100111110111100111100110000011010100110001111001011001101
110100011000111100000011000000001110000100001001011011110100
100110010011101111110010101100101101111111000100100111101110
100001100110110000001101100111100110001001111011100000011101
011111111110001010011110010100100111010011000111101000100011
010100110101100010001111000100001100111000010001000101110000
001101010011001010101010011010010100010100101101011010110100
001110000011111000001110011110111110110011001000010101110101
000111110111101100110111011111010111011111011100101011100100
101100010110100011001010100111101011101001111100010111101111
101010001011000111101100011000101111010001110100110000011001
011010011011000001101100101100110010000001010101110100000111
100110100011111011111110000000101010101100000001110001010101
000100010010110101101101000101011011001101100010110110010001
101001100001001101110010101000001101111100110010111101111010
100011010000110010110001110111011100001010000111011001000100
010001111011001111001100111101001011010010011111001111100101
100000001011001010111101100001111000100000000110111110101000
101001111100010111101001111010100111110011010100010001011110
111100100001011111110010111000100010100001111101011110110010
100101110010100010000010000100000000010000000111100000101100
001000010000010100111011000001110011010010001010001011100011
