100101101111011000101010110100100111000010011001101001011110
011011111101011111101101000101010000110000011111001110000110
111001111111111011000011011001010001100110011011000101110111
110000011010010010111010010101001011111110100110000110011100
110101110000000100101110111000110010111000001111011011011011
010100100000010111000000010000101100000010001100010111101100
101001110000010001010010110000110110101100010000110101001111
001101100010001110010001110101001001100110100010001111110111
110001111111001000100111000000010111010011001011101011100101
010111011010010101000010100001101001011000100100101100010111
100101010110110101111100010100010110001100000000110011101110
000100111001000110000010101110000000010011010011100111001100
011000010000000010001111111001110110101010011100011001110011
000010011011111111101011010111001110110000001001000010001111
011111100001000101000010101011000110011111101001111000100011
101010101110001101000111100011011100100011111100110001111101
101101010001000010111110111011111000001010101100001000000000
011101100011001111000011010011001110010111001000110100011001
010101101111111110101101010110100101101010110111011111001100
010011111010011101000100100110001111010001011111011111010111
011110010100001110100000111001000010010000001001011010101010
110101011001011101101010101011101001100100001001111001010111
101000110100001100100101110011110101100101111111111010111110
001000010011010111110010111000000101110001010110011111001100
010110000000111001100100101111101111111001101110011100111100
101010111000101101110101101010101100011000001111010011100000
100111011000000000101000010111110101111011000001111001100101
010101010100100000001011001100010010001110011011010010001011
000111101111000111111101001100100100101001110111100010111111
010110001010110001001101011001111001110111111011100111110110
100000110001111001101010101011110000010100010001001111111100
110010110011011111110010000000111101010010101011001001011111
010111000110100000101110001100101100011111100101000100000100
001010110010100110001010110111000100110111000000001111101111
010110010101011010011010000001111101011111001010011111100111
100101111010110111110001101001101000110010010001101000110101
101110111011011101100110111011100110000101011000010101010100
001110010110111110000001010100001010100010011101100011110111
001101010110010010111110100010100110111111011001011110100001
101100110000000100010011001101011100111110111111001001010111
