011011010101101000000011011101100000001111101010000111000001
000000000011110010110110111011101100000001000100010000000101
000111011001000011000001011100000101010111000000011001001000
010110100110110110001110000110011000001100011110110111100001
011101001001011100001101101001111010011011001010111001110110
100111110101100101101111110111010100010011110011001000111100
110101100001010101101101100010110110101010101000111100101000
011001101001000100101000011001000100001001101001110010010111
110100101001000001110100101111000111111101000011000001110101
000010111110000000111111111111100111111011011000111111110101
000111001010111101001111110000010010110100000010100001010101
000001000111101110000010001100100000001001100011111111001101
001100000110111000100110010100100000111110001101000100100000
101100100011100100111000101011111101111001001001101111111110
001010000011110110001111001010111100011110101110000111010010
011001001110110011001100110110100011000100110100010111111100
011011110110011011100010001010111000010001101111001010101011
001001010111100010010000101100011011010001011010111100111011
110001111110101000101111011111100100011001101011000010010100
111101010111010000001011111100000010011100111101000111110100
111111000011100101010011001011100101011001000010011110011011
111110100111110110000110110111010110111000011110111011011001
011101100000100111110010011001111010000000001000011101001011
010000010100011010101111001110111111110011010010101000010111
111001000011001100111111001000001101000001010010011000011100
001010101110011000001000110010101101010100001110011011100011
000000111111000011111111000000101100010111010110010011111111
000101100001011101111011000111001110100110110111011100001100
010111001111001100001010010101001100110111110000001001010011
001100010110001111111110101101110011011010110101101010110100
101111011011000101101100101100111101011000100100110011111001
101110011000110001111010010010111000110100010000110100101010
111101011000011011101110101000010010100001111010101111101011
110001111111111101110010101101000001100011101110110001011000
011111111001001010110010000001110101110100100000001101100110
101110010100001110011001011100101101110101000101111110001110
011100010010011000100011001001011000000010111101001101000001
110100010101110001011000001010100001100000011110101000010110
101111101101100101000001100111011011011000111011001111100001
101000011111001011100101101110111000100001110111001100110110
