111001100010001110110111010010100010101000011111110110101111
010010100111011000010010000100011000000001111010100000010101
010101101001110001010101101010011101100001111110010011010011
010001111110100100111001100011101100001101001110100111100010
000001111111110001101001011110110100000101001001100001000101
100001001001011110101101100000000110110100100001101001110111
100001101111110100000110111111010100001101001001111010100001
110001000011000010010011110010101011000111000101000000011110
101001110001001001010011111110010001100010000100100010101100
011010000101011011110010110010101001001101000110100000010111
001110101011100011111101110111110001011001011000010000000110
111110111100001101010001110101111000111110010101100100111100
111100101010001011100000100001100000110001101000010111010000
001001011000010011101111000110111010111000011001000100100011
100110110100011100110001101110011111011101110011111101111110
101100001101001100111101101111111101100100111101010000011111
000110011110001101010001001111110100100000100100011010111110
010110000011000000010110001010010101101011000101101001000011
000001111011001100010100000001110111100010101100111110011001
111100110110010110001001101011001101100010011001011100110000
110011011111010110110110111111101000000000000000101101110010
011111101001111111011000000001000100100010000000010100001000
010001110001101000110000110100101010100011010101011001001111
001000000001001000001011000101111110000010001001000101011101
001000110000011110100001010000111111100100011001111000100000
011100011010100101001011011010001000101000010101111101101110
100100010111010111010110101011011101000000010011010000111101
000100110010000111010010110001101100000110011100111110011001
101011000110011110110110101100100110001011010110111000110101
000000010011111101010100000101001000101110011111011100010100
001010001011000110001000010111101110011100110110101101000101
010101100101011010110001101101111100111100000000011001010011
010001001000000111011101011101101000100000011110100000100101
111100001111010111011011011110001010010111110001100011101001
100100110011010100011011000010001010111101001111110110100101
110001101101100100111010010010001100010111111000010110011011
110111010100011110000101101100001001000101100101111011001000
111100010111100011011011110000111100110000100101000011110010
101100111001011111000001101111111011000010001110001111111110
100100110000101111000101001000000110100001110100010000101011
