110011000011101110110101101100111100010100111111100100100111
001001111100101001110100001101011000000011101011100011100000
100001111001100101000100001010101101010000110010010011011001
000001111000000111101010100111000111011011100100010101011110
100100010110000110001000001100111001101000100001011101111101
101001111000000011110001100111011011100010001111100101110001
101101000111111001111001010111111101011110100100011101010111
100011011000011001101100100010101011010011001000000000101010
010100000010101110010111000110111111000010000100110101011001
001101101100000010110011111001101000100111011010011111011100
000111111111111000111110111111000001110111110001001111001101
001010100001101010100010000011111011111001110000101001011010
011101000001010000001001100011101111010111110010101010000100
010110111101011101100101110101100100000110010110001010010100
011000000011010101000000010111001001101111010101100110000010
001110010111011011101100111010011000101101111010101111111110
011011110101101011000010110000100100101101111100110000001100
100011000110000010011101001001010100110001110000100000011111
101101100010000000111010000111010001001010100001100111010110
100100101010111000110101010001101100111011011101000001101101
010101001110111000001100110000000011000010001111010111001010
010100110111101100110100101111110011000001110110111100111101
010000101011010000110100101000011100101100100011000011010101
100001001101000010101110101110100010110010110100101100010000
101000001010110111101000010110100001100110111101100010011100
110110000011101000110010110001110001101010101110000011010011
010111111001011110010000110000011100011111100001001011001101
101011010100111011100010111111000011000001001011101111100111
101100010110101101100011000101001101110011011011100010100111
101100110001110010100111111110110110101010001110100101001111
100010001101001001001010100011000011100000001101000011100001
001111100010010110001111101110010000111010011000111110000101
000101010110011100000101111010101010001010010101111011100001
110111100110101110111100001110011111111001001000101111010001
010100000111010000101010100110000101010101110011110001000111
100111011100100101100110111100001100000100010101111000011000
000000110000001110111111000101111010111000000100001111000111
111101101100000000111101101010001010110111001101000100001100
010001010011101101111111100111000011000111111000111000101110
000110001101111001101011011110000010001111011010010101011000
