111111000010000100110100101100010000111111011010100110101111
011110000010011110001011001010011010100011101110100100011111
111111111101011000100101011000110100000101001110011010011010
000001100000010000001110100000110010101110010011001011100100
101010010011110000001001110101001001011001101000001000011110
001110010110110111000010111011011010100100101101100101001000
000000001010101110101001011100110011011010111100100000101001
000111011001011001000111000100010111001001010101010111001110
001111011000010110011001100101010101001100000001000010110110
100001110111101100010011000000010010011010111000101110100101
011010110100100010000111101011001011001100000011001100100001
110110001110011011101000100000011100100001100111101010001010
001011001110001100111011001001101001011110001111110011000100
010010110111101111110110110111100000011110000010100001001101
011100110000111011001101000010010110111101110001001000110001
101111010100010110000000010100011111100100110001011000010010
110111110101010010010101000001110000001101101000001011000110
111110110001111001010111000001101010100010010010010101011001
010110111010001100011110101110000010111010110011001010001110
000010010000011001000010101100000100111111000011001100011100
000001101100010101111011100100111101000000000111111000000111
010111110001110010010010000110101011010110000110010100101100
101110011100101001010101111101010100110000110100000010110110
001111111001011001101011101010111000001000111101010010010010
100011100010100111110111011111011101111011100011001000001010
001011010100111001100101000010101011111010011001111000101001
001000111000110000100111111100000101001001111111001110011010
110001001011011011110101011001101101010101010100000100011011
001000101110110011100011011101000110001010000011010011111000
011111001010110011100001010000110010000010011100010101010110
001111110000101010101010110110010100100001100101101111010000
101001001101010111111101000010111100010010001100010001101001
110010110000011101001010110001100110010001110011010010011010
111001111011100111001110011011111001011011111001000100111011
110000101011101011001101100100010010110010110001101110000010
111100001111000010011110111100000110000001110111101011001010
001011000110001110001001010100110100000011001110010111010100
001101101001000001010000001101110001011101000111100010001011
110000011111010111001111110010100001111011110101000110011100
010110110011010011001000110001110011110000101110010100001011
