010010011101000011011010001111000111111011010010000011010110
101101011011001001111010100110001111111001010100001101010111
010001111010100100011000110101101111111001000011111111011011
001110101111101000100110001001110100001111010011001111111001
110000100010101111011101100111010110011011111010001000101100
111101001011111101011011110000101101011001010101010111110110
001110100110000010100110110001011110111011000011110111101100
011010000001011101000001001101110100000010111100000100111111
001011110100001010001001000100110001110011010001110001000110
000000111000100001010111110100101001111100000010111011111000
000100111010000001001101110001010111111110000100011101001000
001000111011000000111000011000100101110111001010010001010000
110010100101010011100110110010001000101000011101001100010001
101001100101011010011100100100010011100110000110101111100100
101010010010001001010001010110101010001100000000011111001001
011111101000100010101111111010100110011001011100011100010010
010100101010110001000110001101011100101010000011011111111001
110101011110110111011100000000001100100101111100010101100111
110100111010010000111101000101000111011011000000010110001101
011001010001100100100011110000000011000011101001011001011001
111000111110000000010001100001101110011000011110010010101101
011101011001000000001100100000110010000000111010101010110010
000000100011001101010010000010000000001001001101110001101001
010000100101100100010011010010001111101100011000101010101001
011100011000010110001001001110011011101001011001101111100001
001111100111110111011000010110100111100111100111100101101101
100101100100111111101101100001101010111010111110110110111101
110001111110001100010100101101001000111111111001001001001111
010110011001111110101100111000011011110111110000101110000100
101010011100110111010110000011101110110111110011101100100011
001111011100001111101111001100010100111011111111010111000100
110101111010001111110100000011001101000001101110010011011101
011111001110000101101010000001100111000110011111100111001111
111001101011111000011010010110000110101011010111010001101110
111110010011010101110101101110100011111001111110011001010001
110010001010001000011101000010010000000101001100101111010011
010101111111011010111000100001110110011000111100100100011100
011110110001010000010001010110110100010000000000110010110100
010101011100110000010111000110101000001000001000001110010111
101000101001100011111000110001100101011101101101101101011000
