100100100011100101010000010100100110110101000010111100011011
110101011011011111010110111000010110111110111111100011000101
100010001110111000100001011010111011000011111100101111010001
101111110110111000101100111001011110111110111100110011100110
111011101110010011011110000001011110111100110100110100000001
001101101011101001110111110000111010000101101111110000100101
110101001101001011110000001111000000000110100010100100011011
111010011110100000111111011100001101001111110010100101000011
100000011111001000010011110101111100111000100101010110100000
001000110001011011111000110000011001101011011100011001000011
101010010111110111100111111100000010111100111100011101110010
101110010000110000101100111101110001000110101101111000100110
010011111110110110111110001100101100001111001110001000101100
011101001011011110110001110001100011100010011001001011100000
100001101001010011001110010110010000100101100110011010011110
110010101110010110101110011101111101100010000111000111111010
011001110100010010101100011011001110100100001000111011101101
010010110000011111101000110111111100111110111111101111100001
001011010010001110110101100001010111010010100011001010000101
001111101101010000100011111001110111000100111100110100110111
010001010001011110000101010001010010011000001101110111010101
111101100011101000011110011101001001010001011011100011101000
111001111000100110011001111110011001110001010101100000001100
010011110110111000010010101101111111000101000011001000100000
101100101010100110001010001110111110010000001011011000100000
000011000000011111100110101100100011100011111001010000001001
000010011001111110011110111101001010011000000101011110101110
101011010010011110111101010111111011000010111100010100101010
111111101011101011010110111111111011101011111111101101001001
011101110001111100100100010001000010111110110010100010100000
010011010101000110001110101110000101111010010111000111110001
100101000001100011110000010110011001000010101101000011001001
110101001000000010110010011010011101111000111011101000010010
011010010010000110010101001101000110101100110110111111110011
011010111010000101000111110011000011001111010100010001000101
100111111010101111010001001011000011010110010110100000100101
110101111111011000011110110000110011100100110000100111100010
100111110001111100010010001101101110110010011000000101010000
000000011101110111110111111111010010000011011000110011001000
010100100011101110010010100110110010100011010101000010011100
