111101001010001100011001100011100111000010011110001010011111
101110000100010100001011111111001010101011111010101110010100
111100001010111101111111100001101110100011001011010000100000
000110101101000001100010011101000100100011010010001011111101
110010110100101001000101001110101111011100000010001110101011
111010101011101111100110001101010100010001111001001111101011
101011010100101011100110001010100111011000110000000111100111
010001000101101010111111000110110001111010011000100101001011
101110011001101001011000100001110110001001111101011011110001
110010100000110000101011000001001001000100111101000110010001
010010111111011111010111010100100001111111011100100000011110
111011111111101101010011100011011111010000000000001000010101
000110111110110111111110101001110001000010011011111101010011
001011111111101111000101110010110011000001001101101010101011
011100000101110000111011001111010111000111011110110000010111
100010000111010000100000111111000000000101110110010000010100
011011101100010011011101100010101010101010010110001101011111
100111100001101010000010000001111100111100000000101010100111
000001100011110100000101101010000100101010010101000010000001
101111110100001011101111010010110111101010111010100111111101
011010100110010111001011010111010011111101010001110100010000
101110010100110110100111011100101110111011100101000000101000
101110111000110011110111001001111110001101010011101110001111
011100010111111001110110101111010110101001000000100111000110
001101110011101101010001001111001100011101101011110110010011
011001111011101111100001111111010110011011101000010101001010
010010000011100100100001001011110100101110000101010010011111
011111100000101111000110011111010000100100111101110110110010
001111001101001111111110101111110101110000011100011000000101
100111010011010001000000010110011010100111010100011001110000
010001011000001000011110011101101010101100111110000101111001
110000111001001101011011010010110110001000000111101011011000
001110100110010111100011001000100110011101001111001000001100
011001000001001011111100010110000010111000100110010111010111
101110001001011101111101001000001011111100001101101001011100
110011111001111000101010110110101100001101000110111100011001
110010000010111110111010111111101100010001010100010000010100
111001010101101011010101100100110100100001011101011100001011
011111111101010111111111011111111111100110011101110100000101
111100100110010101101011010111111101011100100100111010000010
