000011010011000110111011010010010100011010010011101100010010
011100111100100101101010000110100111010000111110010010101011
111100001110111110010101011011101010101100111000101100100011
110011110010001100011000111100001010101010000100100111101000
111100111001111110000001000010011000101001011011010100101110
110111110001000111101100111010110000101111010100001100000000
111010000110000101000001110110001011000100010000011111111010
101001111110011001100101010001100001110110010100001000111000
000111101110010001000100011111010100110001110101101000111100
011000101111100111000100100011011010111011010100001111000110
100111011101000110001100101011000010000010011001100001110011
110010010000100101101101011111001100011000011000011111001011
110010010010100000011010101111010100100100011000101001111110
010101001001000010011100001100010010110110101100110001111100
100000010000110000011100010001100010011001000010110000010010
101000101110110010110110010100000101000001110001100111011111
000000101101111010111011101000110001010011100000100001000010
001100001011011101110011101010010111101011011100011111011011
000000110101100011011011101000110010101101110110011000110010
010001101100010110100111001011000011101010001011011110010011
000101001110101101111110001111101111010110001011110101000000
000101010100100000101101101101111000101101010000011011110110
100010001101111011100101010100001010110011000100110111111111
110000100110010001000110011011111001000001010010111111101111
101110100010001101010110010000111110000110111001001000010001
110010111010110101101110100010111101000001010110001111011111
101111101100110111000101110111011111000010110001100001011000
001010111100001010011000011000001000101110000101001011000001
000111001001000011110011101100100100011111111101011100101001
000100011000001110000110100101010011101111101000111011001110
111001110100111111011000110000100111110101100011110010000111
010011000000010010000110101001001110101110010000110011100001
000001110000101110001101010001111110101110110001111101110110
111111111111001110000100000010010101110000100100001110101101
011101110010010001010010111111010100110100010011110100000111
010110011101100101101000100100111111001011110110001111001010
001000001100111111101100011110001101001000101010010001110101
111101011000000100000101011100001110001001101101111000000001
011100000001001101111010011010111000001110111010001111111010
100010000011111000001010101000000011001100111001111111001111
