000111100010101101110010000000100101011101001011000111010101
111010100110110010000001000101010010101010111111111010011100
010000100010000010011000000100101000100001000100100101101101
011101001001001000110010001010111010101011110001010001001111
101001001011100101010110111010010100111111001011001100000010
110100011110110011100101110101011000000110111001010000011100
011000010000001000000101111101110101000111101100100111001001
100101001000001000101010100111100001111010111111100001011001
110001000100010111001111001000000111110001110101110000111110
001101101101010101110111110010000110100111110000111101110011
011010101100001001001111100000001001000001011101101100011100
001100000001001110110001100101001011011001010110111101100011
000110100011111100000000110010000000101000000000001000100000
010011101000000001001011000101000010111110100100110110110000
101001010000000001100001010001110100110100010101100101011110
111110000100110001101100001101010011110000010011101100110100
011011000001110000000101111100000110100111101100101001110001
010001011010000101010110011110100000100111111100001101100001
101101100001101101101111111101101000000111111111101000010100
001101110101001010110001010101101111001001011111011100011100
110100111011010101000100110111001100110111010000001111100001
101000011011000100011110011000110100111001101000110001000010
111110010011100000010011001110111110001110100111010111001111
000110001001010011011111111110000110100001011100101111100100
101000100100101101011100001100011000000001110011101110110001
111011111100100001110110011100001001000000011010101100111101
001001100001000111000011000010000011101010010000001110010100
000101000101000110101111011110110110010100001011101001010101
111110100110110111001001001101000110101100101011000000100101
010001110000000100100100100011010010101001101011001110101101
100010110011101010110111110110111111001111011110101111111000
100010001001010010101100011010000110010001001001000100100000
010101110011100011001000001001111000111111011010110111011111
000000100000000001101101011111000110111100111011000010000000
010000000100100010111011110001010101011001001100111000100110
110111111000101111101110000111111010110001110110111011111110
100011000110100100010010001111101011010001010011111010110100
111101001110111101110111000100010101000010001100011111100101
010011011111000100010110001010011110001011010001000000101101
100000101010100011110111011011110100101000011100101101011110
