110110100111000011000100010100101101100010000010101100100111
000100001000000011100001000001100101110101001100100101001111
000100111010011001001010101000111010010000001100001101001110
101000011010100011100111101010101101110001110100111010101111
110111111010010101100010001111101010010100110001011010010110
001001110000100011110111000001000101011111101010111001111110
000010110100111001101110011100111001101110000101100101001010
011100010010010100101000011101010100001111101110000000110110
110010001101001011010101010100011011111010011011101010010011
001110110011010110101111100111001010010000010001110110110001
111111100001011110011101111110111001011001000010000100110100
111001010001011001100111001101100101110101101000011011011111
111000010011101111100111011100011111010101001101010111101001
100110100101001110000100000111111100110011100100111101100101
111010101100101100000011010100111100011111011100001000000010
101010101100001010101111111001001100000111001000001010000101
100010011111101100011001100001000000010000001001100101111110
010100010001111010101000100010001001101110101001110111111100
000110010010110011011010001101111010001111100001101001100010
010010111111111001011011000101101011010011101001000010011001
001111111010100101101000110011001101011011011011011010000100
010010010111110000101101011101001101011000110101001011111001
010001110110101111001111001110000111011111011010110100100000
100011011010111111111001000111010111101110001010110110001110
011110110101000101110001111000110110011011000111101011001010
001101001111101010010010011010001110010011110000111101011101
111001000100111000001010111000001101001110010011010000000111
111111000001111111100001000101110011101110101010110011010101
001100111011100101110000111100010110101111000000010100010110
000011011101001000100110011000111101001000111001100101100000
111011010101010001010011010011110100101100101101110001101100
001011000010101000001110101101111001101010000011000000010000
001111000010001101001001010000000111011101111000100000011101
100011100111100001101011011001000011000011001011101000001001
100000011100000100011011000001110010111001000110110010110100
110110000000110000010110011101111010011100010011001110001000
000001101001000110000011101011010100101100101111011100010011
010100001100101001101111000000100101111101000010011010001110
100101101011001011111000111110101011100001110101110110000101
000110001101010110111000111110010010011011001100111000101110
