000110111101001000110100000010101011101111010100101011001011
001111010000011111110000010111100110011011010101100000000101
010010001100101110001011011010010101111001010101000010101110
101111111010110011111000111001111011110110100000110010110011
001111101010111010001101011001111100111100101011000010000010
011000011010010101111111111100011001001000111011010001001101
001010001001111110110111000001001001001000110110000000100000
111110111111000111011111011010010101000011111010010001111001
100000000011001111100001101110011100100011111100001101010110
001101110100010011000111011100010000011100011000001001010110
010001111011101010001100111100111010011010101100011011100101
010101101011011110010100000101100000101011011101000010000111
110110001100001100000001010000110011011011110100110010010010
010100100101000000000001011011111001000001011000111110011111
111101101011010100100000101001101110011011110011000011110111
110100001101011011011010101010110100001000001000011010001011
001101001100110011100111001111000000000011101110001100000110
100101110010101011000001111001110100100011010101000100111111
110011111000101110000110010111010101110101101110000000111010
111101100010110110001001001111110101001100111110111010100001
111000111111001010001000010101010010001011010110000010110100
011001110100001000111101101010111101001111110000100011000111
101101010010001111110001110000010000110111000000000011001000
101110111001100101000000000110000100101001001010001100100100
110001111011011111000110111010010111110100100010100011000101
011100010100000101101101001111100011100101001110100101111111
011110010100110010111011001110100110111010100000111001110011
100010001101100000100010100111001101101001100010010100010110
000010000101110000001111011111011111110001001010010100100010
001100110100101100111011000100101101101100100011000101100110
001001000001110101100110100010011111000111101100111100010011
001000111100110111011111001010100101100000110100011010001100
110000011100111111000010000001000100011100101010001100101111
010010111000110010001110100101100101010000000011110001011000
101010101100010111100110101001111001010101100000100110000000
101110011001011111111011100011011010000000000000100100101100
111001001101001001010101101100111111011100001010111001010000
011001100010001000110000111000001011001100010100001111111101
000100111101010101101101101110001101010000110100100011100000
110001000110110111010001011010101010111110111010101110000000
