010010111001011111111010100010001010101001001100100111011010
101100110100110100001100101100111000111101110110010111100111
100010111100100101111000100110100011100111000101101110010110
010010110101111011010100101110011011111110100001000011100000
000010101011010000010011100011110001010111111011001111111100
001011111010000000110101111000001111100110000101101001111000
001001000100010001010010000101100000011100001100001000010101
010010001111011000001001001010010011101101111010000111100000
111100100010011101111010110001011111100100001100101010000110
110111100110011110010011111011000011011001111100010010101011
111110010000110101110001111100110000011100001111100100110011
011001101101010001110000101010011010010110000010101001110100
111100011000010111001010101010111100111100010100111010000010
001011011100110100001010110101011000101111101111011111000111
111101110110110011101101001000010100111100110111101000100001
001011111001000111100000000001011001101101101110001100111101
110001111100010000001111001111000100001010000000010110000011
011111000010101110111111100010111001101101110000100110000110
111100101100110101010100011011010010011000010010111001000000
100100011111000001000101110011001111110010111110010110000101
001010100011001000010010001000110100111100010001111111100110
010100000001010110010010110000111000101110110000101100001110
100100011101000101110010011010001100001101100110101011011110
110010011100111011100110000010110111001100110110110100111000
110110000001100000010100010001111010110110011101001010001110
110110000101100110100110010111000011110111001000010110100001
010000011000001000011011101111100000110111001111101010011011
011101101001111011111101011011100111010010111001011101000001
010010111110001010010011111011001001111100001001000010100111
000000101101110101111010001111000011001000111001110111010111
001110011100001011010001001111110000100100111100010011110100
000111010111000101110110001011000010010010001000101000001010
100001101101111101001110111010100110001110000111000011111110
110100001110011110001011110101001110110100011111110011010000
000110010111100000111011111101001011111010111100110011111101
101000111101101111010000110011111011111101000000010010001010
110110011101101101010010010000011100011000100110110001001101
001100000101011000110111111101011110111111011010001010101000
100010100100010000100100110010110101001000101101000011110110
010110011100010001100101111110001010010010110011010111101110
