100111100100111101011000110101011101111110000100000011101111
101100110110001101001001001100011011000101000011010101100100
010110101101011010100111100010000011000000011100110100101010
100000010011111000000101100000111001011100100000000110110111
101001011110001010110000101100101000000011110011011010111001
110001101111111100001111101111001100010000100011001100000000
110101110010101101001011100000100011010000011101111111100111
111010101000111010001100100011111000011111011010111101010101
101111111111001000001010001110001100110111100001001110001001
111111111111100111101100011110011110001110011000100000101001
100001000001111101010100111110001010001001100110011000010011
000110111011010001110011001001011010010101001101111100111010
010011101110001101010110110010011110100110010000010010011010
101111011111001111010110011111111100110111010100111110110001
011101111011001010010010010111010010011100001110100001011101
111110001011010000011011100101010010001011101100011101101100
011001100000011110000100101001011001000011111010001100001111
100011110100010000011101101110100000000011101110001010000101
011111110011100010001100100100010111011010001001111101001011
001000010000111011001011001100010101111011011000010001010101
110000111000010100111111010100010111101101101011110100111001
001110011001110010100001010010101101100010001101101111100111
111111011010011000101110110101110001011110010010110001110111
110001000001110000101011000101011110100011101111011001000001
000011111011101000001110001011100001011101101000111101001000
001011111001101111111110011010010100011010000011001110011110
000001000000101011111000111101010010100110101101000110101110
011011100001000001001111111100111011100110111011001100111001
101101010100011111000110110100111011110010001000100100111101
001100010010010010010100110100100010001001101110011100000111
001100100111010000010111011000101000010110100010101010110001
110100111001001001101111011111101111011111111111011011011111
100111101011000101001100010101111010101111010111111100110011
101010000010011111101110010000100111010011110011100110100000
011111010001011000011011001110101011100110101100101011010011
111001010011001101000010001011010110000100001010000101011010
111011101011010001010111101111111110101101010000011100101100
110000010111010000010110101110101011110010011010111000001011
011001100000000100101101011010001101011000100111101101011001
111101000000000000010011011001111001011110011101110010100011
