010110011111101000110101011010000111010011000101001100111101
101000100010000101101111000100010010000101110110001011110100
000001111110010001010001010111000101010101000010101110101000
101100010010100011100011100100011011100101111010100100111010
001111010110111011101100001100001100011000000001111110010000
101101100000110011001101001011110100110111110101100010110111
010111001101010010001010111101100101001001110000110000000001
101001110101110000000110110110111010011111010010011110000110
011110100011011100110111011011111001001010111001100100000001
011111001110110111110100000000000101001001001001001101011000
010000010001010011000000111010000011001111100010000010011110
111101101101101000110010011001101000000101001000111011001000
101111110110110010101011011101111001001100000111110011001100
111101101110000110101011010110011110010010001101101111010100
001000010111010111011100111110010101101000101111001100111011
011100011100111001100100111111100011010110101010001010110100
010011011101110001101001100100100101101010110011010100100011
110110011110111001110101011010011011010110010110101100110110
001101011010010010111101111010000011101111010010011011000010
001101000100011011100010011010101001111011001111101110000111
000100011100100000000011011000110110101000111010101010001010
011010011111010100010001011011011000011110011011110011001010
000111000100011000101001100001100101010010000110100010110010
011100010100110110000111010001100110110011111100111001100100
010011111000000101000101010000111010011000100011000101000101
100001000111011111001010011000101101110100110101111101100101
111000110100001101001010000111010001110110110101101010111011
111111111101101011111111110110101001001010001111110001101101
010110100101001001011001110111000110010111000000100101101010
011011100010001110011011001111111001010110010000110010101001
001111110101111001101111010000101001100000111101100010010000
110101110101001111111101101100001110010111101101011001011010
100101101010000001000010000100101101011111110111100100100100
110011101011111010001110100001001111110010000000001001110100
001100001100110111101101010111000110111111011010110001011111
110110111011100111010001010100000000001000111100011000011000
001111101101000011100101111100000110100100001110101001100110
110101110100000010100111111110000111110000010011001111000110
111011110101101101001100111001100100100011101100111011100100
001000110010100100001000010101001011101000101010011101000111
