011011010000010100011110001100100011101110110011100111011101
010101010000001001101000110100001110001101000110001010100000
011101011001111110010100110011101000010010100011010101000110
011100100100011000101010101110110101111100100000000011001110
100000111110100010000000010111111110100011011001110001101101
000010111111001011001010010110000000010111101001111111111010
111100101011011010001001010001101001111100001110110110100000
001010011011110110010111111100011001110011010100101001101000
111101101111101111011000010010111001011000110111101011101111
100000110110110001100101101110010110010011100101101011001011
011010101111110001101100101010110101000011100011010011001100
010011101000011001001000111110100011000001000000011000000110
011000101001100001000000110011010001110101001001100011110000
000001101100110101010101101000010110010010110100101000001000
100101101100010111011000010011001101101100010000000000110110
011101111010010111000101110100100110110000101100001101111010
111011100010100111100010010011000001010110000011011110101111
101011010001001110100001011011111111001001011111101001111001
000001110101001111000010011111111001000000010100010001011001
100111100010101010100111001101000111101001011110100010000100
101011001000010011100001000000111001011100001000000111111000
010001010110011001010001100011101101101111111101000110000011
100101111010000000100110111110100100110010000011010001100101
000010111001000111010101011111001110010110100110010101011001
001111101101010110100110011111110101100010100010110101010001
011011101101011010001101101010000010001100110110100011101000
100101111101001000011100011101110001011010011101101110100111
011010011111100011011001000001101010111000101000111011010000
101011100110001011001001100000001111001111110111111010110000
100000100110001101100100111111101110110010110000110011011011
010010011101001101110000001101111011001001100110101110000011
001010100101000101011011011101100011101100101010011001110000
001001000011100001000110101111101101110101101000001100110010
101000101100001110111010110000110011011011111010011101011101
010101110100101110101001010010010011110001001111111001101011
001111100111110010101101110001101111101011101101111110011000
100100001101110010011100001011100111001110001001110111111100
000011100101011001100010100010010011100111001011110110000101
100000110011000001110111110010000000011101011101100010101001
101010011100110101001010111011000000100101001010001010101101
