000011101010001011000010001010100110000010100011010011101110
111011011111011111111000000101111000111110001000100110000001
010011000000010100000111101111010101101000110110110101010100
011001001111111010010001011100111000000101000011010110000101
001111000011110000100001111111110110001110101111001011101001
100101100011110100010110111101000001110110110111100011000101
001111111010110111110100001101100011001110010101000011001110
001010100100011000010001111000101100110111001110000010000010
100101011000111100010001110010111011000000101001111111110011
110111000001110101101111011111011100100010110111010001111011
101011111111110100011101101001001110000111100010110000011000
101000001011010001101010011000011011010000010111100001110011
111101111100011000111001110110001111110001001101010111011110
101111100010001011111011001110001101011010010000110101011110
111001111010100011111100100101100010101101001111110111100101
100100001111100000111110100110101110010010011101111000111000
110101001000100010101100110101111111011101101010000000100011
100010001110010111000101001110100011001001011100110011010011
110101001010100001101101110111101100110100101000001110100111
100111101011111011010010011001010101010001111000011010101000
100011111100010100000000011011101000100110100110110110111010
000001101010111000001001111000110010011100001011100000101100
010001010001110110100100100001010001110110110101010100010001
000001111111110100011100011000000010011110001110001111011011
000011101011010000010100101100101110111111101001100000100111
110000101101101101000101101110101000111101111111100100101000
110010011001000101011101010101110101001000000111010001010010
111000101011110111101101110111101010000101000010001100011010
000100000111110101101100110010110000110100110110000000000101
100111101101110010101111011000111101101011010101010010011101
010001100111011111110101110100011101110100100101011110001100
101001110111000101011000110100111111100110111000111100010101
011100110100100011101101111111110111111110100101011111111011
000010101010011010001101110011111001001110010001100001010010
010101010000011000111010011011100010001100010000011000100011
010010100011001110110000000001011001101111010100001101110111
110011011101011110010111011111001011100101110000011101110110
101101000100000110100011001110101101110110001100101000001111
011001100000111110010111110110101100101101001000110110001101
001010010000011011001010101101110101001101100001011011001011
