001011110101000110111111111011110100011011110111001110010000
011101100011010011011000010111011101011011011010110110001110
001001000100001100100110110010111111011010011111100001010110
100100011101000000100110100110010001000101101111011100101101
110111100010001111000010100100001111111000001101101101111101
000010100010101011010001110101110101010000000110100100100100
111111101011000100100010000100100010111000000001101101110000
100010001001000110000000000101000010010001000000000000111100
010101011111100100101101001110100110001001111011110001011001
000100011010010100011011011100000010111010000000111011101100
110011110101110000011111100100000011111000000011001011001101
011100100110000010001101100101000111101101110001100011011011
011011011100010111010110111110010001111110110001100000010011
001000000010111000011000001110001001000000100101000010010011
010101010000110010000110110000110000011101110100000111010000
100101101000000000111100111100110111100110101101101010011011
000111100110011110100101101110101000001011101010100101010111
110010000111110010000011110100100001001110101111011000011101
100001001111111101000011110101101100000100010111011100111100
000011000111000111000010010100000011001010110101110001001100
010111010100100100000100001111010110110000010011000000110010
000110001001001011111010011111110011101001111111110111101111
001111011100001100100100010101110000000001011001011110110111
101101111101100100011101011010000101010101100010100110011011
001010000111011101010100000000100011110111000010111000001111
001001101111010001001011001000111101100101011111100000010001
111001110101110001100111010100011111011001000101100001001000
111110101010111000110001001101010011001100100101101000010011
000010110101000010111101010110111000110101101100111000101000
010011000111111010101011111101001010101000101110000111111001
110111000110010111010000101110101100010111001011011111110111
000010001111101010101001100100100011111000001001100100011000
010010011111001110011000101110110101101011110010101010010100
010001011000111101011001011110100011101001111010101011100011
001111101101001101000001010011110011000100010010101100101100
011001010001001011010001010101110100010111000011011011100011
100011011001001100111011000101101111001011100111100011001000
110111001011100011000000011111110101101111010001011101010100
001111110001000110110010011111110110011100100110010100010101
100111110011001010000100001111011001110100111001111111011011
