011001110101111001110001100111001011000010010010100101010010
000010011010011111111111001101101000101101110101100101000110
101101110010001101100010111100100111101110110000110111110001
111101100010000000001110010110000111001000111110010011000100
101100010111000101000100110010000011110101100001010001001110
111101101111100000111000010101010111000111110110110111010100
110001100101110101010101101101000110111010111110110010010011
100000001100111110101101101000111011110000101000110100011000
000001101101000010000001110011110100001111010010100011101010
111110011111111101010100010000111100111101110001001101110110
010100010011101100110010001011010100101000011011100100000011
011011100001011010001100110010000100011101110101000110001111
101110010101111100101011000110001101000111111100110110001000
110011101100110000111000111001111111000000111010010101110010
101011011010010110111111111110111100111010111110000011010011
001001111000110011100100010101010110101101100110000100000001
011110001101101100010100100001101001011100011100011001011111
100001011110011010111011011001000100001011100111100000011000
101101111100011111111100101100001100000010100010000000000110
000001011100011100010100100101011000100010100001101011111001
110010111110101001111100111110001001011010100110001001110010
010101110000010000100101011101101011001001100111010010100111
011111011011100001111111111101010100100000001110000101111010
111010011111010011000111010011111000111110011101101010000110
110001011000000101100110000100100011110101101000000001100110
101100011110001110101000110100010001110110111110011000111100
011001010000000100011110010011101010001011101011110011010111
111001101101101011001000111011011001101111001011011111100001
111011101101111100011001111101100000110011010100010100100000
100110110011000001001010100110000010110111110000011001010000
001010111011001000110110010011000100101110001011001011011110
011110111000101010010010111010010001011110101110110000001000
100011011011011010010100100110100101100101011010010010110001
100001011110001000101101101111100000100100100001110010011001
111101111010011101000001001100101110000100100011011010001110
001011010100010111111100010010101000101111100001010100001110
000011010111111001010010010000111111011001011111001011110110
011101011111011110101100000000010111100001011010101111011110
101011010001101111011111111011000010110111010110101100110111
111010000010010110000111110010100010100110100011111000010110
