000010111011011100010010111100010100001011101111101100110110
100010010111010101101011010110100100010100110100101011101100
100101011001000111101100110100110110101011110100101110101001
011101101100100111111110001000000000101001110011110010111010
011001110111000101111011100000100101111110101000111110101011
101010110011110110111010110000010010000110001010001011100101
101110110010011110100111111001111110010110110100101010000110
111010111001100000111111001010011011011111001010001101000001
010111111000100000001110000111011111001110000011100110101110
100001111000011010010111001100110110011100001110101110001000
010110111001000110010001111111111100111111111110101001001101
010010100101001001100011010001111111011000000101100100011110
110100101000010101000101101111111010001001101111011010110010
011110110000001110001010010111010010101110110001111001101110
101010110110011011000011100000010101010001110110000101101111
101011101010001100010010010111100000100111110010011101101100
110010101001010000110001101001001110110110001010011000001010
110101110100000111111000001000100110000010110110110011110010
101100100010010011011100111101000001110100001010001011011111
110101001100001010110100010111101001111110110000111010110000
110001000110000011111001011101011111011010001001111101000000
111001011001110011001011010010011010011010111000010010101110
001011111101111110001000110100011100100011101101000110111100
000001111100110101100111111001111001011000001010110000010110
110100100100000111100000001000101111011001110001111111100110
101011011000101001110111011101111011111111010111101111001011
010110011100101001000000010111111011011000010011100111001111
001101011000110001001010010010101000101000000010011010001010
001010100101001000010010111110100010010101011101010100011100
101100110101010001010111101101101110010101100011001000010001
101011100110111010100000011101011011000111000111111101100110
110001011111001111001100011100110110101100100101001001001010
010111011001001101001101010101010110111100101111111110111100
000000110111100101111000111100011011100110101001101111111100
111101111001010001110111010011000001110001011111011001000111
101000010101011111110110110110100010001010100110011101110110
011011110000000101110010000011010101100000011110001110100000
111101011011001101100101001011011110110101101010111101011010
010001111110011010100100101001000000111011011110101010101111
111101100011101001110101111101110110000001011100111100110111
