010101111111001100010100110100101111000101111001101111000100
100110011000101001000101111011001100000101110010101101000011
010110001111011001000000111010101011001100011111111111001111
101001101011110011100100011010000100101000001011111110011111
000011101000001110011010110101111111101111110111011111100001
000011010110100000100101000111001110010111101110110111000000
010100110101110001100001100001100000110100010101100010111000
110100010100010011101110010110001000011010000011011111001010
000100101010011010110000011101100000000001000111000011000101
011111101010001100100110101101011100011000100011110000000010
101100001011110100010100110101000101000100111101110010110111
011001000101110101001111010111110000000100000111011110010000
011111010110000111011011011100110100000010101001000011101010
000100000010001000011010100010011011111010110101000001101011
100011111101110101000001100101010100010111101100101110111000
001011101101110010101001110001111110000101000000010001101001
100010010111111011111011101111100010111110111110000110000111
011100100011011001000000110111101101110101110011110010110010
111010011010110100111100111001101001000010110001010111001000
010101001000011111001001010001000110000110001100111010010101
100011011010010111000001110100000000010111011001010010011011
101101101001000011011101101100100100010011001000010010100101
101100011111101010000011111101000010000101010000001000100000
000000011010100011110110000010101101100101011111010011110110
011000000010010110100011011111001001111111111111101101000101
101010000000011000000000001000000111001000100110100000111010
100110000101000001010100010111010101111000110000111110001000
101011011111101100111011010110111101101001110001000011101100
110011100001011100111000011110111110111000011010100010010101
101000010111001001101111100101110101011111010101111010110111
010110110010100001010011100000011101111010111001111101111101
101010010111011101011111010100101001111101000101001000101011
010111111001010011100111001110101100001101000001011010110011
000101011011111110111100000101101100000001100010000110011000
111011001001111111000001101001011010101100101001101001100000
110001111001100001110111100111001010111001110110010101111010
101000001010011110000001010100101011011111101011001101110011
010100000001010111111001000100111111101011111100000110011001
111011100001001001010000000100010101000110110001011100111011
110111000001001111101000111000101110000010010010101100001111
