110010111001100101110011010001000100011011000000010011101011101101100000011010111011010011101111000111100101001110111010010111011110100001101011011010101110100010110111011101110101
111011101100010011110001110010001110010010101010000000101111100101001010101010011000010111101111011101110110110010100100000001001110011010010111110100111100101111000110000000011011
000101001010110001110000101001001011000000110000100110001111000100100001010000010100101101010100110011101001101111000000011100110010000101011110011100001000100100111001111100110010
111110010011010110100100010111000001101011011101011101010110110111111111011110110111001110101010110011000101110101101011100101001011111000100110101001011001000001101111101011011111
110000001000001000101101111001101100110110111111000011001110001101010111000111111111011101001010011100101111011001010101001011011100010010110111110111011010111100101011010001100000
101010001000111001111000011111111100101100111010111111001110101111110111110101110110011101001001001011100011000011100111100111010111100110000010011101011111001100011110001000000010
000101100101101111111000110010000111111111111110110111010101100010101011100110101111010110100010000001110010011111001011100111111001111111000000000010111001011101100101100000101110
100110001010100001010011000110100101001101110001101011111001100011001101011110100111010100010111011110010111011100011100011010010100111111000000100110001001101001000001011100010110
011001110110000010110011110010010110011111111001111100001010101011001010110101001100110110000010011110111000011101111011000000110011111000001011010100101110001110101101101101101001
010101001001100111000011111011100101101000110111010101111110100111001011000101011100100000000011001101110111000100110011101110011000011101101101001100111110110110100011100000111100
100011001011111011001010111010110000000001001000011111001011111010000111000011001110010010110111110000110101011111110101000111000001010101100101001110101111000010000100001101110111
110100110111011011010111011110011001101111100111000101111110101101011110111010000111000011111101001001001100010110110100100111110100111100110101001101010100001010010010010111111011
000100110000011101110110110100011011010100111100100011000011011110000000110100111000101011111100101001001100101000010011110000011000101111100110111100001110100000100101111110100011
000101111110111111101000111110101001100100010010111100100000011100111110111100010010111000101011111011001011100110101000100110111110110011100110010110101101011000111111011110000001
011110110111011110101100001001001100001011010011001010011101100010111000001101000011010011001001110101110111001011010001111111101001101111111010101011001000100001001001110010100011
010001100111110010101100000000110011110101001111011110000110100000100001010101001011100001011000100000110000101000011000001011011111101111000101110110010001110011111111100011100110
010000011110010111010000110111010100010010001001011011111100000011000111101011010101000110111101101000001011100110010010000011101010000001000100001010001001000000110001111001111100
001000011100110111011101010010110110110100010010111100001100010000110101111111100110111111001010111000000000100000110111011101000010010111110010010101000110001100001101110000000110
010100101100110100100110110000000101010011100010111100010011000101110000110111010011000101000111110000010100101110001101110000100010001111110111000011111000000110110110100101010011
110110100111010001100000111010110010110000001111100101010001111110100001111101000100101001000110111010001001010010011011000001001010010100111000000101001110111111010100101101110101
110100111110011010101110110101110000100011010010011000001011110110101011011001011100000100001010100101100111011010100001001111000000110001101011000100000001011111010010110001010101
100000000111000001010000001110011010111101001000010110001001000100011100010011010110000000111011110001100001111010001101111010001100101010001111111100110100001000001111100010001010
100110100011000010101100101110010100011011011010101000011110011010010111110101011011000111010010100110100100101010111011111001110000001111101010100100100011100000000000000000101001
111101001111000111111111111010011100010011011111110111100010000101001011000011001110100001111011110100011001000010010111111110001100111110100011100110101100001000000110111110101111
000011011010001101001010101001010001011001001110011000010101111101000001010110001001001110000101110111111100010101011011100011001011110011101001111010110100010111110000011001000101
001111110011111010000010001011010011010110101000100100110111110011100111111010001000101000110001010011111011000010000000110010001100000110000011100010010001110000100110000000010001
011100010010001110111100101010110010010100110110100111110010100100000000111101100110111000010110010110110001100010101011110100110101110110101101111110100101001010101001110111110110
111111011001010110010001111101000001100011110000000010001101011010100000110010001110111101110101010110000101111010100001011000100001111101010001000111001101101011101010100100010110
000000101100110001000110000101111111011100001001111011000010111110111101011000110111000001000011111011010011000101011010000111111101010011101001100010000010000111101101000101101111
101010011101111001111101011001000110000100110011110111101100001010000111011010111010100100110001001100000110001011111100100001100001101001010011000001111000001010000100100101100001
110110110101011101101101001011010101101000100011101000111011111010111110000111100000101110000010000000110101001111011001100110010101110111011110111011110111111111010100011010110011
010000011110001011011100101010110100010111111010001100000110101100111110101011011111111001001010111010000111100010010011101111000110110010100111111110100110000111011001101000011010
100111011110010001001010110001101110100001101100000111001010100001111101111010111100111010011100010010011000101010110110101101110001010000001101101011011110111010011001110101111000
010100000011000100110110100100000001000100101000100010100101001010001011001110000000011101110011111010100110101000011101001010001010010001100001010011010100010001101100000101001000
110010000010000111000000001100011101100000001111001011111011100100110110101100110001000011001010110101111110101001101100100010000110111001111010000000010000001011110010100000101010
111010111110110110000101100100000111000000101000000000001010010101100100000000100010111110001101111000110111101110001010110111000001011100100011010111110010011100011100111011110101
110100100011100110011000000111001001001011011111101101001010101110010000101110000011100011001110110110010001000001011001010101001111110101111000000001000001010110101011000011001110
111010000101110001101010101001011110001000001110001110010101111111110011000001001111110111111001000010001001010000011100100101101010000001011111100000011010010011011110000100101011
111101111011010011011111101011001001000011111100000001111011101000111110110001111101001001101110000101110100100101110011110101101010101010011001110000101001100001111110101110100111
010001111000001000000000001000011010000011100101100100001100001010010001000101101001100111001111011001101111111010110001111100100010110001011011111111001101001110001111101111011001
001011101010010000000010100110011100111111011110011111110100110000101110100101110000001011111000000100100010010010011111111111111000110110111101010001000010111101110000111101101101
101000000110011010010011011001111000001100000111111010011001111101111011010111111001101000000101011111110100101011010100000000001101000101101110100111111110011000111011011000110001
111011111000010010110101100100111011011100110010011111011110100110000001110011010100001000010000011010101000101111000101001100111000100001011011100001110011100111001110110111110000
001011111100010001111010010111001101011101110101000101010010000010001010000001100010010001000111101011001101001111101100000011110011101111110100001111000000001011101111011110011010
100010001010010100011110010000111011000010101110001000100000111100111010100010101101010001110001010111110100111001000001001111100111001101111010001011000101111000111010100100011000
101010101111011010100100110110011000011101001000011110110000011110010100100110010010010011011110111010001010010001010010000000111110010000101011000111000011001111111000010111000101
011100000000110011101010010110101001100111011000110100111000110011110001101001010111100011011111111110111001011000110001101010101101000101011101110110011011111100111000011111101100
011111111110000001101000000110000101010100110011100110101000001000011100110101001011110110100010011101111100011010010111101100010100110101001110011100101010101110000011011101110011
111001001000011100110111000011010100111110101111000001110011000111100010100000000010001010010110111111000011011010011011100111000111001100001000111110010110110111010001101110011111
000100110000110010100111011101000010101011101100000100110000101110000111100100001010001000101110101111101001000111110111011011000000011101110001111111010111101111111100111001111000
001101000010000111011010111000000101000011011011100110010100010011111110111010101101001010111110100111001011110010110111011110110110011111011001110001100011100101101011111111101111
100110111100001100000011010101011101001010111110110001101001101000010001010100000101010111010100101001001101111101111100000100000101001101011110010011001110111110111111011011001000
001011100011110100000110100001101111011011001000001111000111101000011111011100111000110110000010000100111000111011011101110100000001010001011011100001100001101010111101110100010100
011011110010110101100011101110001000000111011000100010000100001010101111011101000100101001001001001001111111100100010001000010000011110010010111101010000010000100010001101011100000
000101000101110000000111011011110011100010010001100110110010101111010100000110010100000010000110100011001001011011010100100101001001001000001000111101111101100111011110011010001010
001100010100000010010110101110101111101011001011001001011100101101001100000011001111011000111100100001110010011001101000110010010110111010011100111111001000011001010111010110010111
110011010101100100010001010001101110111000011101111110011100011011110000100101001101010100101000001100111100010100111010000011101100001111011111100100111101011010101000001101010100
100100011100100111010000101000101100111001000110001111111101100111100101000010000000101001010011010001000000011111010100100111011011101000011011111001010111001110100010011010101010
000001000011001001000000010101000000111010000011011010000001001110010011010000100011100001111110111010011110000100000000000011111010100011100010011001000001110110111010110111011000
000110100111101101010110100110110110000111101001000100010010010001001010101110101101110001010111001100001010001100001100111001010111110111101011101101010110110000010011101001110100
011000111011110011101111000000111010101100011111111100110110011010110100001100110000000011001110010100110101110010100001000111011111011100101001110101101010000001100000010101101011
101000000000000011000011000011101100100000011000000110100100010110010011110111000101100011010111111101101011011001100010101111100110100001101111110110001110000100101001010110000110
111011000110110001101101110010111010011111011001111101010111001011111101100011000010101100001110101001010111101101010100110110100101010000001111000110100100001011111000110011011100
001111101000101000111010000010100100010011101000000111011000100001010000101010001011011011001101001111011011100100100100010001011100100010010011000010000010111101001101010011101001
000101000010001111101011010000111111101000101101111000000100111101010111001110010001011101100100100001111011001100100111000100001000110111110010001010001010110101110011001011110010
011111011101000110111111110000000111001011010110101011101111111010110011010010111111000011111110111100110110111111101110100101101001100101000111111110011010111010101100010001100110
010001000111110001110000000100000100110110001000100001001001010110001001011111110111101111100010001100001110010100111100001001100100110011101000100010001111101011111001001111000100
011010110001111000000101110011100111001001000100110101011011101110001001100001110111001011111000011011000010101001010100011011001011011111001011010111101010001101111110000110000111
001111010111001001001011111101010010100000000111100000011100000000110001010011011000000110010100100100111110000100001100011110011011001001101000101000111100100011111011111000011100
110101011100101101110011110000111111001110000110000011111000101010001110000110001111011011111110000111111000010101101010100100000000100100001111011110101011011000011001001100111001
100010110110110110000110111100010101000011101100101011001001000011000101110000000110000111011001010001011110010110111110110101100111011010001100111111010101010010101011110110110011
101111000010100010110110000111000110010100001111111110111000111001101100110111010111011000010100001111010101010100010110101011111011010101111000011111100011011000110111101001111110
011101001001001110100110010010010101101011101001010000111111111001010100100011110010001100101111100001001000000010110011000100010010010101100101011110100001100000111100010001010000
010000100101001011110000001000011000000001101101011010001101100100001001011000011100110001110011111111101101111011011011010001010110111011001100100001100011011000101111110011001011
001000110100001011101111100001000011110011100101110100110110111111000110001010100000101001101011110110110111011101010101001001011011010100010101101010000010011101000000001100011101
101010101010000100111100011001101001101111101011100001000010100100001001110011101111111111000001101011101101111011100010101000100000110110110111100101100111111111011010101111000000
000110001011000010001101011001000100100111011101010111010001110101011110101011000010100110101111000000011001111011011011111101000001010011001001000001101110010000100100101111001111
011100011110011001000000100100111100001000110110110111001110100111010110000000101101110010110111010010101011001100011100001111100000101110010100100100000111000101101111001010011100
000000010100010001101010110101111011000000101101001111010111100001000110010010001001111110000001100111010000011100011011001000000011001000110011100110110110100100110101001011111011
111011010110010011110001101011101100011110011111111000111100110001101011110100110100101101010101101011011000111010111100001000101001101001001101111001100011000110111000000111000111
101100010110001010011110111101101001011011001100101000010101100000101111111101000111011011101100010001010011011100101000101000010100101010101001101110000110010010010101011001010001
000001101001000011101001101011011111000101000001110010000111101110111111101100000101100101101010011010001110010100111011110000001100000111101001011011011000110001001111010001111111
100100011010100010000111111111101101100100010001011110000111001000000011010111010011101110010101010101001100001101000101001110010110010001111111111111001000100011001110001111110101
010000001101001101010110000100011110001110101010111100111100011100110110111010100011101110001110111101011010011011001011011001010101100011001011111110001100011001111000010110001100
011001010010001011100110011000011001010000011011101000100101000101100110001011100010010111010001110000001011010111111111110001101111010001010000111010011101010010111100000111111000
010101011000011100011001011100110000011111111011111001101100101000101011011111010001110100111011001000011101111111010010101100110111100111000111011111110010010000000010001001011101
000000011001100011101100011001111100000000111100110100111011100101010100010011010111110010010111100100011111100001000010000010001010000110011110101100110001000011111100100110101000
001100110010011001110101010101101010001100111000101000010000000000000010101101001000110011010100110010000010000000000100110010001110010110001011111011000101101010010000101111100000
111110010001011001010111111111011101111001001011100101110100110000010000011101111111000111000010100100011101110000110100111000100111110100010011101100100010010100010000001011001111
100000010010101001111000111000010000100001001110010011011001011110010101010001100000100101111100001110100000111001001011011011111111110000011001110100011000100000001100011110100100
001000000110011011100001011110010110111001110000010000100011011011110111000000100111101101000100110111101101010010110000000011101011001110011101101000111000101110001010011000011001
100011101110110001011100100101011001000100101000110110111011001111101011111011111110000111110101010010011000100010110111100000100110010000011100001110101101111111100110001100110101
100000101111010000000010110000100010110011110001011101001110001101010111011010111101001001001000010100110111110000000110011010111001010001110101001110101100000001100011010001100010
001110110100010111101101001000000010101111110110001110111110110011011000100000110101001101001001100010001110001111100010011111001101100001111011110000010010010011101001110011001001
111000101000010000011101110110110110010111001001010000011101001100100100011110000001111011010100001110110111110111001100011111001100100000100010101100110000110001100000101100101000
101010000001000111111001011001001110000101011110010111110000111010101010011001110110001101100110100010001000110000000001100100000110001001110011110100100001101011001001111001101111
100001101011101110000010000101010111100001110110111101110111010110011011110000100111011100101011001101010011101101111010011010001111111000011111001010100001011110010110111000101100
101011100100110010100010110100111101000011101100110101101001111101100100001000011110101001110101001010110110010111011110011111011000010000101100100101001010110010001011000000001111
000001000000010101000111100011100001010011010101111000110101111001011000110101001111011100110011011010111100011101010011111000100100101110000010100010010010100111011100000111111100
001010010101010010011000010111110011001000000001101110011010100010101101111010001001101100110001010111101011110000110010110011110010001011110000010001101010111011001100100011111101
